frameNumber,components,mse,sizeBytes,genTime,recvTime,delay_ms,receivedOnTime,effectiveError,deadline_ms,cqi
1,55,72.4936,86180,0.026462107,0.424500000,398.037893,0,1050.257266,4.000000,13
2,55,70.007196,86180,0.049147119,0.437000000,387.852881,0,1050.257266,4.000000,13
3,55,70.402252,86180,0.069908885,0.445500000,375.591115,0,1050.257266,4.000000,13
4,55,69.006904,86180,0.090138188,0.455000000,364.861812,0,1050.257266,4.000000,13
5,55,71.209809,86180,0.109785922,0.465500000,355.714078,0,1050.257266,4.000000,13
6,55,68.036761,86180,0.129176255,0.477500000,348.323745,0,1050.257266,4.000000,13
7,55,66.804355,86180,0.147495134,0.494000000,346.504866,0,1050.257266,4.000000,13
8,55,64.646085,86180,0.169552400,0.499000000,329.447600,0,1050.257266,4.000000,13
9,55,64.609735,86180,0.188287497,0.507500000,319.212503,0,1050.257266,4.000000,13
10,55,62.705449,86180,0.210192404,0.525500000,315.307596,0,1050.257266,4.000000,13
11,55,64.238485,86180,0.230728175,0.531000000,300.271825,0,1050.257266,4.000000,13
12,55,64.095533,86180,0.250814411,0.531000000,280.185589,0,1050.257266,4.000000,13
13,55,66.229427,86180,0.270049863,0.536000000,265.950137,0,1050.257266,4.000000,13
14,55,63.273249,86180,0.288680797,0.545000000,256.319203,0,1050.257266,4.000000,13
15,55,65.399942,86180,0.308308071,0.548000000,239.691929,0,1050.257266,4.000000,13
16,55,63.165727,86180,0.327884836,0.552000000,224.115164,0,1050.257266,4.000000,13
17,55,66.708383,86180,0.346125197,0.552000000,205.874803,0,1050.257266,4.000000,13
18,55,66.157767,86180,0.366988569,0.557500000,190.511431,0,1050.257266,4.000000,13
19,55,69.174132,86180,0.388011007,0.567500000,179.488993,0,1050.257266,4.000000,13
20,55,68.594585,86180,0.406299105,0.567500000,161.200895,0,1050.257266,4.000000,13
21,55,72.800141,86180,0.427624371,0.572000000,144.375629,0,1050.257266,4.000000,13
22,55,69.014169,86180,0.447128666,0.572000000,124.871334,0,1050.257266,4.000000,13
23,55,71.596112,86180,0.466541446,0.580000000,113.458554,0,1050.257266,4.000000,13
24,55,72.655214,86180,0.486385361,0.581500000,95.114639,0,1050.257266,4.000000,13
25,55,74.463944,86180,0.505151552,0.583000000,77.848448,0,1050.257266,4.000000,13
26,55,70.540897,86180,0.525278124,0.593000000,67.721876,0,1050.257266,4.000000,13
27,55,71.542780,86180,0.548052861,0.596500000,48.447139,0,1050.257266,4.000000,13
28,55,71.502120,86180,0.570236108,0.598000000,27.763892,0,1050.257266,4.000000,13
29,55,76.804310,86180,0.589677577,1.006500000,416.822423,0,1050.257266,4.000000,13
30,55,74.260933,86180,0.608650347,1.006500000,397.849653,0,1050.257266,4.000000,13
31,55,75.043957,86180,0.628995895,1.006500000,377.504105,0,1050.257266,4.000000,13
32,55,72.706322,86180,0.647526232,1.317500000,669.973768,0,1050.257266,4.000000,14
33,55,75.926766,86180,0.667689043,1.322000000,654.310957,0,1050.257266,4.000000,14
34,55,69.782965,86180,0.686911844,1.354000000,667.088156,0,1050.257266,4.000000,14
35,55,73.103559,86180,0.707611233,1.355000000,647.388767,0,1050.257266,4.000000,14
36,55,73.260511,86180,0.728250753,1.372500000,644.249247,0,1050.257266,4.000000,14
37,55,76.939917,86180,0.747173972,1.376500000,629.326028,0,1050.257266,4.000000,14
38,55,75.213668,86180,0.765694198,1.379500000,613.805802,0,1050.257266,4.000000,14
39,55,76.183431,86180,0.784683479,1.394500000,609.816521,0,1050.257266,4.000000,14
40,55,73.411138,86180,0.804410433,1.397500000,593.089567,0,1050.257266,4.000000,14
41,55,76.088682,86180,0.825200238,1.416000000,590.799762,0,1050.257266,4.000000,14
42,55,72.746603,86180,0.844928091,1.430500000,585.571909,0,1050.257266,4.000000,14
43,55,74.538308,86180,0.863427101,1.441000000,577.572899,0,1050.257266,4.000000,14
44,55,74.887196,86180,0.881761211,1.450500000,568.738789,0,1050.257266,4.000000,14
45,55,75.237562,86180,0.902281500,1.467500000,565.218500,0,1050.257266,4.000000,14
46,55,71.588788,86180,0.921559172,1.473500000,551.940828,0,1050.257266,4.000000,14
47,55,73.983887,86180,0.940538538,1.490500000,549.961462,0,1050.257266,4.000000,14
48,55,71.877212,86180,0.959110674,1.498500000,539.389326,0,1050.257266,4.000000,14
51,55,77.307663,86180,1.017040514,1.555000000,537.959486,0,1050.257266,4.000000,14
52,55,80.661351,86180,1.035554759,1.555000000,519.445241,0,1050.257266,4.000000,14
53,55,78.253412,86180,1.055047510,1.555000000,499.952490,0,1050.257266,4.000000,14
54,55,79.233820,86180,1.073913023,1.561000000,487.086977,0,1050.257266,4.000000,14
55,55,78.006576,86180,1.093112948,1.571500000,478.387052,0,1050.257266,4.000000,14
67,55,71.696142,86180,1.328474203,1.596500000,268.025797,0,1050.257266,4.000000,14
68,55,67.512215,86180,1.346847075,1.604500000,257.652925,0,1050.257266,4.000000,14
70,55,69.025011,86180,1.385019686,2.623000000,1237.980314,0,1050.257266,4.000000,14
71,55,71.814294,86180,1.404757319,2.634000000,1229.242681,0,1050.257266,4.000000,14
72,55,67.334448,86180,1.425574204,2.649000000,1223.425796,0,1050.257266,4.000000,14
73,55,68.385372,86180,1.444156489,2.655000000,1210.843511,0,1050.257266,4.000000,14
74,55,68.891877,86180,1.463092305,2.661500000,1198.407695,0,1050.257266,4.000000,14
75,55,69.870540,86180,1.483110964,2.671500000,1188.389036,0,1050.257266,4.000000,14
76,55,67.482099,86180,1.502464309,2.679500000,1177.035691,0,1050.257266,4.000000,14
77,55,69.775507,86180,1.521911108,2.685000000,1163.088892,0,1050.257266,4.000000,14
79,55,70.450036,86180,1.563892524,2.779000000,1215.107476,0,1050.257266,4.000000,14
80,55,69.533269,86180,1.582681428,2.779000000,1196.318572,0,1050.257266,4.000000,14
81,55,70.656261,86180,1.600966701,2.779000000,1178.033299,0,1050.257266,4.000000,14
82,55,69.723863,86180,1.623344502,2.779000000,1155.655498,0,1050.257266,4.000000,14
83,55,70.721291,86180,1.645197621,2.782000000,1136.802379,0,1050.257266,4.000000,14
84,55,69.459231,86180,1.667623238,2.797000000,1129.376762,0,1050.257266,4.000000,14
85,55,72.562274,86180,1.687702743,2.803000000,1115.297257,0,1050.257266,4.000000,14
86,55,70.572214,86180,1.710265453,2.812500000,1102.234547,0,1050.257266,4.000000,13
87,55,69.725580,86180,1.729706880,3.018500000,1288.793120,0,1050.257266,4.000000,14
88,55,69.983605,86180,1.748143545,3.032500000,1284.356455,0,1050.257266,4.000000,14
89,55,69.821795,86180,1.767288917,3.055000000,1287.711083,0,1050.257266,4.000000,14
90,55,71.055288,86180,1.785784144,3.069000000,1283.215856,0,1050.257266,4.000000,14
91,55,72.362957,86180,1.805422542,3.076000000,1270.577458,0,1050.257266,4.000000,14
92,55,72.831002,86180,1.826325796,3.079500000,1253.174204,0,1050.257266,4.000000,14
93,55,75.038369,86180,1.845359824,3.085500000,1240.140176,0,1050.257266,4.000000,14
133,55,62.013249,86180,2.633613478,3.104500000,470.886522,0,1050.257266,4.000000,14
134,55,58.478996,86180,2.653048871,3.214500000,561.451129,0,1050.257266,4.000000,14
135,55,61.099874,86180,2.676479600,3.232500000,556.020400,0,1050.257266,4.000000,14
136,55,61.094563,86180,2.696974933,3.243000000,546.025067,0,1050.257266,4.000000,14
137,55,61.783287,86180,2.715870841,3.250000000,534.129159,0,1050.257266,4.000000,14
138,55,61.724889,86180,2.737403225,3.260500000,523.096775,0,1050.257266,4.000000,14
139,55,61.068450,86180,2.757811392,3.269500000,511.688608,0,1050.257266,4.000000,14
140,55,60.981007,86180,2.776564430,3.275000000,498.435570,0,1050.257266,4.000000,14
141,55,58.357879,86180,2.794888000,3.282500000,487.612000,0,1050.257266,4.000000,14
142,55,60.209652,86180,2.815678181,3.292000000,476.321819,0,1050.257266,4.000000,14
143,55,57.642620,86180,2.836848924,3.299500000,462.651076,0,1050.257266,4.000000,14
144,55,58.663193,86180,2.858370043,3.305500000,447.129957,0,1050.257266,4.000000,14
145,55,58.035624,86180,2.877962731,3.319000000,441.037269,0,1050.257266,4.000000,14
146,55,56.135710,86180,2.898628904,3.341000000,442.371096,0,1050.257266,4.000000,14
147,55,53.781907,86180,2.919338082,3.347000000,427.661918,0,1050.257266,4.000000,14
148,55,56.448437,86180,2.938381390,3.358500000,420.118610,0,1050.257266,4.000000,14
152,55,57.220315,86180,3.018436380,3.363500000,345.063620,0,1050.257266,4.000000,14
153,55,57.239594,86180,3.037331158,3.379000000,341.668842,0,1050.257266,4.000000,14
154,55,56.495807,86180,3.057254961,3.395000000,337.745039,0,1050.257266,4.000000,14
155,55,57.706785,86180,3.076240943,3.400500000,324.259057,0,1050.257266,4.000000,14
156,55,59.136532,86180,3.098454959,3.517500000,419.045041,0,1050.257266,4.000000,14
157,55,61.341906,86180,3.116860748,3.522500000,405.639252,0,1050.257266,4.000000,14
158,55,62.308827,86180,3.137305017,3.551000000,413.694983,0,1050.257266,4.000000,14
159,55,65.371855,86180,3.156112924,3.555500000,399.387076,0,1050.257266,4.000000,14
160,55,64.422786,86180,3.176449561,3.584000000,407.550439,0,1050.257266,4.000000,14
163,55,60.896905,86180,3.236485738,3.608500000,372.014262,0,1050.257266,4.000000,14
164,55,60.759788,86180,3.256760969,3.619000000,362.239031,0,1050.257266,4.000000,14
165,55,62.370686,86180,3.276080391,3.631500000,355.419609,0,1050.257266,4.000000,14
166,55,59.664410,86180,3.295257210,3.656000000,360.742790,0,1050.257266,4.000000,14
167,55,61.300846,86180,3.314955682,3.663500000,348.544318,0,1050.257266,4.000000,14
168,55,61.522238,86180,3.334035369,3.670000000,335.964631,0,1050.257266,4.000000,14
169,55,62.882105,86180,3.353327856,3.683000000,329.672144,0,1050.257266,4.000000,14
170,55,62.726504,86180,3.372179730,3.687000000,314.820270,0,1050.257266,4.000000,14
171,55,62.713653,86180,3.391367330,3.724000000,332.632670,0,1050.257266,4.000000,14
172,55,60.732893,86180,3.413577967,3.730500000,316.922033,0,1050.257266,4.000000,14
173,55,63.408457,86180,3.433163639,3.756000000,322.836361,0,1050.257266,4.000000,14
174,55,60.650616,86180,3.452096515,3.772000000,319.903485,0,1050.257266,4.000000,14
175,55,59.414369,86180,3.471272009,3.781500000,310.227991,0,1050.257266,4.000000,14
176,55,61.111597,86180,3.490905400,3.784000000,293.094600,0,1050.257266,4.000000,14
177,55,59.865078,86180,3.509490383,3.835500000,326.009617,0,1050.257266,4.000000,14
178,55,59.273597,86180,3.530218172,3.844000000,313.781828,0,1050.257266,4.000000,14
179,55,59.045906,86180,3.548894295,3.855000000,306.105705,0,1050.257266,4.000000,14
180,55,60.931479,86180,3.567635031,3.866500000,298.864969,0,1050.257266,4.000000,14
181,55,62.784020,86180,3.586745361,3.884000000,297.254639,0,1050.257266,4.000000,14
184,55,63.478015,86180,3.648327654,3.991000000,342.672346,0,1050.257266,4.000000,14
185,55,63.057418,86180,3.668647868,3.991000000,322.352132,0,1050.257266,4.000000,14
186,55,63.261193,86180,3.688438873,3.991000000,302.561127,0,1050.257266,4.000000,14
187,55,64.966875,86180,3.706843314,3.991000000,284.156686,0,1050.257266,4.000000,14
188,55,62.454799,86180,3.726582695,4.012000000,285.417305,0,1050.257266,4.000000,14
189,55,61.122760,86180,3.746274247,4.022500000,276.225753,0,1050.257266,4.000000,14
190,55,62.702949,86180,3.768293370,4.032500000,264.206630,0,1050.257266,4.000000,14
191,55,60.328908,86180,3.788476400,4.058000000,269.523600,0,1050.257266,4.000000,14
192,55,60.558357,86180,3.807649814,4.091000000,283.350186,0,1050.257266,4.000000,14
194,55,59.127256,86180,3.847674447,4.135500000,287.825553,0,1050.257266,4.000000,14
195,55,61.858975,86180,3.866420183,4.135500000,269.079817,0,1050.257266,4.000000,14
196,55,60.570301,86180,3.886021661,4.135500000,249.478339,0,1050.257266,4.000000,14
197,55,62.450603,86180,3.905139441,4.135500000,230.360559,0,1050.257266,4.000000,14
198,55,63.382830,86180,3.924693780,4.137500000,212.806220,0,1050.257266,4.000000,14
199,55,64.223625,86180,3.942973076,4.141000000,198.026924,0,1050.257266,4.000000,14
200,55,67.755038,86180,3.963089010,4.147500000,184.410990,0,1050.257266,4.000000,14
201,55,67.042367,86180,3.981584273,4.154000000,172.415727,0,1050.257266,4.000000,14
202,55,67.813872,86180,3.999828660,4.160000000,160.171340,0,1050.257266,4.000000,14
203,55,66.710182,86180,4.018256219,4.164000000,145.743781,0,1050.257266,4.000000,14
204,55,68.152290,86180,4.038816508,4.167500000,128.683492,0,1050.257266,4.000000,14
205,55,70.038115,86180,4.057446265,4.170500000,113.053735,0,1050.257266,4.000000,14
206,55,69.514608,86180,4.078118489,4.173000000,94.881511,0,1050.257266,4.000000,14
207,55,69.980993,86180,4.097558865,4.178000000,80.441135,0,1050.257266,4.000000,14
208,55,67.705764,86180,4.117072293,4.180000000,62.927707,0,1050.257266,4.000000,14
209,55,68.387743,86180,4.136716219,4.183500000,46.783781,0,1050.257266,4.000000,14
210,55,68.297335,86180,4.155476355,4.187500000,32.023645,0,1050.257266,4.000000,14
211,55,68.216565,86180,4.173851863,4.192500000,18.648137,0,1050.257266,4.000000,14
212,55,67.973422,86180,4.192587767,4.199500000,6.912233,0,1050.257266,4.000000,14
213,55,71.772198,86180,4.213471357,4.222000000,8.528643,0,1050.257266,4.000000,14
214,55,70.532848,86180,4.232227783,4.240500000,8.272217,0,1050.257266,4.000000,14
215,55,73.097651,86180,4.251247756,4.265000000,13.752244,0,1050.257266,4.000000,14
216,55,74.904772,86180,4.270016826,4.277500000,7.483174,0,1050.257266,4.000000,14
217,55,79.522829,86180,4.290127830,4.295500000,5.372170,0,1050.257266,4.000000,14
218,55,78.794056,86180,4.309920089,4.416000000,106.079911,0,1050.257266,4.000000,14
219,55,78.316338,86180,4.329664174,4.428000000,98.335826,0,1050.257266,4.000000,14
220,55,80.004696,86180,4.348264218,4.431000000,82.735782,0,1050.257266,4.000000,14
221,55,80.628887,86180,4.367659805,4.434500000,66.840195,0,1050.257266,4.000000,14
222,55,81.083784,86180,4.388337221,4.436000000,47.662779,0,1050.257266,4.000000,14
223,55,80.830319,86180,4.406585139,4.441000000,34.414861,0,1050.257266,4.000000,14
224,55,82.303370,86180,4.425025415,4.445500000,20.474585,0,1050.257266,4.000000,14
225,55,85.365803,86180,4.444726396,4.451000000,6.273604,0,1050.257266,4.000000,14
226,55,87.106837,86180,4.466573765,4.471500000,4.926235,0,1050.257266,4.000000,14
227,55,88.816327,86180,4.484834123,4.489000000,4.165877,0,1050.257266,4.000000,14
228,55,88.642514,86180,4.504152184,4.529000000,24.847816,0,1050.257266,4.000000,13
229,55,87.082096,86180,4.524684075,4.537500000,12.815925,0,1050.257266,4.000000,13
230,55,86.759146,86180,4.547924108,4.563000000,15.075892,0,1050.257266,4.000000,13
231,55,87.929423,86180,4.566649086,4.579500000,12.850914,0,1050.257266,4.000000,13
232,55,83.935779,86180,4.588651910,4.601000000,12.348090,0,1050.257266,4.000000,13
233,55,84.634338,86180,4.607319482,4.733500000,126.180518,0,1050.257266,4.000000,13
234,55,88.171922,86180,4.627279156,4.740500000,113.220844,0,1050.257266,4.000000,13
235,55,85.823993,86180,4.645739186,4.752000000,106.260814,0,1050.257266,4.000000,13
236,55,86.227551,86180,4.665462972,4.762500000,97.037028,0,1050.257266,4.000000,13
237,55,84.963779,86180,4.687450986,4.769000000,81.549014,0,1050.257266,4.000000,13
238,55,89.130324,86180,4.706074681,4.776000000,69.925319,0,1050.257266,4.000000,13
239,55,88.488470,86180,4.724489581,4.779500000,55.010419,0,1050.257266,4.000000,13
240,55,93.173506,86180,4.745474140,4.793000000,47.525860,0,1050.257266,4.000000,13
241,55,92.856298,86180,4.764750079,4.796500000,31.749921,0,1050.257266,4.000000,13
242,55,92.786581,86180,4.784455349,4.808000000,23.544651,0,1050.257266,4.000000,14
243,55,90.328583,86180,4.806080168,4.821000000,14.919832,0,1050.257266,4.000000,14
244,55,89.714884,86180,4.824547835,4.832500000,7.952165,0,1050.257266,4.000000,14
245,55,86.503801,86180,4.843944842,4.851000000,7.055158,0,1050.257266,4.000000,14
246,55,84.803029,86180,4.863365058,4.873500000,10.134942,0,1050.257266,4.000000,14
247,55,84.886203,86180,4.881954081,4.891500000,9.545919,0,1050.257266,4.000000,14
248,55,85.122590,86180,4.900892204,4.915000000,14.107796,0,1050.257266,4.000000,14
249,55,84.645018,86180,4.919702562,4.934500000,14.797438,0,1050.257266,4.000000,14
250,55,88.988299,86180,4.940098153,4.954000000,13.901847,0,1050.257266,4.000000,14
251,55,90.142695,86180,4.958456785,4.964500000,6.043215,0,1050.257266,4.000000,14
252,55,88.958808,86180,4.976685759,4.983000000,6.314241,0,1050.257266,4.000000,14
253,55,89.532145,86180,4.995352270,5.016500000,21.147730,0,1050.257266,4.000000,14
254,55,87.162135,86180,5.016796944,5.033000000,16.203056,0,1050.257266,4.000000,14
255,55,87.823065,86180,5.035414916,5.045500000,10.085084,0,1050.257266,4.000000,14
256,55,85.133181,86180,5.054756272,5.067000000,12.243728,0,1050.257266,4.000000,14
257,55,83.885491,86180,5.074662925,5.091000000,16.337075,0,1050.257266,4.000000,14
258,55,82.608435,86180,5.094470767,5.117000000,22.529233,0,1050.257266,4.000000,14
259,55,83.719353,86180,5.113033158,5.124000000,10.966842,0,1050.257266,4.000000,14
260,55,78.431222,86180,5.133127689,5.148500000,15.372311,0,1050.257266,4.000000,14
261,55,74.897306,86180,5.154266984,5.163000000,8.733016,0,1050.257266,4.000000,14
262,55,72.037171,86180,5.172578484,5.176000000,3.421516,1,72.037171,4.000000,14
263,55,73.927565,86180,5.192442948,5.201000000,8.557052,0,1050.257266,4.000000,14
264,55,70.965879,86180,5.211061552,5.228500000,17.438448,0,1050.257266,4.000000,14
265,55,69.154086,86180,5.229692983,5.241000000,11.307017,0,1050.257266,4.000000,14
266,55,72.965780,86180,5.248136884,5.268500000,20.363116,0,1050.257266,4.000000,14
267,55,69.898142,86180,5.267317577,5.284000000,16.682423,0,1050.257266,4.000000,14
268,55,70.449717,86180,5.286719726,5.292000000,5.280274,0,1050.257266,4.000000,14
269,55,69.721405,86180,5.304977329,5.328000000,23.022671,0,1050.257266,4.000000,14
270,55,71.057122,86180,5.324665018,5.337500000,12.834982,0,1050.257266,4.000000,14
271,55,72.996255,86180,5.343350583,5.351000000,7.649417,0,1050.257266,4.000000,14
272,55,70.012051,86180,5.362445174,5.374500000,12.054826,0,1050.257266,4.000000,14
273,55,71.210047,86180,5.382405964,5.388000000,5.594036,0,1050.257266,4.000000,14
274,55,72.118084,86180,5.402155566,5.420500000,18.344434,0,1050.257266,4.000000,14
275,55,74.645958,86180,5.421798761,5.435000000,13.201239,0,1050.257266,4.000000,14
276,55,73.471426,86180,5.441337548,5.445500000,4.162452,0,1050.257266,4.000000,14
277,55,77.060900,86180,5.462525174,5.475500000,12.974826,0,1050.257266,4.000000,14
278,55,80.417159,86180,5.481486719,5.488500000,7.013281,0,1050.257266,4.000000,14
279,55,80.586924,86180,5.502491166,5.510000000,7.508834,0,1050.257266,4.000000,14
280,55,79.108499,86180,5.522666606,5.535000000,12.333394,0,1050.257266,4.000000,14
281,55,80.364537,86180,5.540899517,5.552000000,11.100483,0,1050.257266,4.000000,14
282,55,84.413178,86180,5.559539725,5.578500000,18.960275,0,1050.257266,4.000000,14
283,55,86.769427,86180,5.579587138,5.590000000,10.412862,0,1050.257266,4.000000,14
284,55,83.021823,86180,5.597915518,5.618500000,20.584482,0,1050.257266,4.000000,14
285,55,84.082296,86180,5.616878493,5.629500000,12.621507,0,1050.257266,4.000000,14
286,55,84.431050,86180,5.636429120,5.647500000,11.070880,0,1050.257266,4.000000,14
287,55,86.550994,86180,5.655065561,5.666000000,10.934439,0,1050.257266,4.000000,14
288,55,85.672313,86180,5.674809785,5.701500000,26.690215,0,1050.257266,4.000000,14
289,55,82.378863,86180,5.695985498,5.707000000,11.014502,0,1050.257266,4.000000,14
290,55,82.977342,86180,5.714929960,5.731500000,16.570040,0,1050.257266,4.000000,14
291,55,78.987722,86180,5.733730180,5.747000000,13.269820,0,1050.257266,4.000000,14
292,55,78.041943,86180,5.755413637,5.764000000,8.586363,0,1050.257266,4.000000,14
293,55,78.189368,86180,5.774662156,5.787000000,12.337844,0,1050.257266,4.000000,14
294,55,79.241051,86180,5.796391774,5.826500000,30.108226,0,1050.257266,4.000000,14
295,55,77.278244,86180,5.818074802,5.830000000,11.925198,0,1050.257266,4.000000,14
296,55,78.594556,86180,5.839872259,5.847000000,7.127741,0,1050.257266,4.000000,14
297,55,80.694031,86180,5.858349274,5.863000000,4.650726,0,1050.257266,4.000000,14
298,55,78.712468,86180,5.877932464,5.882000000,4.067536,0,1050.257266,4.000000,14
299,55,81.128892,86180,5.896664453,5.900500000,3.835547,1,81.128892,4.000000,14
300,55,81.512212,86180,5.917938716,5.926500000,8.561284,0,1050.257266,4.000000,14
301,55,83.967494,86180,5.936999485,5.957000000,20.000515,0,1050.257266,4.000000,14
302,55,82.555967,86180,5.957489863,5.975000000,17.510137,0,1050.257266,4.000000,14
303,55,84.869532,86180,5.976957767,5.983000000,6.042233,0,1050.257266,4.000000,14
304,55,84.608767,86180,5.997186514,6.025000000,27.813486,0,1050.257266,4.000000,14
305,55,84.082877,86180,6.016792339,6.033500000,16.707661,0,1050.257266,4.000000,14
306,55,81.091286,86180,6.036248521,6.048000000,11.751479,0,1050.257266,4.000000,14
307,55,80.742785,86180,6.057008151,6.064500000,7.491849,0,1050.257266,4.000000,14
308,55,79.486712,86180,6.077154105,6.086000000,8.845895,0,1050.257266,4.000000,14
309,55,80.058193,86180,6.095377229,6.103000000,7.622771,0,1050.257266,4.000000,14
310,55,76.204845,86180,6.114190537,6.131500000,17.309463,0,1050.257266,4.000000,14
311,55,77.101768,86180,6.135027226,6.145000000,9.972774,0,1050.257266,4.000000,14
312,55,78.409812,86180,6.156025785,6.163000000,6.974215,0,1050.257266,4.000000,14
313,55,78.963940,86180,6.175302695,6.179000000,3.697305,1,78.963940,4.000000,14
314,55,76.731148,86180,6.195643616,6.199000000,3.356384,1,76.731148,4.000000,14
315,55,74.779741,86180,6.214149118,6.233500000,19.350882,0,1050.257266,4.000000,14
316,55,73.881409,86180,6.234199572,6.242000000,7.800428,0,1050.257266,4.000000,14
317,55,76.238854,86180,6.253392427,6.259000000,5.607573,0,1050.257266,4.000000,14
318,55,73.761748,86180,6.272203051,6.280000000,7.796949,0,1050.257266,4.000000,14
319,55,75.968167,86180,6.291446556,6.297500000,6.053444,0,1050.257266,4.000000,14
321,55,71.696907,86180,6.330363644,6.629000000,298.636356,0,1050.257266,4.000000,14
322,55,70.904133,86180,6.348853737,6.629000000,280.146263,0,1050.257266,4.000000,14
323,55,74.761369,86180,6.368512967,6.629000000,260.487033,0,1050.257266,4.000000,14
324,55,72.957464,86180,6.388872789,6.629000000,240.127211,0,1050.257266,4.000000,14
325,55,74.965765,86180,6.408754361,6.635000000,226.245639,0,1050.257266,4.000000,14
326,55,72.866563,86180,6.427145420,6.637000000,209.854580,0,1050.257266,4.000000,14
327,55,72.167211,86180,6.447675280,6.646500000,198.824720,0,1050.257266,4.000000,14
328,55,73.656765,86180,6.468385894,6.666000000,197.614106,0,1050.257266,4.000000,14
329,55,77.424040,86180,6.488178044,6.668500000,180.321956,0,1050.257266,4.000000,14
330,55,74.216668,86180,6.506650602,6.677500000,170.849398,0,1050.257266,4.000000,14
331,55,75.779596,86180,6.526154859,6.680000000,153.845141,0,1050.257266,4.000000,14
332,55,76.635369,86180,6.547348996,6.685500000,138.151004,0,1050.257266,4.000000,14
333,55,77.780627,86180,6.568380665,6.688000000,119.619335,0,1050.257266,4.000000,14
334,55,78.638993,86180,6.587698226,6.693500000,105.801774,0,1050.257266,4.000000,14
335,55,80.664536,86180,6.607996411,6.697500000,89.503589,0,1050.257266,4.000000,14
336,55,79.971979,86180,6.628418861,6.702500000,74.081139,0,1050.257266,4.000000,14
337,55,77.825465,86180,6.647005315,6.706500000,59.494685,0,1050.257266,4.000000,14
338,55,76.888018,86180,6.667525036,6.720000000,52.474964,0,1050.257266,4.000000,14
340,55,77.419166,86180,6.705451224,6.798000000,92.548776,0,1050.257266,4.000000,14
341,55,78.678696,86180,6.724457027,6.798000000,73.542973,0,1050.257266,4.000000,14
342,55,74.758883,86180,6.743768505,6.798000000,54.231495,0,1050.257266,4.000000,14
343,55,77.124436,86180,6.762301964,6.798000000,35.698036,0,1050.257266,4.000000,14
344,55,74.033789,86180,6.782937167,6.824000000,41.062833,0,1050.257266,4.000000,14
345,55,74.936395,86180,6.801253980,6.831500000,30.246020,0,1050.257266,4.000000,14
346,55,72.395339,86180,6.820811963,6.841000000,20.188037,0,1050.257266,4.000000,14
347,55,73.202897,86180,6.839386152,6.847000000,7.613848,0,1050.257266,4.000000,14
348,55,73.982636,86180,6.860314461,6.875000000,14.685539,0,1050.257266,4.000000,14
349,55,72.140708,86180,6.878939427,6.884000000,5.060573,0,1050.257266,4.000000,14
350,55,70.215873,86180,6.899029636,6.925000000,25.970364,0,1050.257266,4.000000,14
351,55,71.603030,86180,6.919190380,6.935500000,16.309620,0,1050.257266,4.000000,14
352,55,74.933213,86180,6.941898767,6.970500000,28.601233,0,1050.257266,4.000000,14
353,55,70.594591,86180,6.961516209,6.992000000,30.483791,0,1050.257266,4.000000,14
354,55,75.491214,86180,6.981427857,6.996500000,15.072143,0,1050.257266,4.000000,14
355,55,75.678786,86180,7.001518198,7.027500000,25.981802,0,1050.257266,4.000000,14
356,55,75.295329,86180,7.021154985,7.045000000,23.845015,0,1050.257266,4.000000,14
357,55,74.361637,86180,7.041114640,7.062500000,21.385360,0,1050.257266,4.000000,14
358,55,76.336314,86180,7.060997977,7.073500000,12.502023,0,1050.257266,4.000000,14
359,55,73.184909,86180,7.081979803,7.126000000,44.020197,0,1050.257266,4.000000,14
360,55,73.385526,86180,7.100836356,7.135000000,34.163644,0,1050.257266,4.000000,14
361,55,77.137029,86180,7.119797966,7.142000000,22.202034,0,1050.257266,4.000000,14
362,55,76.230207,86180,7.138547761,7.162000000,23.452239,0,1050.257266,4.000000,14
363,55,76.854570,86180,7.157546633,7.182500000,24.953367,0,1050.257266,4.000000,14
364,55,75.739901,86180,7.176771227,7.188000000,11.228773,0,1050.257266,4.000000,14
365,55,77.719914,86180,7.195577845,7.214000000,18.422155,0,1050.257266,4.000000,14
366,55,74.489140,86180,7.215470503,7.232500000,17.029497,0,1050.257266,4.000000,14
367,55,76.785619,86180,7.235543003,7.243500000,7.956997,0,1050.257266,4.000000,14
368,55,78.191040,86180,7.253949134,7.258500000,4.550866,0,1050.257266,4.000000,14
369,55,79.354769,86180,7.274669040,7.282500000,7.830960,0,1050.257266,4.000000,14
370,55,77.260103,86180,7.295630670,7.299000000,3.369330,1,77.260103,4.000000,14
371,55,76.567686,86180,7.314941003,7.326000000,11.058997,0,1050.257266,4.000000,14
372,55,75.037851,86180,7.336938093,7.351500000,14.561907,0,1050.257266,4.000000,14
373,55,76.460937,86180,7.358087219,7.366500000,8.412781,0,1050.257266,4.000000,14
374,55,73.810251,86180,7.380182298,7.393500000,13.317702,0,1050.257266,4.000000,14
377,55,72.992490,86180,7.442504045,7.528000000,85.495955,0,1050.257266,4.000000,14
378,55,72.407803,86180,7.460937625,7.528000000,67.062375,0,1050.257266,4.000000,14
379,55,72.721148,86180,7.479533752,7.528000000,48.466248,0,1050.257266,4.000000,14
380,55,69.654437,86180,7.498709189,7.528000000,29.290811,0,1050.257266,4.000000,14
381,55,70.314155,86180,7.518371572,7.536500000,18.128428,0,1050.257266,4.000000,14
382,55,65.804054,86180,7.539198093,7.560000000,20.801907,0,1050.257266,4.000000,14
383,55,66.602262,86180,7.558595227,7.567000000,8.404773,0,1050.257266,4.000000,14
384,55,64.987912,86180,7.577618551,7.596000000,18.381449,0,1050.257266,4.000000,14
385,55,67.324805,86180,7.598397852,7.625000000,26.602148,0,1050.257266,4.000000,14
386,55,65.448303,86180,7.619457009,7.634000000,14.542991,0,1050.257266,4.000000,14
387,55,64.422499,86180,7.639510195,7.654000000,14.489805,0,1050.257266,4.000000,14
388,55,65.161354,86180,7.657874100,7.678000000,20.125900,0,1050.257266,4.000000,14
389,55,68.440459,86180,7.678723828,7.692000000,13.276172,0,1050.257266,4.000000,14
390,55,67.950210,86180,7.699230988,7.725000000,25.769012,0,1050.257266,4.000000,14
391,55,68.090899,86180,7.717484867,7.738500000,21.015133,0,1050.257266,4.000000,14
392,55,68.364316,86180,7.736942685,7.746000000,9.057315,0,1050.257266,4.000000,14
393,55,67.282634,86180,7.755739427,7.763500000,7.760573,0,1050.257266,4.000000,14
394,55,66.967950,86180,7.774855283,7.782000000,7.144717,0,1050.257266,4.000000,14
395,55,66.967488,86180,7.795834958,7.804000000,8.165042,0,1050.257266,4.000000,14
396,55,65.484192,86180,7.814225830,7.892000000,77.774170,0,1050.257266,4.000000,13
397,55,68.903749,86180,7.833988474,8.031500000,197.511526,0,1050.257266,4.000000,14
398,55,66.846201,86180,7.853422626,8.051500000,198.077374,0,1050.257266,4.000000,14
399,55,68.261435,86180,7.873116846,8.062500000,189.383154,0,1050.257266,4.000000,14
400,55,68.438214,86180,7.892014410,8.067000000,174.985590,0,1050.257266,4.000000,14
401,55,68.915174,86180,7.911146136,8.086500000,175.353864,0,1050.257266,4.000000,14
402,55,66.617771,86180,7.929502282,8.102000000,172.497718,0,1050.257266,4.000000,14
403,55,64.977609,86180,7.948924351,8.125500000,176.575649,0,1050.257266,4.000000,14
404,55,62.930363,86180,7.967798607,8.127000000,159.201393,0,1050.257266,4.000000,14
405,55,65.141531,86180,7.986283853,8.140500000,154.216147,0,1050.257266,4.000000,14
406,55,64.041977,86180,8.005356503,8.154000000,148.643497,0,1050.257266,4.000000,14
407,55,62.951912,86180,8.024237869,8.165000000,140.762131,0,1050.257266,4.000000,14
408,55,62.354993,86180,8.043253374,8.169000000,125.746626,0,1050.257266,4.000000,14
409,55,63.844320,86180,8.062167133,8.189500000,127.332867,0,1050.257266,4.000000,14
410,55,63.324355,86180,8.081175298,8.193500000,112.324702,0,1050.257266,4.000000,14
411,55,61.477713,86180,8.101035536,8.212500000,111.464464,0,1050.257266,4.000000,14
413,55,64.484218,86180,8.140557091,8.322500000,181.942909,0,1050.257266,4.000000,14
414,55,66.117553,86180,8.159461290,8.322500000,163.038710,0,1050.257266,4.000000,14
415,55,66.947609,86180,8.177852361,8.322500000,144.647639,0,1050.257266,4.000000,14
416,55,63.176327,86180,8.197648537,8.322500000,124.851463,0,1050.257266,4.000000,14
417,55,64.852523,86180,8.216145444,8.322500000,106.354556,0,1050.257266,4.000000,14
418,55,63.425886,86180,8.239296588,8.326500000,87.203412,0,1050.257266,4.000000,14
419,55,62.175308,86180,8.259589119,8.334500000,74.910881,0,1050.257266,4.000000,14
420,55,62.546826,86180,8.278234372,8.349500000,71.265628,0,1050.257266,4.000000,14
421,55,64.958623,86180,8.297224347,8.377000000,79.775653,0,1050.257266,4.000000,14
422,55,64.967076,86180,8.317708167,8.383000000,65.291833,0,1050.257266,4.000000,14
423,55,64.465464,86180,8.337539576,8.389000000,51.460424,0,1050.257266,4.000000,14
424,55,64.721753,86180,8.357568501,8.390000000,32.431499,0,1050.257266,4.000000,14
425,55,64.721180,86180,8.379996957,8.400500000,20.503043,0,1050.257266,4.000000,14
427,55,63.866982,86180,8.418149852,8.511000000,92.850148,0,1050.257266,4.000000,14
428,55,65.445424,86180,8.438668982,8.511000000,72.331018,0,1050.257266,4.000000,14
429,55,69.075602,86180,8.457779237,8.511000000,53.220763,0,1050.257266,4.000000,14
430,55,67.991277,86180,8.477831670,8.511000000,33.168330,0,1050.257266,4.000000,14
431,55,67.640382,86180,8.498967174,8.512500000,13.532826,0,1050.257266,4.000000,14
432,55,68.993364,86180,8.518709349,8.534500000,15.790651,0,1050.257266,4.000000,14
433,55,68.841439,86180,8.537773267,8.557000000,19.226733,0,1050.257266,4.000000,14
434,55,66.080892,86180,8.557093451,8.566000000,8.906549,0,1050.257266,4.000000,14
435,55,67.627077,86180,8.579155768,8.594500000,15.344232,0,1050.257266,4.000000,14
437,55,65.591214,86180,8.617502814,8.807500000,189.997186,0,1050.257266,4.000000,12
438,55,65.411599,86180,8.636881414,8.807500000,170.618586,0,1050.257266,4.000000,12
442,55,71.828529,86180,8.715398042,8.910500000,195.101958,0,1050.257266,4.000000,10
451,55,77.420962,86180,8.896837633,8.983500000,86.662367,0,1050.257266,4.000000,10
455,55,78.206123,86180,8.977037772,9.021000000,43.962228,0,1050.257266,4.000000,13
456,55,75.436177,86180,8.996571260,9.021000000,24.428740,0,1050.257266,4.000000,13
458,55,73.631923,86180,9.035265026,9.122500000,87.234974,0,1050.257266,4.000000,13
459,55,73.647532,86180,9.054244560,9.122500000,68.255440,0,1050.257266,4.000000,13
460,55,70.427520,86180,9.072543263,9.122500000,49.956737,0,1050.257266,4.000000,13
461,55,70.964636,86180,9.092779858,9.122500000,29.720142,0,1050.257266,4.000000,13
463,55,72.549183,86180,9.132124896,9.195000000,62.875104,0,1050.257266,4.000000,13
464,55,73.783664,86180,9.150747776,9.195000000,44.252224,0,1050.257266,4.000000,13
465,55,74.780053,86180,9.169613234,9.195000000,25.386766,0,1050.257266,4.000000,13
466,55,74.988473,86180,9.188307814,9.195500000,7.192186,0,1050.257266,4.000000,13
468,55,77.896552,86180,9.230115765,9.321000000,90.884235,0,1050.257266,4.000000,14
469,55,78.911578,86180,9.252181250,9.321000000,68.818750,0,1050.257266,4.000000,14
470,55,80.352927,86180,9.272275523,9.321000000,48.724477,0,1050.257266,4.000000,14
471,55,83.947661,86180,9.291082444,9.321000000,29.917556,0,1050.257266,4.000000,14
472,55,83.319042,86180,9.311863464,9.323000000,11.136536,0,1050.257266,4.000000,14
473,55,84.805226,86180,9.330826626,9.334500000,3.673374,1,84.805226,4.000000,14
474,55,86.403347,86180,9.350625306,9.354000000,3.374694,1,86.403347,4.000000,14
475,55,88.834025,86180,9.370588204,9.374000000,3.411796,1,88.834025,4.000000,14
476,55,84.095783,86180,9.389566832,9.394000000,4.433168,0,1050.257266,4.000000,14
478,55,87.851507,86180,9.431485684,9.509500000,78.014316,0,1050.257266,4.000000,14
479,55,88.891757,86180,9.450059721,9.509500000,59.440279,0,1050.257266,4.000000,14
480,55,86.834735,86180,9.468547976,9.509500000,40.952024,0,1050.257266,4.000000,14
481,55,85.477077,86180,9.486910527,9.509500000,22.589473,0,1050.257266,4.000000,14
483,55,89.533955,86180,9.527728644,9.607000000,79.271356,0,1050.257266,4.000000,14
484,55,85.282104,86180,9.546247785,9.607000000,60.752215,0,1050.257266,4.000000,14
485,55,84.529556,86180,9.565753311,9.607000000,41.246689,0,1050.257266,4.000000,14
486,55,83.313472,86180,9.586237695,9.607000000,20.762305,0,1050.257266,4.000000,14
487,55,86.602610,86180,9.604794311,9.613000000,8.205689,0,1050.257266,4.000000,14
488,55,83.224098,86180,9.624389237,9.630000000,5.610763,0,1050.257266,4.000000,14
489,55,84.916308,86180,9.643220658,9.646500000,3.279342,1,84.916308,4.000000,14
490,55,83.946206,86180,9.663980946,9.672500000,8.519054,0,1050.257266,4.000000,14
491,55,87.071790,86180,9.683322082,9.686500000,3.177918,1,87.071790,4.000000,14
492,55,86.487565,86180,9.704731273,9.711000000,6.268727,0,1050.257266,4.000000,14
493,55,88.380900,86180,9.724749738,9.728500000,3.750262,1,88.380900,4.000000,14
494,55,88.023360,86180,9.745258627,9.751000000,5.741373,0,1050.257266,4.000000,14
495,55,89.039503,86180,9.763957971,9.773000000,9.042029,0,1050.257266,4.000000,14
496,55,87.124252,86180,9.782674420,9.787000000,4.325580,0,1050.257266,4.000000,14
497,55,88.264404,86180,9.800998985,9.807500000,6.501015,0,1050.257266,4.000000,14
498,55,89.401861,86180,9.819422538,9.832000000,12.577462,0,1050.257266,4.000000,13
499,55,90.824176,86180,9.840108513,9.848500000,8.391487,0,1050.257266,4.000000,13
500,55,85.996565,86180,9.859266874,9.865500000,6.233126,0,1050.257266,4.000000,13
501,55,87.276881,86180,9.878096680,9.881500000,3.403320,1,87.276881,4.000000,13
502,55,88.090412,86180,9.897317345,9.908500000,11.182655,0,1050.257266,4.000000,13
503,55,88.505391,86180,9.918214635,9.925000000,6.785365,0,1050.257266,4.000000,13
504,55,86.837054,86180,9.937421876,9.943000000,5.578124,0,1050.257266,4.000000,13
505,55,88.481298,86180,9.957667896,9.962500000,4.832104,0,1050.257266,4.000000,13
506,55,85.508498,86180,9.977627976,9.981000000,3.372024,1,85.508498,4.000000,13
507,55,86.926972,86180,9.998713221,10.003000000,4.286779,0,1050.257266,4.000000,13
508,55,83.358334,86180,10.018292042,10.024500000,6.207958,0,1050.257266,4.000000,14
509,55,87.275308,86180,10.036927395,10.040500000,3.572605,1,87.275308,4.000000,14
510,55,86.537661,86180,10.057168413,10.062000000,4.831587,0,1050.257266,4.000000,14
511,55,89.255123,86180,10.076140065,10.081500000,5.359935,0,1050.257266,4.000000,14
512,55,86.950592,86180,10.095226583,10.098500000,3.273417,1,86.950592,4.000000,14
513,55,87.889510,86180,10.116562285,10.125500000,8.937715,0,1050.257266,4.000000,14
514,55,86.323520,86180,10.135651176,10.140000000,4.348824,0,1050.257266,4.000000,14
515,55,86.762637,86180,10.155253312,10.158500000,3.246688,1,86.762637,4.000000,14
516,55,86.740753,86180,10.174503424,10.178000000,3.496576,1,86.740753,4.000000,14
517,55,87.399533,86180,10.193033980,10.197000000,3.966020,1,87.399533,4.000000,14
519,55,84.344599,86180,10.231317056,10.308000000,76.682944,0,1050.257266,4.000000,14
520,55,80.917533,86180,10.249543745,10.308000000,58.456255,0,1050.257266,4.000000,14
521,55,80.294540,86180,10.267770735,10.308000000,40.229265,0,1050.257266,4.000000,14
522,55,81.997141,86180,10.286633403,10.308000000,21.366597,0,1050.257266,4.000000,14
523,55,85.548061,86180,10.305906422,10.312000000,6.093578,0,1050.257266,4.000000,14
524,55,85.310751,86180,10.324391419,10.330500000,6.108581,0,1050.257266,4.000000,14
525,55,85.934690,86180,10.342993543,10.349000000,6.006457,0,1050.257266,4.000000,14
526,55,85.773137,86180,10.361380095,10.364500000,3.119905,1,85.773137,4.000000,14
527,55,89.007488,86180,10.379859174,10.384000000,4.140826,0,1050.257266,4.000000,14
528,55,88.821334,86180,10.399925836,10.404000000,4.074164,0,1050.257266,4.000000,14
529,55,91.161610,86180,10.419431979,10.433000000,13.568021,0,1050.257266,4.000000,13
530,55,90.765111,86180,10.439314297,10.443000000,3.685703,1,90.765111,4.000000,13
531,55,92.551948,86180,10.457681219,10.462000000,4.318781,0,1050.257266,4.000000,13
532,55,90.037867,86180,10.479080665,10.485000000,5.919335,0,1050.257266,4.000000,13
533,55,93.456506,86180,10.498207689,10.502000000,3.792311,1,93.456506,4.000000,13
535,55,92.972784,86180,10.536288604,10.600500000,64.211396,0,1050.257266,4.000000,13
536,55,90.144447,86180,10.557032762,10.600500000,43.467238,0,1050.257266,4.000000,13
539,55,87.369425,86180,10.618558624,10.680000000,61.441376,0,1050.257266,4.000000,13
540,55,90.091669,86180,10.637899943,10.680000000,42.100057,0,1050.257266,4.000000,13
541,55,90.497557,86180,10.656789281,10.680000000,23.210719,0,1050.257266,4.000000,13
542,55,84.887526,86180,10.676381882,10.682500000,6.118118,0,1050.257266,4.000000,13
543,55,86.943442,86180,10.697436199,10.701500000,4.063801,0,1050.257266,4.000000,13
544,55,85.053458,86180,10.718213294,10.725000000,6.786706,0,1050.257266,4.000000,13
545,55,85.594378,86180,10.741325851,10.753000000,11.674149,0,1050.257266,4.000000,13
546,55,81.136890,86180,10.760388085,10.765000000,4.611915,0,1050.257266,4.000000,13
547,55,83.427213,86180,10.779101296,10.787500000,8.398704,0,1050.257266,4.000000,13
548,55,79.075848,86180,10.798819277,10.804500000,5.680723,0,1050.257266,4.000000,13
549,55,82.597923,86180,10.817109537,10.824000000,6.890463,0,1050.257266,4.000000,14
550,55,80.578304,86180,10.838523263,10.845000000,6.476737,0,1050.257266,4.000000,14
551,55,78.817521,86180,10.858172809,10.861500000,3.327191,1,78.817521,4.000000,14
552,55,77.807822,86180,10.878087927,10.881500000,3.412073,1,77.807822,4.000000,14
553,55,78.670437,86180,10.896645808,10.902500000,5.854192,0,1050.257266,4.000000,14
554,55,73.833470,86180,10.915001869,10.925500000,10.498131,0,1050.257266,4.000000,14
555,55,75.580267,86180,10.934016984,10.937500000,3.483016,1,75.580267,4.000000,14
556,55,75.892185,86180,10.956502939,10.960000000,3.497061,1,75.892185,4.000000,14
557,55,79.863252,86180,10.976313974,10.980500000,4.186026,0,1050.257266,4.000000,14
558,55,78.479294,86180,10.995450777,11.000000000,4.549223,0,1050.257266,4.000000,14
559,55,79.765001,86180,11.013937149,11.020000000,6.062851,0,1050.257266,4.000000,14
560,55,76.411392,86180,11.033990259,11.041500000,7.509741,0,1050.257266,4.000000,13
561,55,78.737254,86180,11.052502316,11.062000000,9.497684,0,1050.257266,4.000000,13
562,55,77.967358,86180,11.071818305,11.080500000,8.681695,0,1050.257266,4.000000,13
563,55,78.956690,86180,11.092473710,11.099500000,7.026290,0,1050.257266,4.000000,13
564,55,82.059418,86180,11.111802878,11.125000000,13.197122,0,1050.257266,4.000000,13
565,55,80.224427,86180,11.132804054,11.141500000,8.695946,0,1050.257266,4.000000,13
566,55,78.935641,86180,11.157161388,11.163500000,6.338612,0,1050.257266,4.000000,13
567,55,79.186699,86180,11.176616669,11.182500000,5.883331,0,1050.257266,4.000000,13
568,55,76.293292,86180,11.195283527,11.203500000,8.216473,0,1050.257266,4.000000,13
569,55,77.172356,86180,11.213774142,11.227500000,13.725858,0,1050.257266,4.000000,14
570,55,77.077730,86180,11.232515751,11.237000000,4.484249,0,1050.257266,4.000000,14
571,55,77.779612,86180,11.251352183,11.256000000,4.647817,0,1050.257266,4.000000,14
572,55,74.915571,86180,11.273530426,11.280500000,6.969574,0,1050.257266,4.000000,14
573,55,76.574189,86180,11.293793761,11.300000000,6.206239,0,1050.257266,4.000000,14
574,55,76.836277,86180,11.314549291,11.323000000,8.450709,0,1050.257266,4.000000,14
575,55,79.481303,86180,11.333819577,11.340000000,6.180423,0,1050.257266,4.000000,14
576,55,75.339831,86180,11.354065349,11.357500000,3.434651,1,75.339831,4.000000,14
577,55,72.846978,86180,11.374196067,11.377500000,3.303933,1,72.846978,4.000000,14
578,55,71.965348,86180,11.392605280,11.398500000,5.894720,0,1050.257266,4.000000,14
579,55,75.076313,86180,11.411546729,11.421000000,9.453271,0,1050.257266,4.000000,14
580,55,72.369732,86180,11.430123780,11.433500000,3.376220,1,72.369732,4.000000,14
581,55,69.220646,86180,11.449378145,11.453500000,4.121855,0,1050.257266,4.000000,14
582,55,68.557941,86180,11.470522398,11.475000000,4.477602,0,1050.257266,4.000000,14
583,55,73.630741,86180,11.488826541,11.492500000,3.673459,1,73.630741,4.000000,14
584,55,70.036704,86180,11.507759973,11.516500000,8.740027,0,1050.257266,4.000000,14
585,55,72.791416,86180,11.528914246,11.532000000,3.085754,1,72.791416,4.000000,14
586,55,69.214078,86180,11.548389253,11.552000000,3.610747,1,69.214078,4.000000,14
587,55,73.783406,86180,11.567464036,11.571500000,4.035964,0,1050.257266,4.000000,14
588,55,70.380626,86180,11.587736930,11.591000000,3.263070,1,70.380626,4.000000,14
589,55,71.833252,86180,11.609106053,11.619000000,9.893947,0,1050.257266,4.000000,14
590,55,71.261088,86180,11.628239500,11.631500000,3.260500,1,71.261088,4.000000,14
591,55,73.884936,86180,11.648599473,11.654000000,5.400527,0,1050.257266,4.000000,14
592,55,69.415685,86180,11.667898737,11.671000000,3.101263,1,69.415685,4.000000,14
593,55,67.810898,86180,11.688561698,11.692000000,3.438302,1,67.810898,4.000000,14
594,55,64.393390,86180,11.709378806,11.716500000,7.121194,0,1050.257266,4.000000,14
595,55,66.452231,86180,11.729110321,11.732500000,3.389679,1,66.452231,4.000000,14
596,55,61.964777,86180,11.749442981,11.753500000,4.057019,0,1050.257266,4.000000,14
597,55,64.131270,86180,11.768269867,11.771500000,3.230133,1,64.131270,4.000000,14
598,55,61.902183,86180,11.786505232,11.790500000,3.994768,1,61.902183,4.000000,14
599,55,65.097600,86180,11.806483828,11.811000000,4.516172,0,1050.257266,4.000000,14
600,55,64.467285,86180,11.825188511,11.831000000,5.811489,0,1050.257266,4.000000,14
601,55,66.501034,86180,11.844638136,11.851000000,6.361864,0,1050.257266,4.000000,14
602,55,66.103490,86180,11.865921975,11.869000000,3.078025,1,66.103490,4.000000,14
603,55,67.126111,86180,11.884684562,11.888000000,3.315438,1,67.126111,4.000000,14
604,55,64.465257,86180,11.903246217,11.907000000,3.753783,1,64.465257,4.000000,14
605,55,64.460002,86180,11.921810352,11.927500000,5.689648,0,1050.257266,4.000000,14
606,55,62.454227,86180,11.940180665,11.944000000,3.819335,1,62.454227,4.000000,14
607,55,61.772132,86180,11.960607662,11.965000000,4.392338,0,1050.257266,4.000000,14
608,55,58.160608,86180,11.980253403,11.983500000,3.246597,1,58.160608,4.000000,14
609,55,58.757834,86180,11.998739137,12.002000000,3.260863,1,58.757834,4.000000,14
611,55,54.864299,86180,12.037268731,12.121500000,84.231269,0,1050.257266,4.000000,14
612,55,54.031617,86180,12.056140208,12.121500000,65.359792,0,1050.257266,4.000000,14
613,55,53.017297,86180,12.076979422,12.121500000,44.520578,0,1050.257266,4.000000,14
614,55,54.385264,86180,12.097061329,12.121500000,24.438671,0,1050.257266,4.000000,14
616,55,52.361360,86180,12.135541883,12.225000000,89.458117,0,1050.257266,4.000000,14
617,55,53.994853,86180,12.157171843,12.225000000,67.828157,0,1050.257266,4.000000,14
618,55,53.645150,86180,12.178400137,12.225000000,46.599863,0,1050.257266,4.000000,14
619,55,55.234052,86180,12.199588013,12.225000000,25.411987,0,1050.257266,4.000000,14
620,55,54.785659,86180,12.219128286,12.227500000,8.371714,0,1050.257266,4.000000,14
621,55,59.395044,86180,12.238443927,12.241500000,3.056073,1,59.395044,4.000000,14
622,55,55.754863,86180,12.257491191,12.261500000,4.008809,0,1050.257266,4.000000,14
623,55,55.613626,86180,12.280812270,12.284000000,3.187730,1,55.613626,4.000000,14
624,55,55.359743,86180,12.299240818,12.303500000,4.259182,0,1050.257266,4.000000,14
625,55,58.784141,86180,12.320499155,12.324000000,3.500845,1,58.784141,4.000000,14
626,55,58.134208,86180,12.340591010,12.344000000,3.408990,1,58.134208,4.000000,14
627,55,59.000039,86180,12.361203076,12.365500000,4.296924,0,1050.257266,4.000000,14
628,55,59.047304,86180,12.380409061,12.383500000,3.090939,1,59.047304,4.000000,14
629,55,61.753211,86180,12.398844498,12.402000000,3.155502,1,61.753211,4.000000,14
630,55,63.492361,86180,12.419683810,12.424000000,4.316190,0,1050.257266,4.000000,14
631,55,66.948679,86180,12.442731472,12.446000000,3.268528,1,66.948679,4.000000,14
632,55,66.305119,86180,12.461236813,12.466000000,4.763187,0,1050.257266,4.000000,14
633,55,66.008879,86180,12.479567826,12.483000000,3.432174,1,66.008879,4.000000,14
634,55,65.788082,86180,12.498778986,12.502000000,3.221014,1,65.788082,4.000000,14
635,55,68.145073,86180,12.519914199,12.525500000,5.585801,0,1050.257266,4.000000,14
636,55,63.855921,86180,12.540842650,12.544000000,3.157350,1,63.855921,4.000000,14
637,55,62.087033,86180,12.560873261,12.565000000,4.126739,0,1050.257266,4.000000,14
638,55,60.291133,86180,12.579501863,12.583000000,3.498137,1,60.291133,4.000000,14
639,55,60.584705,86180,12.600294111,12.607000000,6.705889,0,1050.257266,4.000000,14
640,55,56.047901,86180,12.620195045,12.625500000,5.304955,0,1050.257266,4.000000,14
641,55,57.255909,86180,12.640137483,12.643500000,3.362517,1,57.255909,4.000000,14
642,55,55.841967,86180,12.660027390,12.664000000,3.972610,1,55.841967,4.000000,14
643,55,56.418337,86180,12.680647850,12.684000000,3.352150,1,56.418337,4.000000,14
644,55,53.796621,86180,12.699879817,12.703000000,3.120183,1,53.796621,4.000000,14
645,55,52.940242,86180,12.721695006,12.727500000,5.804994,0,1050.257266,4.000000,14
646,55,53.420318,86180,12.741156851,12.745500000,4.343149,0,1050.257266,4.000000,14
647,55,56.052764,86180,12.763200089,12.766500000,3.299911,1,56.052764,4.000000,14
648,55,55.937111,86180,12.782319907,12.786500000,4.180093,0,1050.257266,4.000000,14
649,55,57.643394,86180,12.803192588,12.807500000,4.307412,0,1050.257266,4.000000,14
650,55,59.858947,86180,12.822026373,12.917000000,94.973627,0,1050.257266,4.000000,14
651,55,65.821396,86180,12.841148523,12.917000000,75.851477,0,1050.257266,4.000000,14
652,55,65.057818,86180,12.861472427,12.917000000,55.527573,0,1050.257266,4.000000,14
653,55,70.271596,86180,12.880643005,12.917000000,36.356995,0,1050.257266,4.000000,14
654,55,69.902874,86180,12.899838559,12.917000000,17.161441,0,1050.257266,4.000000,14
655,55,73.692420,86180,12.920022423,12.923500000,3.477577,1,73.692420,4.000000,15
656,55,73.975591,86180,12.940382500,12.943500000,3.117500,1,73.975591,4.000000,15
657,55,75.936526,86180,12.960003692,12.963500000,3.496308,1,75.936526,4.000000,15
658,55,80.193900,86180,12.978621816,12.982000000,3.378184,1,80.193900,4.000000,15
659,55,76.187163,86180,12.997149356,13.000500000,3.350644,1,76.187163,4.000000,15
660,55,76.144254,86180,13.016018267,13.019500000,3.481733,1,76.144254,4.000000,14
661,55,76.713883,86180,13.036652962,13.040000000,3.347038,1,76.713883,4.000000,15
662,55,80.353380,86180,13.054922070,13.058000000,3.077930,1,80.353380,4.000000,15
663,55,77.040493,86180,13.075094469,13.078500000,3.405531,1,77.040493,4.000000,15
664,55,78.010461,86180,13.095486858,13.099000000,3.513142,1,78.010461,4.000000,15
665,55,76.040169,86180,13.114723279,13.118000000,3.276721,1,76.040169,4.000000,15
666,55,77.064423,86180,13.133277124,13.136500000,3.222876,1,77.064423,4.000000,14
667,55,75.013454,86180,13.154724741,13.158000000,3.275259,1,75.013454,4.000000,14
668,55,76.397862,86180,13.174815763,13.178500000,3.684237,1,76.397862,4.000000,14
669,55,77.561966,86180,13.194156341,13.199500000,5.343659,0,1050.257266,4.000000,14
670,55,80.683894,86180,13.215095051,13.222000000,6.904949,0,1050.257266,4.000000,14
671,55,78.464083,86180,13.238550955,13.242500000,3.949045,1,78.464083,4.000000,14
672,55,79.219435,86180,13.257158056,13.260500000,3.341944,1,79.219435,4.000000,14
673,55,81.055291,86180,13.278200043,13.281500000,3.299957,1,81.055291,4.000000,14
674,55,82.697589,86180,13.301362390,13.304500000,3.137610,1,82.697589,4.000000,14
675,55,82.188041,86180,13.320732227,13.326000000,5.267773,0,1050.257266,4.000000,14
676,55,83.723889,86180,13.343395172,13.347500000,4.104828,0,1050.257266,4.000000,14
677,55,88.562586,86180,13.363277463,13.366500000,3.222537,1,88.562586,4.000000,14
678,55,88.646925,86180,13.381507554,13.385000000,3.492446,1,88.646925,4.000000,14
679,55,89.515540,86180,13.401315733,13.404500000,3.184267,1,89.515540,4.000000,14
680,55,86.663859,86180,13.420194163,13.426000000,5.805837,0,1050.257266,4.000000,14
681,55,88.185317,86180,13.438507925,13.442000000,3.492075,1,88.185317,4.000000,14
682,55,85.851654,86180,13.459788323,13.465000000,5.211677,0,1050.257266,4.000000,14
683,55,85.266006,86180,13.478238862,13.481500000,3.261138,1,85.266006,4.000000,14
684,55,83.522048,86180,13.496679627,13.500000000,3.320373,1,83.522048,4.000000,14
685,55,83.725185,86180,13.515546841,13.521000000,5.453159,0,1050.257266,4.000000,14
686,55,78.840326,86180,13.534465041,13.537500000,3.034959,1,78.840326,4.000000,14
687,55,75.694164,86180,13.553281189,13.556500000,3.218811,1,75.694164,4.000000,14
688,55,76.671029,86180,13.572342486,13.575500000,3.157514,1,76.671029,4.000000,14
689,55,71.426235,86180,13.590999260,13.594500000,3.500740,1,71.426235,4.000000,14
690,55,73.248904,86180,13.610399568,13.617500000,7.100432,0,1050.257266,4.000000,14
691,55,73.676067,86180,13.632401885,13.636500000,4.098115,0,1050.257266,4.000000,14
692,55,74.510230,86180,13.651475474,13.654500000,3.024526,1,74.510230,4.000000,14
693,55,72.840960,86180,13.669716959,13.674000000,4.283041,0,1050.257266,4.000000,14
694,55,74.464585,86180,13.690599349,13.694500000,3.900651,1,74.464585,4.000000,14
695,55,74.926632,86180,13.710900482,13.715000000,4.099518,0,1050.257266,4.000000,14
696,55,76.300392,86180,13.729197251,13.732500000,3.302749,1,76.300392,4.000000,14
697,55,72.418880,86180,13.749008009,13.752500000,3.491991,1,72.418880,4.000000,14
698,55,73.060357,86180,13.768030132,13.772000000,3.969868,1,73.060357,4.000000,14
699,55,73.176067,86180,13.790888561,13.794000000,3.111439,1,73.176067,4.000000,14
700,55,77.741148,86180,13.810608524,13.814500000,3.891476,1,77.741148,4.000000,14
701,55,78.960577,86180,13.829570260,13.833500000,3.929740,1,78.960577,4.000000,14
702,55,81.621643,86180,13.849264788,13.852500000,3.235212,1,81.621643,4.000000,14
703,55,81.571670,86180,13.872245551,13.875500000,3.254449,1,81.571670,4.000000,14
704,55,77.842982,86180,13.891033512,13.896500000,5.466488,0,1050.257266,4.000000,14
705,55,77.457804,86180,13.910871106,13.924500000,13.628894,0,1050.257266,4.000000,14
706,55,77.215006,86180,13.929520783,13.933000000,3.479217,1,77.215006,4.000000,14
707,55,75.687875,86180,13.949453527,13.955500000,6.046473,0,1050.257266,4.000000,14
708,55,76.636399,86180,13.967679871,13.971000000,3.320129,1,76.636399,4.000000,14
709,55,76.282482,86180,13.986699873,13.990000000,3.300127,1,76.282482,4.000000,14
710,55,77.794486,86180,14.006358088,14.010000000,3.641912,1,77.794486,4.000000,14
711,55,78.091352,86180,14.028366678,14.034000000,5.633322,0,1050.257266,4.000000,14
712,55,79.381112,86180,14.048281027,14.052500000,4.218973,0,1050.257266,4.000000,14
713,55,76.747454,86180,14.066662526,14.070000000,3.337474,1,76.747454,4.000000,14
714,55,76.543058,86180,14.085415002,14.088500000,3.084998,1,76.543058,4.000000,14
715,55,77.015697,86180,14.105559751,14.109000000,3.440249,1,77.015697,4.000000,14
716,55,77.086499,86180,14.123832450,14.127000000,3.167550,1,77.086499,4.000000,14
717,55,74.627986,86180,14.143918227,14.148000000,4.081773,0,1050.257266,4.000000,14
718,55,75.442906,86180,14.162682909,14.166500000,3.817091,1,75.442906,4.000000,14
719,55,77.030596,86180,14.182004086,14.185500000,3.495914,1,77.030596,4.000000,14
720,55,78.690709,86180,14.200345773,14.204000000,3.654227,1,78.690709,4.000000,14
722,55,77.796078,86180,14.240671721,14.322500000,81.828279,0,1050.257266,4.000000,14
723,55,80.008981,86180,14.261521669,14.322500000,60.978331,0,1050.257266,4.000000,14
724,55,81.086877,86180,14.280139993,14.322500000,42.360007,0,1050.257266,4.000000,14
725,55,84.563878,86180,14.300559546,14.322500000,21.940454,0,1050.257266,4.000000,14
726,55,83.553517,86180,14.319308193,14.325000000,5.691807,0,1050.257266,4.000000,14
727,55,84.827275,86180,14.338558877,14.342000000,3.441123,1,84.827275,4.000000,14
728,55,83.860775,86180,14.357488650,14.361000000,3.511350,1,83.860775,4.000000,14
729,55,88.202263,86180,14.376363036,14.379500000,3.136964,1,88.202263,4.000000,14
730,55,82.853518,86180,14.395782934,14.399000000,3.217066,1,82.853518,4.000000,14
731,55,83.484667,86180,14.414546564,14.421000000,6.453436,0,1050.257266,4.000000,14
732,55,83.200603,86180,14.436976802,14.440500000,3.523198,1,83.200603,4.000000,14
733,55,85.662020,86180,14.456392049,14.459500000,3.107951,1,85.662020,4.000000,14
734,55,83.283246,86180,14.477802373,14.481000000,3.197627,1,83.283246,4.000000,14
735,55,84.549244,86180,14.497277088,14.500500000,3.222912,1,84.549244,4.000000,14
737,55,90.474537,86180,14.535887014,14.593500000,57.612986,0,1050.257266,4.000000,14
738,55,89.162504,86180,14.554134828,14.593500000,39.365172,0,1050.257266,4.000000,14
739,55,90.422272,86180,14.572728052,14.593500000,20.771948,0,1050.257266,4.000000,14
740,55,92.726020,86180,14.591323432,14.594500000,3.176568,1,92.726020,4.000000,14
741,55,94.963018,86180,14.609873466,14.616000000,6.126534,0,1050.257266,4.000000,14
742,55,93.811012,86180,14.632820403,14.636000000,3.179597,1,93.811012,4.000000,14
743,55,95.948992,86180,14.654205811,14.657500000,3.294189,1,95.948992,4.000000,14
744,55,95.767500,86180,14.672769002,14.676000000,3.230998,1,95.767500,4.000000,14
745,55,94.531345,86180,14.691023070,14.694500000,3.476930,1,94.531345,4.000000,14
746,55,91.374055,86180,14.710098143,14.716500000,6.401857,0,1050.257266,4.000000,14
747,55,91.118695,86180,14.730412290,14.733500000,3.087710,1,91.118695,4.000000,14
748,55,85.375494,86180,14.750633737,14.754000000,3.366263,1,85.375494,4.000000,14
749,55,87.048138,86180,14.768881890,14.772000000,3.118110,1,87.048138,4.000000,14
750,55,87.471061,86180,14.790723514,14.794000000,3.276486,1,87.471061,4.000000,14
751,55,88.151475,86180,14.809346348,14.812500000,3.153652,1,88.151475,4.000000,14
752,55,86.746705,86180,14.829042575,14.837500000,8.457425,0,1050.257266,4.000000,14
753,55,87.301646,86180,14.848645745,14.852000000,3.354255,1,87.301646,4.000000,14
754,55,80.001667,86180,14.867555758,14.871000000,3.444242,1,80.001667,4.000000,14
755,55,83.436055,86180,14.886256969,14.889500000,3.243031,1,83.436055,4.000000,14
756,55,83.893640,86180,14.905315213,14.908500000,3.184787,1,83.893640,4.000000,14
757,55,85.219075,86180,14.924786249,14.928000000,3.213751,1,85.219075,4.000000,14
758,55,80.648592,86180,14.943734814,14.947000000,3.265186,1,80.648592,4.000000,14
759,55,81.784516,86180,14.965554095,14.969000000,3.445905,1,81.784516,4.000000,14
760,55,78.721979,86180,14.984264044,14.987500000,3.235956,1,78.721979,4.000000,14
761,55,76.835515,86180,15.004787734,15.008000000,3.212266,1,76.835515,4.000000,14
762,55,73.057821,86180,15.024143182,15.027500000,3.356818,1,73.057821,4.000000,14
763,55,74.021405,86180,15.043686479,15.047000000,3.313521,1,74.021405,4.000000,14
764,55,70.218534,86180,15.062823895,15.066000000,3.176105,1,70.218534,4.000000,14
765,55,69.128664,86180,15.082507027,15.086000000,3.492973,1,69.128664,4.000000,14
766,55,66.922309,86180,15.102660019,15.106000000,3.339981,1,66.922309,4.000000,14
767,55,69.238384,86180,15.123797247,15.129500000,5.702753,0,1050.257266,4.000000,14
768,55,69.557576,86180,15.142324919,15.145500000,3.175081,1,69.557576,4.000000,14
769,55,72.058307,86180,15.161463442,15.164500000,3.036558,1,72.058307,4.000000,14
770,55,73.203660,86180,15.180487778,15.184000000,3.512222,1,73.203660,4.000000,14
771,55,74.703632,86180,15.201158256,15.204500000,3.341744,1,74.703632,4.000000,14
772,55,73.818808,86180,15.221594849,15.228000000,6.405151,0,1050.257266,4.000000,14
773,55,75.022550,86180,15.240556039,15.244000000,3.443961,1,75.022550,4.000000,14
774,55,73.553153,86180,15.259472449,15.262500000,3.027551,1,73.553153,4.000000,14
775,55,74.752757,86180,15.279689929,15.285500000,5.810071,0,1050.257266,4.000000,14
776,55,71.239635,86180,15.300293236,15.303500000,3.206764,1,71.239635,4.000000,14
777,55,70.992247,86180,15.320281841,15.326000000,5.718159,0,1050.257266,4.000000,14
778,55,67.337925,86180,15.338987508,15.342500000,3.512492,1,67.337925,4.000000,14
779,55,69.010156,86180,15.359906349,15.363000000,3.093651,1,69.010156,4.000000,14
780,55,64.784369,86180,15.380265320,15.383500000,3.234680,1,64.784369,4.000000,14
781,55,64.384491,86180,15.401796690,15.405000000,3.203310,1,64.384491,4.000000,14
782,55,63.992341,86180,15.421540831,15.427500000,5.959169,0,1050.257266,4.000000,14
783,55,65.392147,86180,15.441518766,15.445000000,3.481234,1,65.392147,4.000000,14
784,55,61.054885,86180,15.461963346,15.465000000,3.036654,1,61.054885,4.000000,14
785,55,60.234342,86180,15.480283279,15.483500000,3.216721,1,60.234342,4.000000,14
786,55,59.154429,86180,15.499230830,15.503000000,3.769170,1,59.154429,4.000000,14
787,55,60.483358,86180,15.521921581,15.530500000,8.578419,0,1050.257266,4.000000,14
788,55,57.073421,86180,15.540697386,15.544000000,3.302614,1,57.073421,4.000000,14
789,55,57.684776,86180,15.560222294,15.565500000,5.277706,0,1050.257266,4.000000,14
790,55,55.943890,86180,15.579094700,15.582500000,3.405300,1,55.943890,4.000000,14
791,55,58.063941,86180,15.602646006,15.611500000,8.853994,0,1050.257266,4.000000,14
792,55,55.053869,86180,15.623956829,15.629500000,5.543171,0,1050.257266,4.000000,14
793,55,56.317512,86180,15.643877713,15.647000000,3.122287,1,56.317512,4.000000,14
794,55,54.120193,86180,15.665222365,15.668500000,3.277635,1,54.120193,4.000000,14
795,55,53.713187,86180,15.684222106,15.687500000,3.277894,1,53.713187,4.000000,14
796,55,51.839852,86180,15.705755677,15.712000000,6.244323,0,1050.257266,4.000000,14
797,55,54.031247,86180,15.725509888,15.731500000,5.990112,0,1050.257266,4.000000,14
798,55,52.125500,86180,15.748161380,15.751500000,3.338620,1,52.125500,4.000000,14
799,55,52.466547,86180,15.769778975,15.773500000,3.721025,1,52.466547,4.000000,14
800,55,52.094373,86180,15.790828928,15.794000000,3.171072,1,52.094373,4.000000,14
801,55,52.081046,86180,15.809270995,15.812500000,3.229005,1,52.081046,4.000000,14
802,55,52.010223,86180,15.828584732,15.834500000,5.915268,0,1050.257266,4.000000,14
803,55,52.801543,86180,15.847035697,15.850500000,3.464303,1,52.801543,4.000000,14
804,55,50.459550,86180,15.866032406,15.869500000,3.467594,1,50.459550,4.000000,14
805,55,50.236278,86180,15.885382894,15.888500000,3.117106,1,50.236278,4.000000,14
806,55,51.554320,86180,15.907639823,15.911000000,3.360177,1,51.554320,4.000000,14
807,55,50.350405,86180,15.926062328,15.929500000,3.437672,1,50.350405,4.000000,14
808,55,50.082704,86180,15.944955098,15.948000000,3.044902,1,50.082704,4.000000,14
809,55,50.538701,86180,15.965459389,15.968500000,3.040611,1,50.538701,4.000000,14
810,55,50.921191,86180,15.985316811,15.988500000,3.183189,1,50.921191,4.000000,14
811,55,53.252987,86180,16.004545165,16.008000000,3.454835,1,53.252987,4.000000,14
812,55,52.671216,86180,16.024107371,16.027500000,3.392629,1,52.671216,4.000000,14
813,55,52.279140,86180,16.043235445,16.046500000,3.264555,1,52.279140,4.000000,14
814,55,52.784926,86180,16.063503537,16.067000000,3.496463,1,52.784926,4.000000,14
815,55,53.472360,86180,16.085684739,16.089000000,3.315261,1,53.472360,4.000000,14
816,55,50.738350,86180,16.106586201,16.110000000,3.413799,1,50.738350,4.000000,14
817,55,49.547080,86180,16.128528008,16.134500000,5.971992,0,1050.257266,4.000000,14
818,55,48.492178,86180,16.148790784,16.152000000,3.209216,1,48.492178,4.000000,14
819,55,48.408379,86180,16.169064958,16.172500000,3.435042,1,48.408379,4.000000,14
820,55,46.661800,86180,16.189196078,16.192500000,3.303922,1,46.661800,4.000000,14
821,55,48.496446,86180,16.209403331,16.212500000,3.096669,1,48.496446,4.000000,14
822,55,49.635421,86180,16.227648988,16.231000000,3.351012,1,49.635421,4.000000,14
823,55,49.814528,86180,16.247801725,16.251000000,3.198275,1,49.814528,4.000000,14
824,55,49.500168,86180,16.267694500,16.271000000,3.305500,1,49.500168,4.000000,14
825,55,50.652321,86180,16.286461533,16.289500000,3.038467,1,50.652321,4.000000,14
826,55,51.583590,86180,16.307903905,16.311000000,3.096095,1,51.583590,4.000000,14
827,55,53.222817,86180,16.328883448,16.334500000,5.616552,0,1050.257266,4.000000,14
828,55,52.277082,86180,16.347824810,16.351000000,3.175190,1,52.277082,4.000000,14
829,55,55.335266,86180,16.368014081,16.371500000,3.485919,1,55.335266,4.000000,14
830,55,55.489072,86180,16.387598215,16.391000000,3.401785,1,55.489072,4.000000,14
831,55,56.330690,86180,16.406857010,16.413000000,6.142990,0,1050.257266,4.000000,14
832,55,55.596188,86180,16.426352714,16.429500000,3.147286,1,55.596188,4.000000,14
833,55,55.364325,86180,16.446449985,16.449500000,3.050015,1,55.364325,4.000000,14
834,55,55.254124,86180,16.467341649,16.470500000,3.158351,1,55.254124,4.000000,14
835,55,55.977459,86180,16.487259230,16.490500000,3.240770,1,55.977459,4.000000,14
836,55,55.233584,86180,16.506569312,16.510000000,3.430688,1,55.233584,4.000000,14
837,55,56.169235,86180,16.525670333,16.531000000,5.329667,0,1050.257266,4.000000,14
838,55,55.603386,86180,16.547043696,16.550500000,3.456304,1,55.603386,4.000000,14
839,55,58.302563,86180,16.566066212,16.569500000,3.433788,1,58.302563,4.000000,14
840,55,59.282337,86180,16.584384798,16.587500000,3.115202,1,59.282337,4.000000,14
841,55,63.543017,86180,16.605490800,16.609000000,3.509200,1,63.543017,4.000000,14
842,55,65.120336,86180,16.625335906,16.631000000,5.664094,0,1050.257266,4.000000,14
843,55,66.167070,86180,16.643924729,16.647000000,3.075271,1,66.167070,4.000000,14
844,55,64.248559,86180,16.666242774,16.669500000,3.257226,1,64.248559,4.000000,14
845,55,66.178645,86180,16.686319480,16.689500000,3.180520,1,66.178645,4.000000,14
846,55,64.117110,86180,16.705494536,16.709000000,3.505464,1,64.117110,4.000000,14
847,55,65.032702,86180,16.724108897,16.727500000,3.391103,1,65.032702,4.000000,14
848,55,63.731652,86180,16.747117877,16.750500000,3.382123,1,63.731652,4.000000,14
849,55,65.096724,86180,16.769283425,16.773000000,3.716575,1,65.096724,4.000000,14
850,55,68.191827,86180,16.787949452,16.791500000,3.550548,1,68.191827,4.000000,14
851,55,69.663373,86180,16.809395819,16.812500000,3.104181,1,69.663373,4.000000,14
852,55,69.357953,86180,16.827718202,16.833500000,5.781798,0,1050.257266,4.000000,14
853,55,72.126784,86180,16.848738765,16.852000000,3.261235,1,72.126784,4.000000,14
854,55,70.566703,86180,16.868499728,16.872000000,3.500272,1,70.566703,4.000000,14
855,55,73.093878,86180,16.887446315,16.890500000,3.053685,1,73.093878,4.000000,14
856,55,72.681997,86180,16.908210721,16.911500000,3.289279,1,72.681997,4.000000,14
857,55,74.399309,86180,16.926643297,16.932500000,5.856703,0,1050.257266,4.000000,14
858,55,73.557061,86180,16.948053195,16.951500000,3.446805,1,73.557061,4.000000,14
859,55,75.275569,86180,16.966721283,16.970000000,3.278717,1,75.275569,4.000000,14
860,55,72.806856,86180,16.985103059,16.988500000,3.396941,1,72.806856,4.000000,14
861,55,72.945366,86180,17.004700836,17.008000000,3.299164,1,72.945366,4.000000,14
862,55,70.291474,86180,17.023162380,17.026500000,3.337620,1,70.291474,4.000000,15
863,55,73.201585,86180,17.044472688,17.047500000,3.027312,1,73.201585,4.000000,15
864,55,72.082482,86180,17.062781907,17.066000000,3.218093,1,72.082482,4.000000,15
865,55,72.887004,86180,17.082915808,17.086000000,3.084192,1,72.887004,4.000000,15
866,55,70.670982,86180,17.103041612,17.106500000,3.458388,1,70.670982,4.000000,15
867,55,74.320239,86180,17.123519204,17.127000000,3.480796,1,74.320239,4.000000,15
868,55,70.988059,86180,17.142348240,17.145500000,3.151760,1,70.988059,4.000000,15
869,55,73.155050,86180,17.161154637,17.164500000,3.345363,1,73.155050,4.000000,15
870,55,72.346294,86180,17.181644933,17.185000000,3.355067,1,72.346294,4.000000,15
871,55,74.434099,86180,17.200013635,17.203500000,3.486365,1,74.434099,4.000000,15
872,55,71.560321,86180,17.220856517,17.224000000,3.143483,1,71.560321,4.000000,14
873,55,72.581693,86180,17.241028465,17.244500000,3.471535,1,72.581693,4.000000,15
874,55,73.397540,86180,17.259368851,17.262500000,3.131149,1,73.397540,4.000000,15
875,55,74.626506,86180,17.280363250,17.283500000,3.136750,1,74.626506,4.000000,15
876,55,72.744192,86180,17.301052877,17.304500000,3.447123,1,72.744192,4.000000,15
877,55,74.355627,86180,17.322111489,17.326000000,3.888511,1,74.355627,4.000000,14
878,55,73.421696,86180,17.343948575,17.347000000,3.051425,1,73.421696,4.000000,15
879,55,74.469725,86180,17.362520630,17.366000000,3.479370,1,74.469725,4.000000,15
880,55,72.410581,86180,17.381582898,17.385000000,3.417102,1,72.410581,4.000000,15
881,55,74.075846,86180,17.402539840,17.406000000,3.460160,1,74.075846,4.000000,15
882,55,71.767646,86180,17.423485698,17.429500000,6.014302,0,1050.257266,4.000000,15
883,55,75.605871,86180,17.444237034,17.447500000,3.262966,1,75.605871,4.000000,15
884,55,72.625487,86180,17.464328078,17.467500000,3.171922,1,72.625487,4.000000,15
885,55,72.945929,86180,17.482951399,17.486000000,3.048601,1,72.945929,4.000000,15
886,55,73.276944,86180,17.504677179,17.508000000,3.322821,1,73.276944,4.000000,15
887,55,76.448601,86180,17.526605445,17.532000000,5.394555,0,1050.257266,4.000000,15
888,55,74.185402,86180,17.545599681,17.549000000,3.400319,1,74.185402,4.000000,15
889,55,73.869388,86180,17.564044847,17.570000000,5.955153,0,1050.257266,4.000000,15
890,55,73.619512,86180,17.583695238,17.587000000,3.304762,1,73.619512,4.000000,15
891,55,77.600456,86180,17.605772022,17.609000000,3.227978,1,77.600456,4.000000,15
892,55,74.236761,86180,17.626319506,17.629500000,3.180494,1,74.236761,4.000000,15
893,55,73.102516,86180,17.646285438,17.649500000,3.214562,1,73.102516,4.000000,15
894,55,72.333418,86180,17.664766703,17.670000000,5.233297,0,1050.257266,4.000000,15
895,55,73.986377,86180,17.685320818,17.691000000,5.679182,0,1050.257266,4.000000,15
896,55,68.928726,86180,17.706835248,17.710000000,3.164752,1,68.928726,4.000000,15
897,55,69.516893,86180,17.725909744,17.732000000,6.090256,0,1050.257266,4.000000,15
898,55,68.925339,86180,17.746159146,17.749500000,3.340854,1,68.925339,4.000000,15
899,55,72.798112,86180,17.764921812,17.768000000,3.078188,1,72.798112,4.000000,15
900,55,73.078418,86180,17.784523780,17.788000000,3.476220,1,73.078418,4.000000,15
901,55,71.148898,86180,17.802795888,17.806000000,3.204112,1,71.148898,4.000000,15
902,55,69.071028,86180,17.821584754,17.827000000,5.415246,0,1050.257266,4.000000,15
903,55,70.319455,86180,17.840830548,17.844000000,3.169452,1,70.319455,4.000000,15
904,55,69.809442,86180,17.859242945,17.862500000,3.257055,1,69.809442,4.000000,15
905,55,69.857399,86180,17.877777937,17.881000000,3.222063,1,69.857399,4.000000,15
906,55,66.294298,86180,17.899129021,17.902500000,3.370979,1,66.294298,4.000000,15
907,55,66.439330,86180,17.920114742,17.924000000,3.885258,1,66.439330,4.000000,14
908,55,66.154230,86180,17.940241106,17.943500000,3.258894,1,66.154230,4.000000,15
909,55,66.810151,86180,17.959514710,17.965500000,5.985290,0,1050.257266,4.000000,15
910,55,66.768207,86180,17.979660304,17.983000000,3.339696,1,66.768207,4.000000,15
911,55,69.694342,86180,17.999402083,18.002500000,3.097917,1,69.694342,4.000000,15
912,55,67.746029,86180,18.018468954,18.022000000,3.531046,1,67.746029,4.000000,14
913,55,69.792676,86180,18.037753201,18.041000000,3.246799,1,69.792676,4.000000,15
914,55,68.549312,86180,18.059103519,18.062500000,3.396481,1,68.549312,4.000000,15
915,55,73.472898,86180,18.079628185,18.083000000,3.371815,1,73.472898,4.000000,15
916,55,69.520638,86180,18.099289714,18.102500000,3.210286,1,69.520638,4.000000,15
917,55,69.762026,86180,18.117789844,18.121000000,3.210156,1,69.762026,4.000000,14
918,55,66.303414,86180,18.140016685,18.143500000,3.483315,1,66.303414,4.000000,15
919,55,71.132228,86180,18.158928158,18.162000000,3.071842,1,71.132228,4.000000,15
920,55,68.131689,86180,18.178609303,18.182000000,3.390697,1,68.131689,4.000000,15
921,55,70.441889,86180,18.199041467,18.202500000,3.458533,1,70.441889,4.000000,15
922,55,69.237033,86180,18.220436862,18.226000000,5.563138,0,1050.257266,4.000000,14
923,55,73.154146,86180,18.239249960,18.242500000,3.250040,1,73.154146,4.000000,15
924,55,69.177122,86180,18.259286629,18.262500000,3.213371,1,69.177122,4.000000,15
925,55,72.626847,86180,18.278088481,18.281500000,3.411519,1,72.626847,4.000000,15
926,55,72.592665,86180,18.298174515,18.302000000,3.825485,1,72.592665,4.000000,15
927,55,74.320634,86180,18.318960834,18.324500000,5.539166,0,1050.257266,4.000000,15
928,55,73.546543,86180,18.337869645,18.341000000,3.130355,1,73.546543,4.000000,15
929,55,74.576735,86180,18.358281874,18.361500000,3.218126,1,74.576735,4.000000,15
930,55,74.061206,86180,18.379263720,18.383000000,3.736280,1,74.061206,4.000000,15
931,55,80.102944,86180,18.399451140,18.402500000,3.048860,1,80.102944,4.000000,15
932,55,77.528618,86180,18.418180684,18.421500000,3.319316,1,77.528618,4.000000,15
933,55,79.998741,86180,18.436878576,18.440000000,3.121424,1,79.998741,4.000000,15
934,55,77.953756,86180,18.455603865,18.459000000,3.396135,1,77.953756,4.000000,15
935,55,80.317187,86180,18.476449623,18.479500000,3.050377,1,80.317187,4.000000,15
936,55,77.164800,86180,18.496111735,18.499500000,3.388265,1,77.164800,4.000000,15
937,55,78.215487,86180,18.515358127,18.526500000,11.141873,0,1050.257266,4.000000,15
938,55,76.622636,86180,18.536056624,18.539500000,3.443376,1,76.622636,4.000000,15
939,55,80.149603,86180,18.555462608,18.558500000,3.037392,1,80.149603,4.000000,15
940,55,79.633324,86180,18.577109717,18.580500000,3.390283,1,79.633324,4.000000,15
941,55,81.845060,86180,18.596768036,18.600000000,3.231964,1,81.845060,4.000000,15
942,55,80.293122,86180,18.617964542,18.623500000,5.535458,0,1050.257266,4.000000,14
943,55,81.579332,86180,18.636871344,18.640000000,3.128656,1,81.579332,4.000000,14
944,55,77.049014,86180,18.656085999,18.660000000,3.914001,1,77.049014,4.000000,14
945,55,79.212839,86180,18.676559253,18.680000000,3.440747,1,79.212839,4.000000,14
946,55,81.245552,86180,18.695539903,18.699000000,3.460097,1,81.245552,4.000000,14
947,55,84.854410,86180,18.715845905,18.724500000,8.654095,0,1050.257266,4.000000,14
948,55,82.927724,86180,18.734587831,18.738000000,3.412169,1,82.927724,4.000000,14
949,55,85.363724,86180,18.754930731,18.758000000,3.069269,1,85.363724,4.000000,14
950,55,84.750869,86180,18.774307178,18.777500000,3.192822,1,84.750869,4.000000,14
951,55,89.683637,86180,18.793963529,18.797000000,3.036471,1,89.683637,4.000000,14
952,55,87.928608,86180,18.812742630,18.818000000,5.257370,0,1050.257266,4.000000,14
953,55,86.598110,86180,18.831659315,18.835000000,3.340685,1,86.598110,4.000000,15
954,55,86.127941,86180,18.850825654,18.854000000,3.174346,1,86.127941,4.000000,15
955,55,88.886255,86180,18.871769906,18.875000000,3.230094,1,88.886255,4.000000,15
956,55,82.021090,86180,18.891553530,18.895000000,3.446470,1,82.021090,4.000000,15
957,55,84.631239,86180,18.913084281,18.916500000,3.415719,1,84.631239,4.000000,14
958,55,85.363504,86180,18.934390991,18.937500000,3.109009,1,85.363504,4.000000,15
959,55,86.737728,86180,18.953512784,18.957000000,3.487216,1,86.737728,4.000000,15
960,55,83.800227,86180,18.971876904,18.975000000,3.123096,1,83.800227,4.000000,15
961,55,80.797740,86180,18.990487245,18.994000000,3.512755,1,80.797740,4.000000,15
962,55,80.344076,86180,19.009313101,19.012500000,3.186899,1,80.344076,4.000000,15
963,55,81.339065,86180,19.028102882,19.031500000,3.397118,1,81.339065,4.000000,15
964,55,79.068505,86180,19.048932806,19.052000000,3.067194,1,79.068505,4.000000,15
965,55,79.270354,86180,19.068084018,19.071500000,3.415982,1,79.270354,4.000000,15
966,55,77.232392,86180,19.090810522,19.094000000,3.189478,1,77.232392,4.000000,15
967,55,79.885580,86180,19.109110959,19.112500000,3.389041,1,79.885580,4.000000,15
968,55,76.896930,86180,19.131112178,19.136500000,5.387822,0,1050.257266,4.000000,15
969,55,77.237221,86180,19.149547596,19.153000000,3.452404,1,77.237221,4.000000,15
970,55,81.332850,86180,19.171673969,19.175000000,3.326031,1,81.332850,4.000000,15
971,55,80.893597,86180,19.190573519,19.194000000,3.426481,1,80.893597,4.000000,15
972,55,81.056272,86180,19.211333284,19.217000000,5.666716,0,1050.257266,4.000000,15
973,55,83.085159,86180,19.230949036,19.234000000,3.050964,1,83.085159,4.000000,15
974,55,79.772639,86180,19.252959685,19.256000000,3.040315,1,79.772639,4.000000,15
975,55,83.274621,86180,19.275485995,19.279000000,3.514005,1,83.274621,4.000000,15
976,55,81.248199,86180,19.293968114,19.297000000,3.031886,1,81.248199,4.000000,15
977,55,83.120246,86180,19.313216798,19.324500000,11.283202,0,1050.257266,4.000000,15
978,55,81.596025,86180,19.333435203,19.336500000,3.064797,1,81.596025,4.000000,15
979,55,84.489989,86180,19.353408490,19.356500000,3.091510,1,84.489989,4.000000,15
980,55,80.241549,86180,19.371779931,19.375000000,3.220069,1,80.241549,4.000000,15
981,55,85.068222,86180,19.390094151,19.393500000,3.405849,1,85.068222,4.000000,15
982,55,84.585723,86180,19.411834575,19.415000000,3.165425,1,84.585723,4.000000,15
983,55,88.147301,86180,19.430986156,19.434500000,3.513844,1,88.147301,4.000000,15
984,55,83.034262,86180,19.451178272,19.454500000,3.321728,1,83.034262,4.000000,15
985,55,84.965546,86180,19.471836692,19.475000000,3.163308,1,84.965546,4.000000,15
986,55,89.556884,86180,19.490799898,19.494000000,3.200102,1,89.556884,4.000000,15
987,55,84.695452,86180,19.509675139,19.513000000,3.324861,1,84.695452,4.000000,15
988,55,85.664926,86180,19.530264327,19.535500000,5.235673,0,1050.257266,4.000000,14
989,55,86.928533,86180,19.551863561,19.555000000,3.136439,1,86.928533,4.000000,14
990,55,92.076093,86180,19.572678853,19.576000000,3.321147,1,92.076093,4.000000,14
991,55,96.418936,86180,19.593148440,19.596500000,3.351560,1,96.418936,4.000000,14
992,55,95.057507,86180,19.611778783,19.617500000,5.721217,0,1050.257266,4.000000,14
993,55,95.444912,86180,19.630638671,19.634000000,3.361329,1,95.444912,4.000000,14
994,55,91.916806,86180,19.649534933,19.653000000,3.465067,1,91.916806,4.000000,14
995,55,94.070574,86180,19.669166123,19.672500000,3.333877,1,94.070574,4.000000,14
996,55,92.418620,86180,19.687512147,19.691000000,3.487853,1,92.418620,4.000000,14
997,55,93.157961,86180,19.706274126,19.709500000,3.225874,1,93.157961,4.000000,14
998,55,90.023883,86180,19.724852804,19.730500000,5.647196,0,1050.257266,4.000000,14
999,55,94.026106,86180,19.743168016,19.746500000,3.331984,1,94.026106,4.000000,14
1000,55,87.844494,86180,19.761398326,19.764500000,3.101674,1,87.844494,4.000000,14
49,0,0,0,0,0,-1,0,1050.257266,4.000000,0
57,0,0,0,0,0,-1,0,1050.257266,4.000000,0
58,0,0,0,0,0,-1,0,1050.257266,4.000000,0
59,0,0,0,0,0,-1,0,1050.257266,4.000000,0
60,0,0,0,0,0,-1,0,1050.257266,4.000000,0
61,0,0,0,0,0,-1,0,1050.257266,4.000000,0
62,0,0,0,0,0,-1,0,1050.257266,4.000000,0
63,0,0,0,0,0,-1,0,1050.257266,4.000000,0
64,0,0,0,0,0,-1,0,1050.257266,4.000000,0
65,0,0,0,0,0,-1,0,1050.257266,4.000000,0
66,0,0,0,0,0,-1,0,1050.257266,4.000000,0
69,0,0,0,0,0,-1,0,1050.257266,4.000000,0
94,0,0,0,0,0,-1,0,1050.257266,4.000000,0
95,0,0,0,0,0,-1,0,1050.257266,4.000000,0
96,0,0,0,0,0,-1,0,1050.257266,4.000000,0
97,0,0,0,0,0,-1,0,1050.257266,4.000000,0
98,0,0,0,0,0,-1,0,1050.257266,4.000000,0
99,0,0,0,0,0,-1,0,1050.257266,4.000000,0
100,0,0,0,0,0,-1,0,1050.257266,4.000000,0
101,0,0,0,0,0,-1,0,1050.257266,4.000000,0
102,0,0,0,0,0,-1,0,1050.257266,4.000000,0
103,0,0,0,0,0,-1,0,1050.257266,4.000000,0
104,0,0,0,0,0,-1,0,1050.257266,4.000000,0
105,0,0,0,0,0,-1,0,1050.257266,4.000000,0
106,0,0,0,0,0,-1,0,1050.257266,4.000000,0
107,0,0,0,0,0,-1,0,1050.257266,4.000000,0
108,0,0,0,0,0,-1,0,1050.257266,4.000000,0
109,0,0,0,0,0,-1,0,1050.257266,4.000000,0
110,0,0,0,0,0,-1,0,1050.257266,4.000000,0
111,0,0,0,0,0,-1,0,1050.257266,4.000000,0
112,0,0,0,0,0,-1,0,1050.257266,4.000000,0
113,0,0,0,0,0,-1,0,1050.257266,4.000000,0
114,0,0,0,0,0,-1,0,1050.257266,4.000000,0
115,0,0,0,0,0,-1,0,1050.257266,4.000000,0
116,0,0,0,0,0,-1,0,1050.257266,4.000000,0
117,0,0,0,0,0,-1,0,1050.257266,4.000000,0
118,0,0,0,0,0,-1,0,1050.257266,4.000000,0
119,0,0,0,0,0,-1,0,1050.257266,4.000000,0
120,0,0,0,0,0,-1,0,1050.257266,4.000000,0
121,0,0,0,0,0,-1,0,1050.257266,4.000000,0
122,0,0,0,0,0,-1,0,1050.257266,4.000000,0
123,0,0,0,0,0,-1,0,1050.257266,4.000000,0
124,0,0,0,0,0,-1,0,1050.257266,4.000000,0
125,0,0,0,0,0,-1,0,1050.257266,4.000000,0
126,0,0,0,0,0,-1,0,1050.257266,4.000000,0
127,0,0,0,0,0,-1,0,1050.257266,4.000000,0
128,0,0,0,0,0,-1,0,1050.257266,4.000000,0
129,0,0,0,0,0,-1,0,1050.257266,4.000000,0
130,0,0,0,0,0,-1,0,1050.257266,4.000000,0
131,0,0,0,0,0,-1,0,1050.257266,4.000000,0
132,0,0,0,0,0,-1,0,1050.257266,4.000000,0
149,0,0,0,0,0,-1,0,1050.257266,4.000000,0
150,0,0,0,0,0,-1,0,1050.257266,4.000000,0
151,0,0,0,0,0,-1,0,1050.257266,4.000000,0
161,0,0,0,0,0,-1,0,1050.257266,4.000000,0
162,0,0,0,0,0,-1,0,1050.257266,4.000000,0
193,0,0,0,0,0,-1,0,1050.257266,4.000000,0
412,0,0,0,0,0,-1,0,1050.257266,4.000000,0
426,0,0,0,0,0,-1,0,1050.257266,4.000000,0
436,0,0,0,0,0,-1,0,1050.257266,4.000000,0
441,0,0,0,0,0,-1,0,1050.257266,4.000000,0
443,0,0,0,0,0,-1,0,1050.257266,4.000000,0
445,0,0,0,0,0,-1,0,1050.257266,4.000000,0
446,0,0,0,0,0,-1,0,1050.257266,4.000000,0
447,0,0,0,0,0,-1,0,1050.257266,4.000000,0
450,0,0,0,0,0,-1,0,1050.257266,4.000000,0
452,0,0,0,0,0,-1,0,1050.257266,4.000000,0
454,0,0,0,0,0,-1,0,1050.257266,4.000000,0
518,0,0,0,0,0,-1,0,1050.257266,4.000000,0
610,0,0,0,0,0,-1,0,1050.257266,4.000000,0
721,0,0,0,0,0,-1,0,1050.257266,4.000000,0
736,0,0,0,0,0,-1,0,1050.257266,4.000000,0
