frameNumber,components,mse,sizeBytes,genTime,recvTime,delay_ms,receivedOnTime,effectiveError,deadline_ms,cqi,buffer_bytes,mcs_index,dl_utilization,n_active_ues
1,10,611.1,8152,0.018041837,0.020500000,2.458163,1,611.099569,10.000000,14,0,18,0.000,3
2,10,616.550,8152,0.032113155,0.034500000,2.386845,1,616.549638,10.000000,14,0,18,0.217,3
3,10,622.251,8152,0.047104363,0.049500000,2.395637,1,622.251426,10.000000,14,0,18,0.216,3
4,10,609.459,8152,0.059924940,0.062000000,2.075060,1,609.459189,10.000000,14,0,18,0.002,4
5,10,614.997,8152,0.072764661,0.075000000,2.235339,1,614.996658,10.000000,14,0,18,0.217,3
6,10,602.977,8152,0.087292991,0.089500000,2.207009,1,602.977067,10.000000,14,0,18,0.000,3
7,10,594.992,8152,0.104330110,0.106500000,2.169890,1,594.992380,10.000000,15,0,18,0.426,4
8,10,593.299,8152,0.117689282,0.120000000,2.310718,1,593.299055,10.000000,14,0,18,0.245,4
9,10,615.666,8152,0.132702678,0.135000000,2.297322,1,615.666151,10.000000,14,0,18,0.001,3
10,10,614.306,8152,0.147246993,0.149500000,2.253007,1,614.305507,10.000000,14,0,18,0.001,1
11,10,620.171,8152,0.161215531,0.163500000,2.284469,1,620.170595,10.000000,14,0,18,0.216,4
12,10,622.027,8152,0.176372969,0.178500000,2.127031,1,622.027335,10.000000,14,0,18,0.000,1
13,10,621.504,8152,0.190872427,0.193000000,2.127573,1,621.503769,10.000000,14,0,18,0.217,4
14,10,593.990,8152,0.203964982,0.206000000,2.035018,1,593.990336,10.000000,14,0,18,0.462,4
15,10,598.137,8152,0.218946019,0.221000000,2.053981,1,598.136888,10.000000,14,0,18,0.245,3
16,10,610.558,8152,0.232380290,0.234500000,2.119710,1,610.558423,10.000000,14,0,18,0.001,2
17,10,620.996,8152,0.248166699,0.250500000,2.333301,1,620.996225,10.000000,14,0,18,0.000,3
18,10,616.921,8152,0.261483514,0.264000000,2.516486,1,616.920843,10.000000,14,0,18,0.119,4
19,10,603.322,8152,0.275847063,0.278000000,2.152937,1,603.322099,10.000000,14,0,18,0.000,2
20,10,584.640,8152,0.288860233,0.291000000,2.139767,1,584.639533,10.000000,14,0,18,0.216,3
21,10,579.789,8152,0.301828847,0.304000000,2.171153,1,579.789213,10.000000,14,0,18,0.001,3
22,10,592.844,8152,0.316518494,0.319000000,2.481506,1,592.843590,10.000000,14,0,18,0.275,3
23,10,617.551,8152,0.330763129,0.333000000,2.236871,1,617.551323,10.000000,14,0,18,0.000,3
24,10,610.482,8152,0.344004230,0.346500000,2.495770,1,610.481768,10.000000,14,0,18,0.000,4
25,10,608.040,8152,0.358577384,0.361000000,2.422616,1,608.039510,10.000000,14,0,18,0.216,3
26,10,607.201,8152,0.371407813,0.373500000,2.092187,1,607.200653,10.000000,14,0,18,0.000,5
27,10,607.804,8152,0.385045169,0.387500000,2.454831,1,607.804296,10.000000,14,0,18,0.247,4
28,10,605.635,8152,0.401332305,0.403500000,2.167695,1,605.634728,10.000000,14,0,18,0.521,4
29,10,610.916,8152,0.415015552,0.420500000,5.484448,1,610.915601,10.000000,14,0,18,0.000,2
30,10,623.736,8152,0.430622103,0.433000000,2.377897,1,623.735866,10.000000,14,0,18,0.001,3
31,10,630.673,8152,0.443909589,0.446000000,2.090411,1,630.672654,10.000000,14,0,18,0.001,2
32,10,613.497,8152,0.458168013,0.460500000,2.331987,1,613.496968,10.000000,14,0,18,0.000,2
33,10,626.782,8152,0.472107257,0.474500000,2.392743,1,626.781895,10.000000,14,0,18,0.000,3
34,10,635.345,8152,0.485314871,0.487500000,2.185129,1,635.344660,10.000000,14,0,18,0.001,2
35,10,644.772,8152,0.499175337,0.504500000,5.324663,1,644.771628,10.000000,14,0,18,0.000,2
36,10,625.755,8152,0.512373683,0.514500000,2.126317,1,625.755065,10.000000,14,0,18,0.001,2
37,10,628.024,8152,0.527548129,0.530000000,2.451871,1,628.023925,10.000000,14,0,18,0.216,2
38,10,619.989,8152,0.541935534,0.544000000,2.064466,1,619.988577,10.000000,14,0,18,0.000,1
39,10,622.605,8152,0.558721142,0.561000000,2.278858,1,622.605032,10.000000,14,0,18,0.001,3
40,10,627.258,8152,0.573674301,0.576000000,2.325699,1,627.257574,10.000000,14,0,18,0.000,2
41,10,628.784,8152,0.586907718,0.589000000,2.092282,1,628.783838,10.000000,14,0,18,0.001,1
42,10,617.795,8152,0.600497831,0.606000000,5.502169,1,617.794681,10.000000,14,0,18,0.001,3
43,10,631.456,8152,0.614798826,0.617000000,2.201174,1,631.456220,10.000000,14,0,18,0.462,5
44,10,622.510,8152,0.628420135,0.630500000,2.079865,1,622.510240,10.000000,14,0,18,0.001,1
45,10,616.981,8152,0.643657779,0.646000000,2.342221,1,616.981421,10.000000,14,0,18,0.001,3
46,10,594.143,8152,0.658954357,0.661000000,2.045643,1,594.142923,10.000000,14,0,18,0.000,2
47,10,594.404,8152,0.673238836,0.675500000,2.261164,1,594.403564,10.000000,14,0,18,0.001,2
48,10,590.740,8152,0.686915728,0.689000000,2.084272,1,590.740234,10.000000,14,0,18,0.216,3
49,10,592.206,8152,0.700303449,0.702500000,2.196551,1,592.205825,10.000000,14,0,18,0.000,3
50,10,577.852,8152,0.715249806,0.717500000,2.250194,1,577.852236,10.000000,14,0,18,0.000,2
51,10,570.021,8152,0.728668492,0.731000000,2.331508,1,570.021154,10.000000,14,0,18,0.001,3
52,10,550.309,8152,0.743296422,0.745500000,2.203578,1,550.309043,10.000000,14,0,18,0.002,2
53,10,554.335,8152,0.756220419,0.758500000,2.279581,1,554.334842,10.000000,14,0,18,0.001,2
54,10,550.289,8152,0.769217111,0.771500000,2.282889,1,550.288771,10.000000,14,0,18,0.000,3
55,10,552.747,8152,0.782415469,0.784500000,2.084531,1,552.747245,10.000000,14,0,18,0.216,2
56,10,542.689,8152,0.796660334,0.799000000,2.339666,1,542.688629,10.000000,14,0,18,0.216,2
57,10,556.348,8152,0.812786291,0.818000000,5.213709,1,556.347764,10.000000,14,0,18,0.002,2
58,10,550.181,8152,0.826177840,0.828500000,2.322160,1,550.181331,10.000000,14,0,18,0.000,0
59,10,557.092,8152,0.841018699,0.843500000,2.481301,1,557.092096,10.000000,14,0,18,0.000,1
60,10,556.442,8152,0.854602030,0.857000000,2.397970,1,556.441901,10.000000,14,0,18,0.000,1
61,10,561.034,8152,0.868678202,0.871000000,2.321798,1,561.033698,10.000000,14,0,18,0.000,2
62,10,554.184,8152,0.882744993,0.885000000,2.255007,1,554.184071,10.000000,14,0,18,0.000,2
63,10,553.544,8152,0.896299576,0.898500000,2.200424,1,553.544281,10.000000,14,0,18,0.000,1
64,10,573.440,8152,0.909371326,0.911500000,2.128674,1,573.439904,10.000000,14,0,18,0.216,5
65,10,569.693,8152,0.923117412,0.928500000,5.382588,1,569.693367,10.000000,14,0,18,0.001,2
66,10,556.308,8152,0.936106309,0.938500000,2.393691,1,556.308301,10.000000,14,0,18,0.001,2
67,10,549.237,8152,0.949411467,0.951500000,2.088533,1,549.236943,10.000000,14,0,18,0.000,2
68,10,544.830,8152,0.962102033,0.964500000,2.397967,1,544.829759,10.000000,14,0,18,0.000,3
69,10,549.307,8152,0.975747565,0.978000000,2.252435,1,549.306547,10.000000,14,0,18,0.002,4
70,10,550.775,8152,0.991735608,0.994000000,2.264392,1,550.774650,10.000000,14,0,18,0.001,1
71,10,557.983,8152,1.006692014,1.009000000,2.307986,1,557.983122,10.000000,14,0,18,0.000,3
72,10,557.929,8152,1.019856746,1.025000000,5.143254,1,557.929084,10.000000,14,0,18,0.000,3
73,10,558.059,8152,1.032647069,1.035000000,2.352931,1,558.059145,10.000000,14,0,18,0.001,2
74,10,555.070,8152,1.047912113,1.050000000,2.087887,1,555.070336,10.000000,14,0,18,0.209,2
75,10,554.799,8152,1.062592252,1.065000000,2.407748,1,554.799426,10.000000,14,0,18,0.000,2
76,10,543.118,8152,1.077459494,1.079500000,2.040506,1,543.117976,10.000000,14,0,18,0.001,2
77,10,541.633,8152,1.090384938,1.092500000,2.115062,1,541.633257,10.000000,14,0,18,0.217,4
78,10,547.248,8152,1.103089709,1.108500000,5.410291,1,547.247967,10.000000,14,0,18,0.000,3
79,10,559.294,8152,1.116269713,1.118500000,2.230287,1,559.294393,10.000000,14,0,18,0.218,4
80,10,540.124,8152,1.129370457,1.131500000,2.129543,1,540.124433,10.000000,14,0,18,0.426,4
81,10,528.877,8152,1.142824010,1.145000000,2.175990,1,528.876596,10.000000,14,0,18,0.216,3
82,10,504.035,8152,1.155677248,1.158000000,2.322752,1,504.035198,10.000000,14,0,18,0.000,3
83,10,513.973,8152,1.168430090,1.170500000,2.069910,1,513.973424,10.000000,14,0,18,0.219,3
84,10,507.892,8152,1.181710749,1.184000000,2.289251,1,507.891775,10.000000,14,0,18,0.000,2
85,10,516.734,8152,1.198133831,1.200500000,2.366169,1,516.733918,10.000000,14,0,18,0.210,4
86,10,519.296,8152,1.211914006,1.217000000,5.085994,1,519.296155,10.000000,14,0,18,0.432,5
87,10,524.699,8152,1.227511629,1.230000000,2.488371,1,524.699303,10.000000,14,0,18,0.216,5
88,10,526.923,8152,1.243860254,1.246000000,2.139746,1,526.923148,10.000000,14,0,18,0.216,4
89,10,524.519,8152,1.256716319,1.259000000,2.283681,1,524.518612,10.000000,14,0,18,0.001,2
90,10,524.818,8152,1.271821327,1.274000000,2.178673,1,524.817561,10.000000,14,0,18,0.002,3
91,10,531.084,8152,1.290748910,1.293000000,2.251090,1,531.083957,10.000000,14,0,18,0.000,0
92,10,520.998,8152,1.303844992,1.306000000,2.155008,1,520.997685,10.000000,14,0,18,0.002,3
93,10,516.398,8152,1.320009095,1.322500000,2.490905,1,516.398265,10.000000,14,0,18,0.216,3
94,10,500.867,8152,1.335087315,1.337500000,2.412685,1,500.866863,10.000000,14,0,18,0.000,4
95,10,508.573,8152,1.349187050,1.351500000,2.312950,1,508.572686,10.000000,14,0,18,0.001,3
96,10,493.634,8152,1.365927332,1.368000000,2.072668,1,493.633878,10.000000,14,0,18,0.245,3
97,10,496.989,8152,1.379691857,1.382000000,2.308143,1,496.988525,10.000000,14,0,18,0.216,2
98,10,475.789,8152,1.393210661,1.395500000,2.289339,1,475.789436,10.000000,14,0,18,0.216,2
99,10,479.485,8152,1.409059483,1.414500000,5.440517,1,479.484532,10.000000,14,0,18,0.002,6
100,10,490.987,8152,1.421924673,1.424000000,2.075327,1,490.986557,10.000000,14,0,18,0.000,2
101,10,510.340,8152,1.435218551,1.437500000,2.281449,1,510.339531,10.000000,14,0,18,0.000,2
102,10,511.562,8152,1.448481920,1.450500000,2.018080,1,511.562017,10.000000,14,0,18,0.000,2
103,10,525.048,8152,1.462537076,1.465000000,2.462924,1,525.048287,10.000000,14,0,18,0.002,3
104,10,518.495,8152,1.475874643,1.478000000,2.125357,1,518.495149,10.000000,14,0,18,0.001,2
105,10,504.348,8152,1.489246966,1.491500000,2.253034,1,504.348328,10.000000,14,0,18,0.301,2
106,10,483.215,8152,1.502794477,1.508000000,5.205523,1,483.215153,10.000000,14,0,18,0.216,4
107,10,484.361,8152,1.515556115,1.518000000,2.443885,1,484.360722,10.000000,14,0,18,0.216,4
108,10,474.634,8152,1.529534441,1.532000000,2.465559,1,474.634140,10.000000,14,0,18,0.001,2
109,10,451.836,8152,1.544788912,1.547000000,2.211088,1,451.835955,10.000000,14,0,18,0.300,2
110,10,429.208,8152,1.558630352,1.561000000,2.369648,1,429.207786,10.000000,14,0,18,0.000,3
111,10,425.443,8152,1.572685408,1.575000000,2.314592,1,425.442526,10.000000,14,0,18,0.002,2
112,10,440.961,8152,1.586248423,1.588500000,2.251577,1,440.961161,10.000000,14,0,18,0.001,1
113,10,426.580,8152,1.601985535,1.607500000,5.514465,1,426.579863,10.000000,14,0,18,0.217,3
114,10,420.899,8152,1.617345839,1.619500000,2.154161,1,420.898919,10.000000,14,0,18,0.000,2
115,10,410.245,8152,1.633013985,1.635500000,2.486015,1,410.244719,10.000000,14,0,18,0.001,1
116,10,409.657,8152,1.645699218,1.648000000,2.300782,1,409.657492,10.000000,14,0,18,0.216,2
117,10,411.383,8152,1.659441779,1.661500000,2.058221,1,411.383433,10.000000,14,0,18,0.216,1
118,10,407.168,8152,1.673335404,1.675500000,2.164596,1,407.167596,10.000000,14,0,18,0.000,1
119,10,417.632,8152,1.686689385,1.689000000,2.310615,1,417.632421,10.000000,14,0,18,0.000,0
120,10,421.485,8152,1.702337069,1.707500000,5.162931,1,421.484771,10.000000,14,0,18,0.001,3
121,10,437.417,8152,1.716328568,1.718500000,2.171432,1,437.417182,10.000000,14,0,18,0.000,3
122,10,440.885,8152,1.730120909,1.732500000,2.379091,1,440.884677,10.000000,14,0,18,0.216,2
123,10,452.273,8152,1.743362059,1.745500000,2.137941,1,452.273339,10.000000,14,0,18,0.000,1
124,10,452.986,8152,1.758843821,1.761000000,2.156179,1,452.986147,10.000000,14,0,18,0.002,2
125,10,451.765,8152,1.772679349,1.775000000,2.320651,1,451.765251,10.000000,14,0,18,0.301,2
126,10,458.433,8152,1.786322307,1.788500000,2.177693,1,458.433202,10.000000,14,0,18,0.301,2
127,10,459.018,8152,1.801535632,1.807000000,5.464368,1,459.018477,10.000000,14,0,18,0.216,3
128,10,458.099,8152,1.814733149,1.817000000,2.266851,1,458.099088,10.000000,14,0,18,0.217,2
129,10,468.560,8152,1.828391680,1.830500000,2.108320,1,468.559540,10.000000,14,0,18,0.275,2
130,10,484.301,8152,1.842659489,1.845000000,2.340511,1,484.300981,10.000000,14,0,18,0.000,1
131,10,506.945,8152,1.856300168,1.858500000,2.199832,1,506.945038,10.000000,14,0,18,0.001,2
132,10,500.470,8152,1.869488049,1.872000000,2.511951,1,500.470268,10.000000,14,0,18,0.001,2
133,10,497.080,8152,1.885898915,1.891000000,5.101085,1,497.079934,10.000000,14,0,18,0.000,2
134,10,501.058,8152,1.898691815,1.901000000,2.308185,1,501.058170,10.000000,14,0,18,0.000,2
135,10,500.462,8152,1.914414765,1.919500000,5.085235,1,500.462369,10.000000,14,0,18,0.217,4
136,10,483.520,8152,1.927885598,1.930000000,2.114402,1,483.520216,10.000000,14,0,18,0.000,2
137,10,473.871,8152,1.940800981,1.943000000,2.199019,1,473.871204,10.000000,14,0,18,0.000,4
138,10,461.536,8152,1.954573958,1.957000000,2.426042,1,461.535841,10.000000,14,0,18,0.002,6
139,10,464.712,8152,1.967575328,1.970000000,2.424672,1,464.712300,10.000000,14,0,18,0.001,4
140,10,450.061,8152,1.982249417,1.990500000,8.250583,1,450.060833,10.000000,14,0,18,0.001,2
141,10,450.185,8152,1.995297824,1.997500000,2.202176,1,450.184662,10.000000,14,0,18,0.000,2
142,10,437.836,8152,2.009984618,2.015000000,5.015382,1,437.836492,10.000000,14,0,18,0.117,4
143,10,436.108,8152,2.026217168,2.028500000,2.282832,1,436.108483,10.000000,14,0,18,0.216,3
144,10,427.129,8152,2.039389358,2.041500000,2.110642,1,427.128904,10.000000,14,0,18,0.216,3
145,10,404.430,8152,2.053706935,2.056000000,2.293065,1,404.430453,10.000000,14,0,18,0.000,2
146,10,398.251,8152,2.066823773,2.069000000,2.176227,1,398.251399,10.000000,14,0,18,0.000,2
147,10,409.292,8152,2.081758814,2.084000000,2.241186,1,409.292380,10.000000,14,0,18,0.216,3
148,10,405.894,8152,2.096171979,2.098500000,2.328021,1,405.893546,10.000000,14,0,18,0.000,2
149,10,417.323,8152,2.110139693,2.115500000,5.360307,1,417.323413,10.000000,14,0,18,0.000,3
150,10,430.914,8152,2.123423957,2.125500000,2.076043,1,430.913905,10.000000,14,0,18,0.216,2
151,10,457.908,8152,2.136864518,2.139000000,2.135482,1,457.908173,10.000000,14,0,18,0.245,2
152,10,457.604,8152,2.152596022,2.155000000,2.403978,1,457.604444,10.000000,14,0,18,0.001,2
153,10,468.934,8152,2.165338803,2.167500000,2.161197,1,468.933654,10.000000,14,0,18,0.217,2
154,10,480.787,8152,2.178815503,2.181000000,2.184497,1,480.786764,10.000000,14,0,18,0.001,2
155,10,496.297,8152,2.192648361,2.195000000,2.351639,1,496.296554,10.000000,14,0,18,0.000,2
156,10,503.461,8152,2.208256880,2.213500000,5.243120,1,503.461327,10.000000,14,0,18,0.002,5
157,10,516.235,8152,2.222963499,2.225000000,2.036501,1,516.234628,10.000000,14,0,18,0.216,2
158,10,536.499,8152,2.236253429,2.238500000,2.246571,1,536.499176,10.000000,14,0,18,0.000,0
159,10,529.485,8152,2.249594188,2.252000000,2.405812,1,529.484987,10.000000,14,0,18,0.000,2
160,10,525.113,8152,2.263706217,2.266000000,2.293783,1,525.113096,10.000000,14,0,18,0.000,4
161,10,521.398,8152,2.277917881,2.280000000,2.082119,1,521.397649,10.000000,14,0,18,0.246,3
162,10,525.746,8152,2.291667561,2.294000000,2.332439,1,525.746215,10.000000,14,0,18,0.216,3
163,10,503.332,8152,2.306822976,2.312000000,5.177024,1,503.331606,10.000000,14,0,18,0.216,2
164,10,510.095,8152,2.322033751,2.324500000,2.466249,1,510.095160,10.000000,14,0,18,0.001,1
165,10,497.012,8152,2.335537509,2.338000000,2.462491,1,497.012192,10.000000,14,0,18,0.001,1
166,10,497.014,8152,2.348372905,2.350500000,2.127095,1,497.014354,10.000000,14,0,18,0.001,5
167,10,494.102,8152,2.361200280,2.363500000,2.299720,1,494.102011,10.000000,14,0,18,0.216,6
168,10,505.869,8152,2.375165534,2.377500000,2.334466,1,505.869135,10.000000,14,0,18,0.001,6
169,10,514.095,8152,2.387967566,2.390000000,2.032434,1,514.094605,10.000000,14,0,18,0.001,6
170,10,528.528,8152,2.402293750,2.407500000,5.206250,1,528.527701,10.000000,14,0,18,0.216,3
171,10,514.330,8152,2.417563619,2.420000000,2.436381,1,514.330234,10.000000,14,0,18,0.000,4
172,10,514.141,8152,2.430865177,2.433000000,2.134823,1,514.140624,10.000000,14,0,18,0.000,3
173,10,530.531,8152,2.446247050,2.448500000,2.252950,1,530.531376,10.000000,14,0,18,0.002,4
174,10,542.521,8152,2.460884104,2.463000000,2.115896,1,542.521004,10.000000,14,0,18,0.462,5
175,10,544.260,8152,2.475897362,2.478000000,2.102638,1,544.259766,10.000000,14,0,18,0.492,5
176,10,561.011,8152,2.488565948,2.491000000,2.434052,1,561.011073,10.000000,14,0,18,0.217,4
177,10,595.472,8152,2.501762903,2.507000000,5.237097,1,595.471863,10.000000,14,0,18,0.000,3
178,10,597.163,8152,2.516170363,2.518500000,2.329637,1,597.163437,10.000000,14,0,18,0.001,4
179,10,590.437,8152,2.529908412,2.532000000,2.091588,1,590.437480,10.000000,14,0,18,0.000,3
180,10,577.957,8152,2.542617238,2.545000000,2.382762,1,577.956772,10.000000,14,0,18,0.000,3
181,10,577.206,8152,2.556829454,2.559000000,2.170546,1,577.206345,10.000000,14,0,18,0.217,5
182,10,551.888,8152,2.569716942,2.572000000,2.283058,1,551.888334,10.000000,14,0,18,0.000,4
183,10,551.071,8152,2.582629729,2.585000000,2.370271,1,551.071409,10.000000,14,0,18,0.000,2
184,10,543.499,8152,2.596885948,2.599000000,2.114052,1,543.498898,10.000000,14,0,18,0.216,2
185,10,536.123,8152,2.610762314,2.613000000,2.237686,1,536.122996,10.000000,14,0,18,0.001,2
186,10,524.439,8152,2.624585602,2.630000000,5.414398,1,524.439042,10.000000,14,0,18,0.217,3
187,10,509.344,8152,2.639032840,2.641500000,2.467160,1,509.343946,10.000000,14,0,18,0.245,2
188,10,509.783,8152,2.652346128,2.654500000,2.153872,1,509.782977,10.000000,14,0,18,0.000,1
189,10,492.379,8152,2.666815083,2.669000000,2.184917,1,492.378738,10.000000,14,0,18,0.001,2
190,10,476.495,8152,2.682459770,2.684500000,2.040230,1,476.494730,10.000000,14,0,18,0.000,2
191,10,478.951,8152,2.695517894,2.698000000,2.482106,1,478.950767,10.000000,14,0,18,0.216,2
192,10,481.512,8152,2.709054316,2.711500000,2.445684,1,481.512314,10.000000,14,0,18,0.216,1
193,10,477.936,8152,2.723159574,2.725500000,2.340426,1,477.936273,10.000000,14,0,18,0.000,1
194,10,483.246,8152,2.737320483,2.739500000,2.179517,1,483.245757,10.000000,14,0,18,0.000,3
195,10,487.379,8152,2.754171953,2.756500000,2.328047,1,487.379499,10.000000,14,0,18,0.001,3
196,10,496.034,8152,2.768213079,2.770500000,2.286921,1,496.033534,10.000000,14,0,18,0.000,3
197,10,479.371,8152,2.782543802,2.785000000,2.456198,1,479.370683,10.000000,14,0,18,0.001,3
198,10,470.720,8152,2.795889913,2.798000000,2.110087,1,470.719830,10.000000,14,0,18,0.001,2
199,10,473.654,8152,2.812836217,2.815000000,2.163783,1,473.653890,10.000000,14,0,18,0.001,5
200,10,493.315,8152,2.829231332,2.831500000,2.268668,1,493.314521,10.000000,14,0,18,0.002,3
201,10,507.420,8152,2.844610193,2.847000000,2.389807,1,507.419920,10.000000,14,0,18,0.001,3
202,10,514.361,8152,2.857313604,2.859500000,2.186396,1,514.361289,10.000000,14,0,18,0.000,1
203,10,510.042,8152,2.872128787,2.874500000,2.371213,1,510.041618,10.000000,14,0,18,0.000,3
204,10,501.414,8152,2.886324371,2.888500000,2.175629,1,501.413792,10.000000,14,0,18,0.000,2
205,10,505.619,8152,2.901124563,2.903500000,2.375437,1,505.618601,10.000000,14,0,18,0.001,5
206,10,488.151,8152,2.916816985,2.919000000,2.183015,1,488.150881,10.000000,14,0,18,0.001,5
207,10,490.408,8152,2.931004725,2.933500000,2.495275,1,490.407823,10.000000,14,0,18,0.670,6
208,10,494.884,8152,2.945576903,2.948000000,2.423097,1,494.883722,10.000000,14,0,18,0.000,3
209,10,493.292,8152,2.960367450,2.962500000,2.132550,1,493.292387,10.000000,14,0,18,0.216,2
210,10,498.501,8152,2.973850873,2.976000000,2.149127,1,498.500626,10.000000,14,0,18,0.000,3
211,10,505.216,8152,2.989014730,2.991500000,2.485270,1,505.215758,10.000000,14,0,18,0.930,6
212,10,520.755,8152,3.005292856,3.007500000,2.207144,1,520.754568,10.000000,14,0,18,0.429,4
213,10,529.439,8152,3.018749375,3.021000000,2.250625,1,529.438960,10.000000,14,0,18,0.217,5
214,10,531.110,8152,3.032496561,3.035000000,2.503439,1,531.110440,10.000000,14,0,18,0.001,1
215,10,531.887,8152,3.045805466,3.048000000,2.194534,1,531.886654,10.000000,14,0,18,0.001,2
216,10,534.939,8152,3.059495509,3.062000000,2.504491,1,534.938735,10.000000,14,0,18,0.216,1
217,10,520.985,8152,3.073108083,3.075500000,2.391917,1,520.984948,10.000000,14,0,18,0.001,2
218,10,519.125,8152,3.088428800,3.090500000,2.071200,1,519.124815,10.000000,14,0,18,0.001,1
219,10,523.449,8152,3.101580545,3.107000000,5.419455,1,523.449223,10.000000,14,0,18,0.217,4
220,10,537.921,8152,3.117656249,3.120000000,2.343751,1,537.921443,10.000000,14,0,18,0.217,4
221,10,552.245,8152,3.130357385,3.132500000,2.142615,1,552.244543,10.000000,14,0,18,0.000,3
222,10,545.472,8152,3.146079359,3.148500000,2.420641,1,545.471622,10.000000,14,0,18,0.000,3
223,10,563.578,8152,3.159645640,3.162000000,2.354360,1,563.577994,10.000000,14,0,18,0.002,3
224,10,567.146,8152,3.177482985,3.180000000,2.517015,1,567.145600,10.000000,14,0,18,0.100,2
225,10,576.457,8152,3.192348314,3.194500000,2.151686,1,576.456520,10.000000,14,0,18,0.217,3
226,10,563.578,8152,3.207939908,3.213000000,5.060092,1,563.577659,10.000000,14,0,18,0.217,6
227,10,554.713,8152,3.222956060,3.225000000,2.043940,1,554.712632,10.000000,14,0,18,0.245,4
228,10,559.195,8152,3.238596109,3.241000000,2.403891,1,559.195486,10.000000,14,0,18,0.001,3
229,10,560.653,8152,3.254760924,3.257000000,2.239076,1,560.652879,10.000000,14,0,18,0.000,3
230,10,539.074,8152,3.268605859,3.271000000,2.394141,1,539.073555,10.000000,14,0,18,0.245,4
231,10,510.128,8152,3.283523702,3.286000000,2.476298,1,510.128361,10.000000,14,0,18,0.433,4
232,10,520.651,8152,3.298577526,3.301000000,2.422474,1,520.651374,10.000000,14,0,18,0.217,2
233,10,539.742,8152,3.314290312,3.319500000,5.209688,1,539.742117,10.000000,14,0,18,0.455,5
234,10,536.702,8152,3.328667733,3.331000000,2.332267,1,536.702382,10.000000,14,0,18,0.000,5
235,10,546.001,8152,3.341621892,3.344000000,2.378108,1,546.001053,10.000000,14,0,18,0.001,2
236,10,558.349,8152,3.355983123,3.358500000,2.516877,1,558.348886,10.000000,14,0,18,0.216,3
237,10,567.706,8152,3.369625249,3.372000000,2.374751,1,567.706073,10.000000,14,0,18,0.462,4
238,10,565.397,8152,3.383175995,3.385500000,2.324005,1,565.397267,10.000000,14,0,18,0.000,4
239,10,582.474,8152,3.396134626,3.398500000,2.365374,1,582.474328,10.000000,14,0,18,0.246,3
240,10,577.668,8152,3.411048962,3.413500000,2.451038,1,577.668346,10.000000,14,0,18,0.002,4
241,10,581.242,8152,3.425185394,3.427500000,2.314606,1,581.242425,10.000000,14,0,18,0.001,4
242,10,594.094,8152,3.440701542,3.443000000,2.298458,1,594.094212,10.000000,14,0,18,0.275,2
243,10,594.057,8152,3.459796321,3.462000000,2.203679,1,594.057211,10.000000,14,0,18,0.491,5
244,10,585.623,8152,3.474806440,3.477000000,2.193560,1,585.622864,10.000000,14,0,18,0.001,3
245,10,580.869,8152,3.489430835,3.491500000,2.069165,1,580.869329,10.000000,14,0,18,0.000,4
246,10,578.916,8152,3.505493176,3.508000000,2.506824,1,578.915723,10.000000,14,0,18,0.001,2
247,10,582.242,8152,3.519885859,3.522000000,2.114141,1,582.241831,10.000000,14,0,18,0.216,2
248,10,560.556,8152,3.535733742,3.538000000,2.266258,1,560.556232,10.000000,14,0,18,0.000,4
249,10,562.205,8152,3.550575112,3.553000000,2.424888,1,562.204795,10.000000,14,0,18,0.492,5
250,10,547.004,8152,3.567297575,3.569500000,2.202425,1,547.003760,10.000000,14,0,18,0.000,2
251,10,542.942,8152,3.582237484,3.584500000,2.262516,1,542.942217,10.000000,14,0,18,0.001,2
252,10,520.203,8152,3.595665868,3.598000000,2.334132,1,520.202642,10.000000,14,0,18,0.001,2
253,10,520.642,8152,3.610674106,3.613000000,2.325894,1,520.642220,10.000000,14,0,18,0.218,5
254,10,504.339,8152,3.625793755,3.628000000,2.206245,1,504.339349,10.000000,14,0,18,0.001,7
255,10,504.068,8152,3.638743263,3.641000000,2.256737,1,504.068325,10.000000,14,0,18,0.000,5
256,10,504.010,8152,3.654511350,3.657000000,2.488650,1,504.009702,10.000000,14,0,18,0.002,5
257,10,511.453,8152,3.670663967,3.673000000,2.336033,1,511.452904,10.000000,14,0,18,0.001,2
258,10,490.680,8152,3.684436789,3.686500000,2.063211,1,490.680286,10.000000,14,0,18,0.000,4
259,10,493.832,8152,3.697773106,3.700000000,2.226894,1,493.831872,10.000000,14,0,18,0.002,4
260,10,491.363,8152,3.710774710,3.713000000,2.225290,1,491.362658,10.000000,14,0,18,0.218,6
261,10,480.870,8152,3.724116556,3.726500000,2.383444,1,480.870051,10.000000,14,0,18,0.462,6
262,10,465.757,8152,3.737477131,3.739500000,2.022869,1,465.756869,10.000000,14,0,18,0.002,7
263,10,463.602,8152,3.750425117,3.752500000,2.074883,1,463.602192,10.000000,14,0,18,0.218,4
264,10,443.139,8152,3.768582933,3.771000000,2.417067,1,443.139270,10.000000,14,0,18,0.000,2
265,10,426.466,8152,3.783012846,3.785500000,2.487154,1,426.466246,10.000000,14,0,18,0.216,5
266,10,410.821,8152,3.795902963,3.798000000,2.097037,1,410.821390,10.000000,14,0,18,0.000,3
267,10,413.378,8152,3.808736387,3.814000000,5.263613,1,413.378426,10.000000,14,0,18,0.000,4
268,10,411.911,8152,3.822182676,3.824500000,2.317324,1,411.911454,10.000000,14,0,18,0.432,3
269,10,434.855,8152,3.835483901,3.838000000,2.516099,1,434.854810,10.000000,14,0,18,0.000,1
270,10,441.306,8152,3.848832408,3.851000000,2.167592,1,441.305812,10.000000,14,0,18,0.000,1
271,10,454.669,8152,3.862610965,3.865000000,2.389035,1,454.668930,10.000000,14,0,18,0.000,2
272,10,447.975,8152,3.876136079,3.878500000,2.363921,1,447.974880,10.000000,14,0,18,0.245,2
273,10,455.901,8152,3.892568065,3.895000000,2.431935,1,455.901418,10.000000,14,0,18,0.245,3
274,10,451.944,8152,3.905747462,3.908000000,2.252538,1,451.944054,10.000000,14,0,18,0.217,3
275,10,453.301,8152,3.918698280,3.921000000,2.301720,1,453.301389,10.000000,14,0,18,0.001,3
276,10,445.866,8152,3.934715488,3.937000000,2.284512,1,445.866268,10.000000,14,0,18,0.000,0
277,10,445.083,8152,3.948150767,3.950500000,2.349233,1,445.083201,10.000000,14,0,18,0.217,2
278,10,434.285,8152,3.962464966,3.964500000,2.035034,1,434.284666,10.000000,14,0,18,0.000,2
279,10,438.163,8152,3.979898532,3.982000000,2.101468,1,438.163114,10.000000,14,0,18,0.000,4
280,10,426.365,8152,3.993378646,3.995500000,2.121354,1,426.365417,10.000000,14,0,18,0.000,3
281,10,421.542,8152,4.006516391,4.012000000,5.483609,1,421.542117,10.000000,14,0,18,0.216,5
282,10,413.453,8152,4.020129147,4.022500000,2.370853,1,413.453016,10.000000,14,0,18,0.002,4
283,10,419.869,8152,4.038142371,4.040500000,2.357629,1,419.868504,10.000000,14,0,18,0.216,3
284,10,403.225,8152,4.052898965,4.055000000,2.101035,1,403.224735,10.000000,14,0,18,0.001,3
285,10,399.684,8152,4.069067566,4.071500000,2.432434,1,399.684234,10.000000,14,0,18,0.001,3
286,10,390.988,8152,4.083366846,4.085500000,2.133154,1,390.988422,10.000000,14,0,18,0.216,3
287,10,393.704,8152,4.099043350,4.104500000,5.456650,1,393.704385,10.000000,14,0,18,0.217,3
288,10,384.314,8152,4.112366899,4.114500000,2.133101,1,384.313851,10.000000,14,0,18,0.000,3
289,10,382.438,8152,4.125681328,4.128000000,2.318672,1,382.437771,10.000000,14,0,18,0.000,4
290,10,384.030,8152,4.141983837,4.144500000,2.516163,1,384.029627,10.000000,14,0,18,0.099,2
291,10,389.198,8152,4.154838920,4.157000000,2.161080,1,389.198413,10.000000,14,0,18,0.000,2
292,10,377.230,8152,4.168892968,4.171000000,2.107032,1,377.229750,10.000000,14,0,18,0.000,2
293,10,380.335,8152,4.182547638,4.185000000,2.452362,1,380.334778,10.000000,14,0,18,0.344,2
294,10,375.102,8152,4.198435404,4.200500000,2.064596,1,375.102479,10.000000,14,0,18,0.216,5
295,10,377.676,8152,4.214098975,4.216500000,2.401025,1,377.675946,10.000000,14,0,18,0.001,6
296,10,374.414,8152,4.227232868,4.229500000,2.267132,1,374.414191,10.000000,14,0,18,0.001,3
297,10,381.768,8152,4.243765163,4.246000000,2.234837,1,381.768286,10.000000,14,0,18,0.000,1
298,10,370.616,8152,4.259043571,4.261500000,2.456429,1,370.615845,10.000000,14,0,18,0.001,1
299,10,370.160,8152,4.274887573,4.277000000,2.112427,1,370.160281,10.000000,14,0,18,0.216,2
300,10,363.619,8152,4.290169862,4.292500000,2.330138,1,363.619194,10.000000,14,0,18,0.001,2
301,10,364.905,8152,4.304212093,4.306500000,2.287907,1,364.905154,10.000000,14,0,18,0.001,4
302,10,372.359,8152,4.320006180,4.322500000,2.493820,1,372.358902,10.000000,14,0,18,0.000,2
303,10,374.383,8152,4.333617985,4.336000000,2.382015,1,374.383295,10.000000,14,0,18,0.001,2
304,10,369.389,8152,4.348541495,4.351000000,2.458505,1,369.388576,10.000000,14,0,18,0.000,2
305,10,373.311,8152,4.362019587,4.364500000,2.480413,1,373.310841,10.000000,14,0,18,0.560,3
306,10,376.465,8152,4.375343689,4.377500000,2.156311,1,376.465007,10.000000,14,0,18,0.216,3
307,10,367.831,8152,4.388019453,4.390500000,2.480547,1,367.830753,10.000000,14,0,18,0.002,3
308,10,374.121,8152,4.401223218,4.403500000,2.276782,1,374.121447,10.000000,14,0,18,0.000,4
309,10,377.036,8152,4.416099003,4.421500000,5.400997,1,377.035624,10.000000,14,0,18,0.209,4
310,10,386.766,8152,4.430100214,4.432500000,2.399786,1,386.766194,10.000000,14,0,18,0.216,2
311,10,399.652,8152,4.444183725,4.446500000,2.316275,1,399.651666,10.000000,14,0,18,0.158,2
312,10,394.829,8152,4.460617810,4.463000000,2.382190,1,394.829119,10.000000,14,0,18,0.454,5
313,10,392.687,8152,4.474625872,4.477000000,2.374128,1,392.687014,10.000000,14,0,18,0.219,5
314,10,391.716,8152,4.490767417,4.493000000,2.232583,1,391.716120,10.000000,14,0,18,0.001,3
315,10,390.586,8152,4.503913619,4.509000000,5.086381,1,390.585576,10.000000,14,0,18,0.432,7
316,10,375.687,8152,4.517935497,4.520000000,2.064503,1,375.686502,10.000000,14,0,18,0.217,5
317,10,362.570,8152,4.535969327,4.538000000,2.030673,1,362.569897,10.000000,14,0,18,0.000,1
318,10,345.697,8152,4.548881763,4.551000000,2.118237,1,345.697130,10.000000,14,0,18,0.001,4
319,10,339.708,8152,4.561784288,4.564000000,2.215712,1,339.708186,10.000000,14,0,18,0.000,3
320,10,327.021,8152,4.574599747,4.577000000,2.400253,1,327.020638,10.000000,14,0,18,0.001,4
321,10,334.990,8152,4.589093725,4.591500000,2.406275,1,334.990143,10.000000,14,0,18,0.217,3
322,10,334.944,8152,4.605090179,4.607500000,2.409821,1,334.944140,10.000000,14,0,18,0.002,3
323,10,347.345,8152,4.617953867,4.620000000,2.046133,1,347.344877,10.000000,14,0,18,0.209,3
324,10,343.968,8152,4.631798690,4.634000000,2.201310,1,343.967890,10.000000,14,0,18,0.217,4
325,10,344.293,8152,4.644489533,4.647000000,2.510467,1,344.292793,10.000000,14,0,18,0.344,4
326,10,353.722,8152,4.657219101,4.659500000,2.280899,1,353.722284,10.000000,14,0,18,0.000,1
327,10,355.689,8152,4.671146724,4.673500000,2.353276,1,355.688965,10.000000,14,0,18,0.000,1
328,10,352.145,8152,4.685143621,4.687500000,2.356379,1,352.145025,10.000000,14,0,18,0.000,1
329,10,356.611,8152,4.699805171,4.702000000,2.194829,1,356.611488,10.000000,14,0,18,0.000,1
330,10,352.159,8152,4.712635939,4.715000000,2.364061,1,352.159177,10.000000,14,0,18,0.433,4
331,10,355.139,8152,4.731073729,4.733500000,2.426271,1,355.138904,10.000000,14,0,18,0.001,1
332,10,353.279,8152,4.745825084,4.748000000,2.174916,1,353.279480,10.000000,14,0,18,0.001,1
333,10,361.253,8152,4.758768618,4.761000000,2.231382,1,361.253406,10.000000,14,0,18,0.000,1
334,10,360.875,8152,4.772439289,4.774500000,2.060711,1,360.875113,10.000000,14,0,18,0.000,2
335,10,357.691,8152,4.787836611,4.790000000,2.163389,1,357.690581,10.000000,14,0,18,0.000,2
336,10,353.897,8152,4.802697164,4.811000000,8.302836,1,353.897145,10.000000,14,0,18,0.001,3
337,10,354.761,8152,4.815787268,4.818000000,2.212732,1,354.761268,10.000000,14,0,18,0.210,5
338,10,352.989,8152,4.832316329,4.834500000,2.183671,1,352.989035,10.000000,14,0,18,0.000,2
339,10,358.681,8152,4.845544436,4.848000000,2.455564,1,358.680739,10.000000,14,0,18,0.000,3
340,10,365.953,8152,4.858477551,4.860500000,2.022449,1,365.953130,10.000000,14,0,18,0.209,4
341,10,380.666,8152,4.872090770,4.874500000,2.409230,1,380.666408,10.000000,14,0,18,0.641,4
342,10,383.327,8152,4.885103771,4.887500000,2.396229,1,383.327311,10.000000,14,0,18,0.000,3
343,10,387.049,8152,4.901473749,4.903500000,2.026251,1,387.048872,10.000000,14,0,18,0.001,3
344,10,383.687,8152,4.914522746,4.917000000,2.477254,1,383.687356,10.000000,14,0,18,0.002,6
345,10,389.453,8152,4.928379265,4.930500000,2.120735,1,389.453497,10.000000,14,0,18,0.426,4
346,10,390.735,8152,4.941704212,4.944000000,2.295788,1,390.734812,10.000000,14,0,18,0.000,2
347,10,388.557,8152,4.955373225,4.957500000,2.126775,1,388.557247,10.000000,14,0,18,0.000,3
348,10,391.584,8152,4.969506640,4.972000000,2.493360,1,391.584096,10.000000,14,0,18,0.426,3
349,10,398.950,8152,4.983955111,4.986000000,2.044889,1,398.950097,10.000000,14,0,18,0.001,1
350,10,406.606,8152,4.999400735,5.001500000,2.099265,1,406.606085,10.000000,14,0,18,0.002,3
351,10,410.709,8152,5.014391986,5.019500000,5.108014,1,410.708847,10.000000,14,0,18,0.217,5
352,10,402.496,8152,5.027129111,5.029500000,2.370889,1,402.495968,10.000000,14,0,18,0.216,2
353,10,403.422,8152,5.040364788,5.042500000,2.135212,1,403.422467,10.000000,14,0,18,0.000,0
354,10,400.502,8152,5.054246002,5.056500000,2.253998,1,400.502246,10.000000,14,0,18,0.000,1
355,10,407.991,8152,5.067366359,5.069500000,2.133641,1,407.991173,10.000000,14,0,18,0.000,0
356,10,400.791,8152,5.081663981,5.084000000,2.336019,1,400.791289,10.000000,14,0,18,0.000,1
357,10,400.055,8152,5.096873511,5.099000000,2.126489,1,400.055098,10.000000,14,0,18,0.000,2
358,10,398.380,8152,5.109599130,5.115000000,5.400870,1,398.380476,10.000000,14,0,18,0.217,4
359,10,410.626,8152,5.123402798,5.125500000,2.097202,1,410.626048,10.000000,14,0,18,0.217,2
360,10,402.182,8152,5.136306209,5.138500000,2.193791,1,402.181685,10.000000,14,0,18,0.001,1
361,10,402.189,8152,5.150699454,5.153000000,2.300546,1,402.189401,10.000000,14,0,18,0.216,2
362,10,391.044,8152,5.165784861,5.168000000,2.215139,1,391.044048,10.000000,14,0,18,0.000,3
363,10,401.071,8152,5.181937014,5.184000000,2.062986,1,401.070697,10.000000,14,0,18,0.217,3
364,10,400.746,8152,5.196998170,5.199500000,2.501830,1,400.746424,10.000000,14,0,18,0.000,2
365,10,403.652,8152,5.210927359,5.216000000,5.072641,1,403.652159,10.000000,12,0,18,0.000,3
366,10,403.404,8152,5.226466576,5.228500000,2.033424,1,403.404033,10.000000,12,0,18,0.000,1
367,10,415.203,8152,5.239729502,5.242000000,2.270498,1,415.203329,10.000000,12,0,18,0.001,2
368,10,408.558,8152,5.253186271,5.255500000,2.313729,1,408.557697,10.000000,12,0,18,0.000,2
369,10,415.332,8152,5.267216401,5.269500000,2.283599,1,415.331598,10.000000,12,0,18,0.216,3
370,10,421.616,8152,5.283670181,5.286000000,2.329819,1,421.616141,10.000000,12,0,18,0.000,1
371,10,430.536,8152,5.296698320,5.302000000,5.301680,1,430.536441,10.000000,12,0,18,0.000,2
372,10,428.990,8152,5.312372218,5.317500000,5.127782,1,428.990303,10.000000,12,0,18,0.000,2
373,10,426.942,8152,5.327348765,5.329500000,2.151235,1,426.941674,10.000000,12,0,18,0.000,0
374,10,426.355,8152,5.341218314,5.343500000,2.281686,1,426.355420,10.000000,12,0,18,0.000,1
375,10,430.597,8152,5.356688090,5.359000000,2.311910,1,430.596996,10.000000,12,0,18,0.000,1
376,10,426.595,8152,5.371285768,5.373500000,2.214232,1,426.594843,10.000000,12,0,18,0.000,0
377,10,438.883,8152,5.386423027,5.388500000,2.076973,1,438.883437,10.000000,12,0,18,0.000,1
378,10,428.600,8152,5.399612313,5.405000000,5.387687,1,428.599552,10.000000,14,0,18,0.001,2
379,10,428.421,8152,5.416354560,5.418500000,2.145440,1,428.420708,10.000000,14,0,18,0.217,3
380,10,428.033,8152,5.430037848,5.432500000,2.462152,1,428.032564,10.000000,14,0,18,0.216,2
381,10,429.710,8152,5.446508555,5.452000000,5.491445,1,429.709559,10.000000,14,0,18,0.000,4
382,10,421.184,8152,5.461173382,5.463500000,2.326618,1,421.183933,10.000000,14,0,18,0.000,4
383,10,425.095,8152,5.474661239,5.477000000,2.338761,1,425.094557,10.000000,14,0,18,0.491,4
384,10,426.167,8152,5.490711905,5.496000000,5.288095,1,426.166772,10.000000,14,0,18,0.216,4
385,10,425.459,8152,5.504000061,5.509500000,5.499939,1,425.458825,10.000000,14,0,18,0.217,4
386,10,426.118,8152,5.517865786,5.520000000,2.134214,1,426.118406,10.000000,14,0,18,0.000,3
387,10,435.485,8152,5.531877190,5.534000000,2.122810,1,435.485476,10.000000,14,0,18,0.001,3
388,10,427.887,8152,5.544568701,5.547000000,2.431299,1,427.887209,10.000000,14,0,18,0.217,2
389,10,425.747,8152,5.558173737,5.560500000,2.326263,1,425.747389,10.000000,14,0,18,0.217,3
390,10,425.948,8152,5.574850875,5.577000000,2.149125,1,425.948028,10.000000,14,0,18,0.000,1
391,10,434.724,8152,5.588068716,5.590500000,2.431284,1,434.724424,10.000000,14,0,18,0.001,2
392,10,421.308,8152,5.603164567,5.608500000,5.335433,1,421.307888,10.000000,14,0,18,0.001,3
393,10,421.750,8152,5.615930325,5.618000000,2.069675,1,421.750393,10.000000,14,0,18,0.001,4
394,10,420.198,8152,5.630922629,5.633000000,2.077371,1,420.198317,10.000000,14,0,18,0.217,4
395,10,419.386,8152,5.643863913,5.646000000,2.136087,1,419.386149,10.000000,14,0,18,0.001,2
396,10,412.478,8152,5.657135898,5.659500000,2.364102,1,412.477708,10.000000,14,0,18,0.216,5
397,10,414.186,8152,5.671527296,5.674000000,2.472704,1,414.186199,10.000000,14,0,18,0.218,4
398,10,416.349,8152,5.684859113,5.687000000,2.140887,1,416.348968,10.000000,14,0,18,0.002,4
399,10,429.394,8152,5.698880454,5.701000000,2.119546,1,429.393736,10.000000,14,0,18,0.000,5
400,10,432.683,8152,5.713547740,5.716000000,2.452260,1,432.683359,10.000000,14,0,18,0.002,5
401,10,428.548,8152,5.727933758,5.730000000,2.066242,1,428.548298,10.000000,14,0,18,0.426,5
402,10,429.173,8152,5.742020983,5.744500000,2.479017,1,429.172878,10.000000,14,0,18,0.000,5
403,10,433.441,8152,5.754782025,5.757000000,2.217975,1,433.441208,10.000000,14,0,18,0.001,5
404,10,433.328,8152,5.770098922,5.772500000,2.401078,1,433.328353,10.000000,14,0,18,0.209,5
405,10,429.759,8152,5.782992902,5.785500000,2.507098,1,429.759448,10.000000,14,0,18,0.425,4
406,10,418.488,8152,5.798774436,5.801000000,2.225564,1,418.487818,10.000000,14,0,18,0.002,5
407,10,414.527,8152,5.812955621,5.818000000,5.044379,1,414.526953,10.000000,14,0,18,0.000,1
408,10,421.017,8152,5.825911437,5.828000000,2.088563,1,421.017498,10.000000,14,0,18,0.001,4
409,10,420.455,8152,5.839163615,5.841500000,2.336385,1,420.454802,10.000000,14,0,18,0.000,1
410,10,409.917,8152,5.852077764,5.854500000,2.422236,1,409.916715,10.000000,14,0,18,0.000,3
411,10,415.340,8152,5.865262560,5.867500000,2.237440,1,415.340364,10.000000,14,0,18,0.216,4
412,10,411.270,8152,5.879706064,5.882000000,2.293936,1,411.269892,10.000000,14,0,18,0.217,5
413,10,419.577,8152,5.893498212,5.896000000,2.501788,1,419.576516,10.000000,14,0,18,0.002,5
414,10,421.794,8152,5.906324546,5.908500000,2.175454,1,421.794061,10.000000,14,0,18,0.000,3
415,10,438.029,8152,5.921380628,5.926500000,5.119372,1,438.029310,10.000000,14,0,18,0.002,3
416,10,444.880,8152,5.934692029,5.937000000,2.307971,1,444.880070,10.000000,14,0,18,0.210,3
417,10,441.535,8152,5.947732930,5.950000000,2.267070,1,441.534552,10.000000,14,0,18,0.001,2
418,10,436.397,8152,5.963449748,5.965500000,2.050252,1,436.396683,10.000000,14,0,18,0.002,3
419,10,448.069,8152,5.976669782,5.979000000,2.330218,1,448.068558,10.000000,14,0,18,0.000,2
420,10,432.266,8152,5.990817244,5.993000000,2.182756,1,432.266089,10.000000,14,0,18,0.399,2
421,10,439.205,8152,6.006494980,6.009000000,2.505020,1,439.204545,10.000000,14,0,18,0.301,4
422,10,443.751,8152,6.019292554,6.021500000,2.207446,1,443.751437,10.000000,14,0,18,0.216,4
423,10,457.003,8152,6.032500097,6.035000000,2.499903,1,457.003338,10.000000,14,0,18,0.000,0
424,10,444.887,8152,6.047081823,6.049500000,2.418177,1,444.886948,10.000000,14,0,18,0.000,1
425,10,456.656,8152,6.062542804,6.065000000,2.457196,1,456.656277,10.000000,14,0,18,0.762,4
426,10,459.283,8152,6.078227801,6.080500000,2.272199,1,459.282880,10.000000,14,0,18,0.216,3
427,10,462.928,8152,6.092035551,6.094500000,2.464449,1,462.927908,10.000000,14,0,18,0.432,3
428,10,456.893,8152,6.106905707,6.112000000,5.094293,1,456.893494,10.000000,14,0,18,0.002,7
429,10,462.930,8152,6.121561864,6.124000000,2.438136,1,462.929776,10.000000,14,0,18,0.516,6
430,10,474.840,8152,6.135936017,6.138000000,2.063983,1,474.840477,10.000000,14,0,18,0.216,4
431,10,493.215,8152,6.150607514,6.153000000,2.392486,1,493.214938,10.000000,14,0,18,0.000,4
432,10,498.825,8152,6.163612182,6.166000000,2.387818,1,498.825435,10.000000,14,0,18,0.462,3
433,10,504.625,8152,6.176938261,6.179000000,2.061739,1,504.624759,10.000000,14,0,18,0.217,2
434,10,490.187,8152,6.189985465,6.192500000,2.514535,1,490.187403,10.000000,14,0,18,0.000,3
435,10,497.889,8152,6.203868064,6.206000000,2.131936,1,497.888645,10.000000,14,0,18,0.000,2
436,10,494.665,8152,6.218508830,6.224000000,5.491170,1,494.665027,10.000000,14,0,18,0.216,3
437,10,485.188,8152,6.233478704,6.235500000,2.021296,1,485.187962,10.000000,14,0,18,0.002,2
438,10,471.182,8152,6.246520980,6.249000000,2.479020,1,471.182004,10.000000,14,0,18,0.245,2
439,10,484.824,8152,6.259424576,6.261500000,2.075424,1,484.823833,10.000000,14,0,18,0.216,1
440,10,485.753,8152,6.273814372,6.276000000,2.185628,1,485.752893,10.000000,14,0,18,0.117,1
441,10,494.227,8152,6.288649929,6.291000000,2.350071,1,494.227455,10.000000,14,0,18,0.000,1
442,10,502.790,8152,6.301924966,6.304000000,2.075034,1,502.790233,10.000000,14,0,18,0.216,1
443,10,506.448,8152,6.315954223,6.321000000,5.045777,1,506.448122,10.000000,14,0,18,0.218,4
444,10,497.467,8152,6.330371378,6.332500000,2.128622,1,497.467087,10.000000,14,0,18,0.000,0
445,10,501.005,8152,6.345336890,6.347500000,2.163110,1,501.004552,10.000000,14,0,18,0.216,2
446,10,514.721,8152,6.359864551,6.362000000,2.135449,1,514.720945,10.000000,14,0,18,0.000,1
447,10,521.434,8152,6.373263989,6.375500000,2.236011,1,521.433579,10.000000,14,0,18,0.000,1
448,10,518.136,8152,6.387386290,6.389500000,2.113710,1,518.135995,10.000000,14,0,18,0.216,1
449,10,512.013,8152,6.400661984,6.403000000,2.338016,1,512.012793,10.000000,14,0,18,0.001,1
450,10,504.316,8152,6.413899771,6.419000000,5.100229,1,504.316332,10.000000,14,0,18,0.000,2
451,10,525.780,8152,6.428366522,6.430500000,2.133478,1,525.780253,10.000000,14,0,18,0.000,0
452,10,523.867,8152,6.441977386,6.444000000,2.022614,1,523.867149,10.000000,14,0,18,0.000,2
453,10,520.761,8152,6.455815794,6.458000000,2.184206,1,520.760713,10.000000,14,0,18,0.000,3
454,10,511.846,8152,6.468506009,6.471000000,2.493991,1,511.845981,10.000000,14,0,18,0.001,3
455,10,519.895,8152,6.481312238,6.483500000,2.187762,1,519.894592,10.000000,14,0,18,0.001,4
456,10,518.709,8152,6.494510272,6.497000000,2.489728,1,518.709050,10.000000,14,0,18,0.216,2
457,10,527.906,8152,6.508543490,6.511000000,2.456510,1,527.906030,10.000000,14,0,18,0.217,3
458,10,532.753,8152,6.522373893,6.527500000,5.126107,1,532.752614,10.000000,14,0,18,0.216,3
459,10,536.115,8152,6.535828984,6.538000000,2.171016,1,536.114608,10.000000,14,0,18,0.001,1
460,10,534.396,8152,6.552284968,6.554500000,2.215032,1,534.395817,10.000000,14,0,18,0.000,1
461,10,534.305,8152,6.567847953,6.570000000,2.152047,1,534.305149,10.000000,14,0,18,0.216,2
462,10,528.345,8152,6.583931089,6.586000000,2.068911,1,528.344944,10.000000,14,0,18,0.001,2
463,10,522.436,8152,6.597972487,6.600000000,2.027513,1,522.436386,10.000000,14,0,18,0.000,1
464,10,511.123,8152,6.610878159,6.613000000,2.121841,1,511.123080,10.000000,14,0,18,0.216,3
465,10,522.109,8152,6.623928173,6.626000000,2.071827,1,522.109356,10.000000,14,0,18,0.000,1
466,10,518.643,8152,6.637486406,6.640000000,2.513594,1,518.642551,10.000000,14,0,18,0.000,1
467,10,513.343,8152,6.654688994,6.657000000,2.311006,1,513.343038,10.000000,14,0,18,0.001,2
468,10,501.947,8152,6.668282747,6.670500000,2.217253,1,501.947362,10.000000,14,0,18,0.001,2
469,10,493.421,8152,6.683206276,6.685500000,2.293724,1,493.421442,10.000000,14,0,18,0.000,2
470,10,515.177,8152,6.697683337,6.700000000,2.316663,1,515.176511,10.000000,14,0,18,0.216,3
471,10,514.201,8152,6.711138895,6.713500000,2.361105,1,514.200582,10.000000,14,0,18,0.217,4
472,10,510.660,8152,6.726698392,6.729000000,2.301608,1,510.660472,10.000000,14,0,18,0.216,4
473,10,498.199,8152,6.739759365,6.742000000,2.240635,1,498.199358,10.000000,14,0,18,0.216,2
474,10,480.913,8152,6.752691125,6.758000000,5.308875,1,480.913000,10.000000,14,0,18,0.000,4
475,10,473.664,8152,6.766187464,6.768500000,2.312536,1,473.663812,10.000000,14,0,18,0.000,2
476,10,464.729,8152,6.780023328,6.782500000,2.476672,1,464.729456,10.000000,14,0,18,0.217,2
477,10,468.559,8152,6.793412312,6.795500000,2.087688,1,468.558617,10.000000,14,0,18,0.000,0
478,10,462.751,8152,6.806675455,6.809000000,2.324545,1,462.750566,10.000000,14,0,18,0.001,3
479,10,472.526,8152,6.819638890,6.822000000,2.361110,1,472.526409,10.000000,14,0,18,0.000,3
480,10,462.207,8152,6.832548079,6.835000000,2.451921,1,462.206571,10.000000,14,0,18,0.216,2
481,10,473.392,8152,6.846065814,6.848500000,2.434186,1,473.392151,10.000000,14,0,18,0.000,3
482,10,472.178,8152,6.861614312,6.864000000,2.385688,1,472.178140,10.000000,14,0,18,0.001,2
483,10,475.093,8152,6.874356299,6.876500000,2.143701,1,475.092963,10.000000,14,0,18,0.002,3
484,10,459.060,8152,6.889965543,6.892000000,2.034457,1,459.059531,10.000000,14,0,18,0.000,1
485,10,460.072,8152,6.905796026,6.908000000,2.203974,1,460.072195,10.000000,14,0,18,0.216,3
486,10,473.252,8152,6.919551674,6.922000000,2.448326,1,473.252389,10.000000,14,0,18,0.002,4
487,10,462.517,8152,6.933248655,6.935500000,2.251345,1,462.517135,10.000000,14,0,18,0.000,3
488,10,469.224,8152,6.948202025,6.950500000,2.297975,1,469.224052,10.000000,14,0,18,0.216,2
489,10,479.775,8152,6.962679622,6.965000000,2.320378,1,479.774877,10.000000,14,0,18,0.000,2
490,10,491.980,8152,6.976699661,6.979000000,2.300339,1,491.980166,10.000000,14,0,18,0.000,2
491,10,511.034,8152,6.992389795,6.994500000,2.110205,1,511.034006,10.000000,14,0,18,0.000,2
492,10,502.972,8152,7.006402809,7.008500000,2.097191,1,502.971813,10.000000,14,0,18,0.001,3
493,10,502.503,8152,7.019975272,7.022000000,2.024728,1,502.503431,10.000000,14,0,18,0.000,2
494,10,496.188,8152,7.033284859,7.035500000,2.215141,1,496.187965,10.000000,14,0,18,0.000,2
495,10,509.999,8152,7.050611315,7.053000000,2.388685,1,509.998920,10.000000,14,0,18,0.246,3
496,10,510.598,8152,7.065714988,7.068000000,2.285012,1,510.598009,10.000000,14,0,18,0.001,3
497,10,505.944,8152,7.079070562,7.081500000,2.429438,1,505.944038,10.000000,14,0,18,0.000,2
498,10,490.936,8152,7.093058509,7.095500000,2.441491,1,490.936332,10.000000,14,0,18,0.000,2
499,10,499.811,8152,7.108202947,7.110500000,2.297053,1,499.811353,10.000000,14,0,18,0.216,2
500,10,486.556,8152,7.125827498,7.128000000,2.172502,1,486.555740,10.000000,14,0,18,0.000,2
501,0,0,0,0,0,-1,0,1016.685,10.000,0,0,0,0.0,0
502,0,0,0,0,0,-1,0,1016.685,10.000,0,0,0,0.0,0
503,0,0,0,0,0,-1,0,1016.685,10.000,0,0,0,0.0,0
504,0,0,0,0,0,-1,0,1016.685,10.000,0,0,0,0.0,0
505,0,0,0,0,0,-1,0,1016.685,10.000,0,0,0,0.0,0
506,0,0,0,0,0,-1,0,1016.685,10.000,0,0,0,0.0,0
507,0,0,0,0,0,-1,0,1016.685,10.000,0,0,0,0.0,0
508,0,0,0,0,0,-1,0,1016.685,10.000,0,0,0,0.0,0
509,0,0,0,0,0,-1,0,1016.685,10.000,0,0,0,0.0,0
510,0,0,0,0,0,-1,0,1016.685,10.000,0,0,0,0.0,0
511,0,0,0,0,0,-1,0,1016.685,10.000,0,0,0,0.0,0
512,0,0,0,0,0,-1,0,1016.685,10.000,0,0,0,0.0,0
513,0,0,0,0,0,-1,0,1016.685,10.000,0,0,0,0.0,0
514,0,0,0,0,0,-1,0,1016.685,10.000,0,0,0,0.0,0
515,0,0,0,0,0,-1,0,1016.685,10.000,0,0,0,0.0,0
516,0,0,0,0,0,-1,0,1016.685,10.000,0,0,0,0.0,0
517,0,0,0,0,0,-1,0,1016.685,10.000,0,0,0,0.0,0
518,0,0,0,0,0,-1,0,1016.685,10.000,0,0,0,0.0,0
519,0,0,0,0,0,-1,0,1016.685,10.000,0,0,0,0.0,0
520,0,0,0,0,0,-1,0,1016.685,10.000,0,0,0,0.0,0
521,0,0,0,0,0,-1,0,1016.685,10.000,0,0,0,0.0,0
522,0,0,0,0,0,-1,0,1016.685,10.000,0,0,0,0.0,0
523,0,0,0,0,0,-1,0,1016.685,10.000,0,0,0,0.0,0
524,0,0,0,0,0,-1,0,1016.685,10.000,0,0,0,0.0,0
525,0,0,0,0,0,-1,0,1016.685,10.000,0,0,0,0.0,0
526,0,0,0,0,0,-1,0,1016.685,10.000,0,0,0,0.0,0
527,0,0,0,0,0,-1,0,1016.685,10.000,0,0,0,0.0,0
528,0,0,0,0,0,-1,0,1016.685,10.000,0,0,0,0.0,0
529,0,0,0,0,0,-1,0,1016.685,10.000,0,0,0,0.0,0
530,0,0,0,0,0,-1,0,1016.685,10.000,0,0,0,0.0,0
531,0,0,0,0,0,-1,0,1016.685,10.000,0,0,0,0.0,0
532,0,0,0,0,0,-1,0,1016.685,10.000,0,0,0,0.0,0
533,0,0,0,0,0,-1,0,1016.685,10.000,0,0,0,0.0,0
534,0,0,0,0,0,-1,0,1016.685,10.000,0,0,0,0.0,0
535,0,0,0,0,0,-1,0,1016.685,10.000,0,0,0,0.0,0
536,0,0,0,0,0,-1,0,1016.685,10.000,0,0,0,0.0,0
537,0,0,0,0,0,-1,0,1016.685,10.000,0,0,0,0.0,0
538,0,0,0,0,0,-1,0,1016.685,10.000,0,0,0,0.0,0
539,0,0,0,0,0,-1,0,1016.685,10.000,0,0,0,0.0,0
540,0,0,0,0,0,-1,0,1016.685,10.000,0,0,0,0.0,0
541,0,0,0,0,0,-1,0,1016.685,10.000,0,0,0,0.0,0
542,0,0,0,0,0,-1,0,1016.685,10.000,0,0,0,0.0,0
543,0,0,0,0,0,-1,0,1016.685,10.000,0,0,0,0.0,0
544,0,0,0,0,0,-1,0,1016.685,10.000,0,0,0,0.0,0
545,0,0,0,0,0,-1,0,1016.685,10.000,0,0,0,0.0,0
546,0,0,0,0,0,-1,0,1016.685,10.000,0,0,0,0.0,0
547,0,0,0,0,0,-1,0,1016.685,10.000,0,0,0,0.0,0
548,0,0,0,0,0,-1,0,1016.685,10.000,0,0,0,0.0,0
549,0,0,0,0,0,-1,0,1016.685,10.000,0,0,0,0.0,0
550,0,0,0,0,0,-1,0,1016.685,10.000,0,0,0,0.0,0
551,0,0,0,0,0,-1,0,1016.685,10.000,0,0,0,0.0,0
552,0,0,0,0,0,-1,0,1016.685,10.000,0,0,0,0.0,0
553,0,0,0,0,0,-1,0,1016.685,10.000,0,0,0,0.0,0
554,0,0,0,0,0,-1,0,1016.685,10.000,0,0,0,0.0,0
555,0,0,0,0,0,-1,0,1016.685,10.000,0,0,0,0.0,0
556,0,0,0,0,0,-1,0,1016.685,10.000,0,0,0,0.0,0
557,0,0,0,0,0,-1,0,1016.685,10.000,0,0,0,0.0,0
558,0,0,0,0,0,-1,0,1016.685,10.000,0,0,0,0.0,0
559,0,0,0,0,0,-1,0,1016.685,10.000,0,0,0,0.0,0
560,0,0,0,0,0,-1,0,1016.685,10.000,0,0,0,0.0,0
561,0,0,0,0,0,-1,0,1016.685,10.000,0,0,0,0.0,0
562,0,0,0,0,0,-1,0,1016.685,10.000,0,0,0,0.0,0
563,0,0,0,0,0,-1,0,1016.685,10.000,0,0,0,0.0,0
564,0,0,0,0,0,-1,0,1016.685,10.000,0,0,0,0.0,0
565,0,0,0,0,0,-1,0,1016.685,10.000,0,0,0,0.0,0
566,0,0,0,0,0,-1,0,1016.685,10.000,0,0,0,0.0,0
567,0,0,0,0,0,-1,0,1016.685,10.000,0,0,0,0.0,0
568,0,0,0,0,0,-1,0,1016.685,10.000,0,0,0,0.0,0
569,0,0,0,0,0,-1,0,1016.685,10.000,0,0,0,0.0,0
570,0,0,0,0,0,-1,0,1016.685,10.000,0,0,0,0.0,0
571,0,0,0,0,0,-1,0,1016.685,10.000,0,0,0,0.0,0
572,0,0,0,0,0,-1,0,1016.685,10.000,0,0,0,0.0,0
573,0,0,0,0,0,-1,0,1016.685,10.000,0,0,0,0.0,0
574,0,0,0,0,0,-1,0,1016.685,10.000,0,0,0,0.0,0
575,0,0,0,0,0,-1,0,1016.685,10.000,0,0,0,0.0,0
576,0,0,0,0,0,-1,0,1016.685,10.000,0,0,0,0.0,0
577,0,0,0,0,0,-1,0,1016.685,10.000,0,0,0,0.0,0
578,0,0,0,0,0,-1,0,1016.685,10.000,0,0,0,0.0,0
579,0,0,0,0,0,-1,0,1016.685,10.000,0,0,0,0.0,0
580,0,0,0,0,0,-1,0,1016.685,10.000,0,0,0,0.0,0
581,0,0,0,0,0,-1,0,1016.685,10.000,0,0,0,0.0,0
582,0,0,0,0,0,-1,0,1016.685,10.000,0,0,0,0.0,0
583,0,0,0,0,0,-1,0,1016.685,10.000,0,0,0,0.0,0
584,0,0,0,0,0,-1,0,1016.685,10.000,0,0,0,0.0,0
585,0,0,0,0,0,-1,0,1016.685,10.000,0,0,0,0.0,0
586,0,0,0,0,0,-1,0,1016.685,10.000,0,0,0,0.0,0
587,0,0,0,0,0,-1,0,1016.685,10.000,0,0,0,0.0,0
588,0,0,0,0,0,-1,0,1016.685,10.000,0,0,0,0.0,0
589,0,0,0,0,0,-1,0,1016.685,10.000,0,0,0,0.0,0
590,0,0,0,0,0,-1,0,1016.685,10.000,0,0,0,0.0,0
591,0,0,0,0,0,-1,0,1016.685,10.000,0,0,0,0.0,0
592,0,0,0,0,0,-1,0,1016.685,10.000,0,0,0,0.0,0
593,0,0,0,0,0,-1,0,1016.685,10.000,0,0,0,0.0,0
594,0,0,0,0,0,-1,0,1016.685,10.000,0,0,0,0.0,0
595,0,0,0,0,0,-1,0,1016.685,10.000,0,0,0,0.0,0
596,0,0,0,0,0,-1,0,1016.685,10.000,0,0,0,0.0,0
597,0,0,0,0,0,-1,0,1016.685,10.000,0,0,0,0.0,0
598,0,0,0,0,0,-1,0,1016.685,10.000,0,0,0,0.0,0
599,0,0,0,0,0,-1,0,1016.685,10.000,0,0,0,0.0,0
600,0,0,0,0,0,-1,0,1016.685,10.000,0,0,0,0.0,0
601,0,0,0,0,0,-1,0,1016.685,10.000,0,0,0,0.0,0
602,0,0,0,0,0,-1,0,1016.685,10.000,0,0,0,0.0,0
603,0,0,0,0,0,-1,0,1016.685,10.000,0,0,0,0.0,0
604,0,0,0,0,0,-1,0,1016.685,10.000,0,0,0,0.0,0
605,0,0,0,0,0,-1,0,1016.685,10.000,0,0,0,0.0,0
606,0,0,0,0,0,-1,0,1016.685,10.000,0,0,0,0.0,0
607,0,0,0,0,0,-1,0,1016.685,10.000,0,0,0,0.0,0
608,0,0,0,0,0,-1,0,1016.685,10.000,0,0,0,0.0,0
609,0,0,0,0,0,-1,0,1016.685,10.000,0,0,0,0.0,0
610,0,0,0,0,0,-1,0,1016.685,10.000,0,0,0,0.0,0
611,0,0,0,0,0,-1,0,1016.685,10.000,0,0,0,0.0,0
612,0,0,0,0,0,-1,0,1016.685,10.000,0,0,0,0.0,0
613,0,0,0,0,0,-1,0,1016.685,10.000,0,0,0,0.0,0
614,0,0,0,0,0,-1,0,1016.685,10.000,0,0,0,0.0,0
615,0,0,0,0,0,-1,0,1016.685,10.000,0,0,0,0.0,0
616,0,0,0,0,0,-1,0,1016.685,10.000,0,0,0,0.0,0
617,0,0,0,0,0,-1,0,1016.685,10.000,0,0,0,0.0,0
618,0,0,0,0,0,-1,0,1016.685,10.000,0,0,0,0.0,0
619,0,0,0,0,0,-1,0,1016.685,10.000,0,0,0,0.0,0
620,0,0,0,0,0,-1,0,1016.685,10.000,0,0,0,0.0,0
621,0,0,0,0,0,-1,0,1016.685,10.000,0,0,0,0.0,0
622,0,0,0,0,0,-1,0,1016.685,10.000,0,0,0,0.0,0
623,0,0,0,0,0,-1,0,1016.685,10.000,0,0,0,0.0,0
624,0,0,0,0,0,-1,0,1016.685,10.000,0,0,0,0.0,0
625,0,0,0,0,0,-1,0,1016.685,10.000,0,0,0,0.0,0
626,0,0,0,0,0,-1,0,1016.685,10.000,0,0,0,0.0,0
627,0,0,0,0,0,-1,0,1016.685,10.000,0,0,0,0.0,0
628,0,0,0,0,0,-1,0,1016.685,10.000,0,0,0,0.0,0
629,0,0,0,0,0,-1,0,1016.685,10.000,0,0,0,0.0,0
630,0,0,0,0,0,-1,0,1016.685,10.000,0,0,0,0.0,0
631,0,0,0,0,0,-1,0,1016.685,10.000,0,0,0,0.0,0
632,0,0,0,0,0,-1,0,1016.685,10.000,0,0,0,0.0,0
633,0,0,0,0,0,-1,0,1016.685,10.000,0,0,0,0.0,0
634,0,0,0,0,0,-1,0,1016.685,10.000,0,0,0,0.0,0
635,0,0,0,0,0,-1,0,1016.685,10.000,0,0,0,0.0,0
636,0,0,0,0,0,-1,0,1016.685,10.000,0,0,0,0.0,0
637,0,0,0,0,0,-1,0,1016.685,10.000,0,0,0,0.0,0
638,0,0,0,0,0,-1,0,1016.685,10.000,0,0,0,0.0,0
639,0,0,0,0,0,-1,0,1016.685,10.000,0,0,0,0.0,0
640,0,0,0,0,0,-1,0,1016.685,10.000,0,0,0,0.0,0
641,0,0,0,0,0,-1,0,1016.685,10.000,0,0,0,0.0,0
642,0,0,0,0,0,-1,0,1016.685,10.000,0,0,0,0.0,0
643,0,0,0,0,0,-1,0,1016.685,10.000,0,0,0,0.0,0
644,0,0,0,0,0,-1,0,1016.685,10.000,0,0,0,0.0,0
645,0,0,0,0,0,-1,0,1016.685,10.000,0,0,0,0.0,0
646,0,0,0,0,0,-1,0,1016.685,10.000,0,0,0,0.0,0
647,0,0,0,0,0,-1,0,1016.685,10.000,0,0,0,0.0,0
648,0,0,0,0,0,-1,0,1016.685,10.000,0,0,0,0.0,0
649,0,0,0,0,0,-1,0,1016.685,10.000,0,0,0,0.0,0
650,0,0,0,0,0,-1,0,1016.685,10.000,0,0,0,0.0,0
651,0,0,0,0,0,-1,0,1016.685,10.000,0,0,0,0.0,0
652,0,0,0,0,0,-1,0,1016.685,10.000,0,0,0,0.0,0
653,0,0,0,0,0,-1,0,1016.685,10.000,0,0,0,0.0,0
654,0,0,0,0,0,-1,0,1016.685,10.000,0,0,0,0.0,0
655,0,0,0,0,0,-1,0,1016.685,10.000,0,0,0,0.0,0
656,0,0,0,0,0,-1,0,1016.685,10.000,0,0,0,0.0,0
657,0,0,0,0,0,-1,0,1016.685,10.000,0,0,0,0.0,0
658,0,0,0,0,0,-1,0,1016.685,10.000,0,0,0,0.0,0
659,0,0,0,0,0,-1,0,1016.685,10.000,0,0,0,0.0,0
660,0,0,0,0,0,-1,0,1016.685,10.000,0,0,0,0.0,0
661,0,0,0,0,0,-1,0,1016.685,10.000,0,0,0,0.0,0
662,0,0,0,0,0,-1,0,1016.685,10.000,0,0,0,0.0,0
663,0,0,0,0,0,-1,0,1016.685,10.000,0,0,0,0.0,0
664,0,0,0,0,0,-1,0,1016.685,10.000,0,0,0,0.0,0
665,0,0,0,0,0,-1,0,1016.685,10.000,0,0,0,0.0,0
666,0,0,0,0,0,-1,0,1016.685,10.000,0,0,0,0.0,0
667,0,0,0,0,0,-1,0,1016.685,10.000,0,0,0,0.0,0
668,0,0,0,0,0,-1,0,1016.685,10.000,0,0,0,0.0,0
669,0,0,0,0,0,-1,0,1016.685,10.000,0,0,0,0.0,0
670,0,0,0,0,0,-1,0,1016.685,10.000,0,0,0,0.0,0
671,0,0,0,0,0,-1,0,1016.685,10.000,0,0,0,0.0,0
672,0,0,0,0,0,-1,0,1016.685,10.000,0,0,0,0.0,0
673,0,0,0,0,0,-1,0,1016.685,10.000,0,0,0,0.0,0
674,0,0,0,0,0,-1,0,1016.685,10.000,0,0,0,0.0,0
675,0,0,0,0,0,-1,0,1016.685,10.000,0,0,0,0.0,0
676,0,0,0,0,0,-1,0,1016.685,10.000,0,0,0,0.0,0
677,0,0,0,0,0,-1,0,1016.685,10.000,0,0,0,0.0,0
678,0,0,0,0,0,-1,0,1016.685,10.000,0,0,0,0.0,0
679,0,0,0,0,0,-1,0,1016.685,10.000,0,0,0,0.0,0
680,0,0,0,0,0,-1,0,1016.685,10.000,0,0,0,0.0,0
681,0,0,0,0,0,-1,0,1016.685,10.000,0,0,0,0.0,0
682,0,0,0,0,0,-1,0,1016.685,10.000,0,0,0,0.0,0
683,0,0,0,0,0,-1,0,1016.685,10.000,0,0,0,0.0,0
684,0,0,0,0,0,-1,0,1016.685,10.000,0,0,0,0.0,0
685,0,0,0,0,0,-1,0,1016.685,10.000,0,0,0,0.0,0
686,0,0,0,0,0,-1,0,1016.685,10.000,0,0,0,0.0,0
687,0,0,0,0,0,-1,0,1016.685,10.000,0,0,0,0.0,0
688,0,0,0,0,0,-1,0,1016.685,10.000,0,0,0,0.0,0
689,0,0,0,0,0,-1,0,1016.685,10.000,0,0,0,0.0,0
690,0,0,0,0,0,-1,0,1016.685,10.000,0,0,0,0.0,0
691,0,0,0,0,0,-1,0,1016.685,10.000,0,0,0,0.0,0
692,0,0,0,0,0,-1,0,1016.685,10.000,0,0,0,0.0,0
693,0,0,0,0,0,-1,0,1016.685,10.000,0,0,0,0.0,0
694,0,0,0,0,0,-1,0,1016.685,10.000,0,0,0,0.0,0
695,0,0,0,0,0,-1,0,1016.685,10.000,0,0,0,0.0,0
696,0,0,0,0,0,-1,0,1016.685,10.000,0,0,0,0.0,0
697,0,0,0,0,0,-1,0,1016.685,10.000,0,0,0,0.0,0
698,0,0,0,0,0,-1,0,1016.685,10.000,0,0,0,0.0,0
699,0,0,0,0,0,-1,0,1016.685,10.000,0,0,0,0.0,0
700,0,0,0,0,0,-1,0,1016.685,10.000,0,0,0,0.0,0
701,0,0,0,0,0,-1,0,1016.685,10.000,0,0,0,0.0,0
702,0,0,0,0,0,-1,0,1016.685,10.000,0,0,0,0.0,0
703,0,0,0,0,0,-1,0,1016.685,10.000,0,0,0,0.0,0
704,0,0,0,0,0,-1,0,1016.685,10.000,0,0,0,0.0,0
705,0,0,0,0,0,-1,0,1016.685,10.000,0,0,0,0.0,0
706,0,0,0,0,0,-1,0,1016.685,10.000,0,0,0,0.0,0
707,0,0,0,0,0,-1,0,1016.685,10.000,0,0,0,0.0,0
708,0,0,0,0,0,-1,0,1016.685,10.000,0,0,0,0.0,0
709,0,0,0,0,0,-1,0,1016.685,10.000,0,0,0,0.0,0
710,0,0,0,0,0,-1,0,1016.685,10.000,0,0,0,0.0,0
711,0,0,0,0,0,-1,0,1016.685,10.000,0,0,0,0.0,0
712,0,0,0,0,0,-1,0,1016.685,10.000,0,0,0,0.0,0
713,0,0,0,0,0,-1,0,1016.685,10.000,0,0,0,0.0,0
714,0,0,0,0,0,-1,0,1016.685,10.000,0,0,0,0.0,0
715,0,0,0,0,0,-1,0,1016.685,10.000,0,0,0,0.0,0
716,0,0,0,0,0,-1,0,1016.685,10.000,0,0,0,0.0,0
717,0,0,0,0,0,-1,0,1016.685,10.000,0,0,0,0.0,0
718,0,0,0,0,0,-1,0,1016.685,10.000,0,0,0,0.0,0
719,0,0,0,0,0,-1,0,1016.685,10.000,0,0,0,0.0,0
720,0,0,0,0,0,-1,0,1016.685,10.000,0,0,0,0.0,0
721,0,0,0,0,0,-1,0,1016.685,10.000,0,0,0,0.0,0
722,0,0,0,0,0,-1,0,1016.685,10.000,0,0,0,0.0,0
723,0,0,0,0,0,-1,0,1016.685,10.000,0,0,0,0.0,0
724,0,0,0,0,0,-1,0,1016.685,10.000,0,0,0,0.0,0
725,0,0,0,0,0,-1,0,1016.685,10.000,0,0,0,0.0,0
726,0,0,0,0,0,-1,0,1016.685,10.000,0,0,0,0.0,0
727,0,0,0,0,0,-1,0,1016.685,10.000,0,0,0,0.0,0
728,0,0,0,0,0,-1,0,1016.685,10.000,0,0,0,0.0,0
729,0,0,0,0,0,-1,0,1016.685,10.000,0,0,0,0.0,0
730,0,0,0,0,0,-1,0,1016.685,10.000,0,0,0,0.0,0
731,0,0,0,0,0,-1,0,1016.685,10.000,0,0,0,0.0,0
732,0,0,0,0,0,-1,0,1016.685,10.000,0,0,0,0.0,0
733,0,0,0,0,0,-1,0,1016.685,10.000,0,0,0,0.0,0
734,0,0,0,0,0,-1,0,1016.685,10.000,0,0,0,0.0,0
735,0,0,0,0,0,-1,0,1016.685,10.000,0,0,0,0.0,0
736,0,0,0,0,0,-1,0,1016.685,10.000,0,0,0,0.0,0
737,0,0,0,0,0,-1,0,1016.685,10.000,0,0,0,0.0,0
738,0,0,0,0,0,-1,0,1016.685,10.000,0,0,0,0.0,0
739,0,0,0,0,0,-1,0,1016.685,10.000,0,0,0,0.0,0
740,0,0,0,0,0,-1,0,1016.685,10.000,0,0,0,0.0,0
741,0,0,0,0,0,-1,0,1016.685,10.000,0,0,0,0.0,0
742,0,0,0,0,0,-1,0,1016.685,10.000,0,0,0,0.0,0
743,0,0,0,0,0,-1,0,1016.685,10.000,0,0,0,0.0,0
744,0,0,0,0,0,-1,0,1016.685,10.000,0,0,0,0.0,0
745,0,0,0,0,0,-1,0,1016.685,10.000,0,0,0,0.0,0
746,0,0,0,0,0,-1,0,1016.685,10.000,0,0,0,0.0,0
747,0,0,0,0,0,-1,0,1016.685,10.000,0,0,0,0.0,0
748,0,0,0,0,0,-1,0,1016.685,10.000,0,0,0,0.0,0
749,0,0,0,0,0,-1,0,1016.685,10.000,0,0,0,0.0,0
750,0,0,0,0,0,-1,0,1016.685,10.000,0,0,0,0.0,0
751,0,0,0,0,0,-1,0,1016.685,10.000,0,0,0,0.0,0
752,0,0,0,0,0,-1,0,1016.685,10.000,0,0,0,0.0,0
753,0,0,0,0,0,-1,0,1016.685,10.000,0,0,0,0.0,0
754,0,0,0,0,0,-1,0,1016.685,10.000,0,0,0,0.0,0
755,0,0,0,0,0,-1,0,1016.685,10.000,0,0,0,0.0,0
756,0,0,0,0,0,-1,0,1016.685,10.000,0,0,0,0.0,0
757,0,0,0,0,0,-1,0,1016.685,10.000,0,0,0,0.0,0
758,0,0,0,0,0,-1,0,1016.685,10.000,0,0,0,0.0,0
759,0,0,0,0,0,-1,0,1016.685,10.000,0,0,0,0.0,0
760,0,0,0,0,0,-1,0,1016.685,10.000,0,0,0,0.0,0
761,0,0,0,0,0,-1,0,1016.685,10.000,0,0,0,0.0,0
762,0,0,0,0,0,-1,0,1016.685,10.000,0,0,0,0.0,0
763,0,0,0,0,0,-1,0,1016.685,10.000,0,0,0,0.0,0
764,0,0,0,0,0,-1,0,1016.685,10.000,0,0,0,0.0,0
765,0,0,0,0,0,-1,0,1016.685,10.000,0,0,0,0.0,0
766,0,0,0,0,0,-1,0,1016.685,10.000,0,0,0,0.0,0
767,0,0,0,0,0,-1,0,1016.685,10.000,0,0,0,0.0,0
768,0,0,0,0,0,-1,0,1016.685,10.000,0,0,0,0.0,0
769,0,0,0,0,0,-1,0,1016.685,10.000,0,0,0,0.0,0
770,0,0,0,0,0,-1,0,1016.685,10.000,0,0,0,0.0,0
771,0,0,0,0,0,-1,0,1016.685,10.000,0,0,0,0.0,0
772,0,0,0,0,0,-1,0,1016.685,10.000,0,0,0,0.0,0
773,0,0,0,0,0,-1,0,1016.685,10.000,0,0,0,0.0,0
774,0,0,0,0,0,-1,0,1016.685,10.000,0,0,0,0.0,0
775,0,0,0,0,0,-1,0,1016.685,10.000,0,0,0,0.0,0
776,0,0,0,0,0,-1,0,1016.685,10.000,0,0,0,0.0,0
777,0,0,0,0,0,-1,0,1016.685,10.000,0,0,0,0.0,0
778,0,0,0,0,0,-1,0,1016.685,10.000,0,0,0,0.0,0
779,0,0,0,0,0,-1,0,1016.685,10.000,0,0,0,0.0,0
780,0,0,0,0,0,-1,0,1016.685,10.000,0,0,0,0.0,0
781,0,0,0,0,0,-1,0,1016.685,10.000,0,0,0,0.0,0
782,0,0,0,0,0,-1,0,1016.685,10.000,0,0,0,0.0,0
783,0,0,0,0,0,-1,0,1016.685,10.000,0,0,0,0.0,0
784,0,0,0,0,0,-1,0,1016.685,10.000,0,0,0,0.0,0
785,0,0,0,0,0,-1,0,1016.685,10.000,0,0,0,0.0,0
786,0,0,0,0,0,-1,0,1016.685,10.000,0,0,0,0.0,0
787,0,0,0,0,0,-1,0,1016.685,10.000,0,0,0,0.0,0
788,0,0,0,0,0,-1,0,1016.685,10.000,0,0,0,0.0,0
789,0,0,0,0,0,-1,0,1016.685,10.000,0,0,0,0.0,0
790,0,0,0,0,0,-1,0,1016.685,10.000,0,0,0,0.0,0
791,0,0,0,0,0,-1,0,1016.685,10.000,0,0,0,0.0,0
792,0,0,0,0,0,-1,0,1016.685,10.000,0,0,0,0.0,0
793,0,0,0,0,0,-1,0,1016.685,10.000,0,0,0,0.0,0
794,0,0,0,0,0,-1,0,1016.685,10.000,0,0,0,0.0,0
795,0,0,0,0,0,-1,0,1016.685,10.000,0,0,0,0.0,0
796,0,0,0,0,0,-1,0,1016.685,10.000,0,0,0,0.0,0
797,0,0,0,0,0,-1,0,1016.685,10.000,0,0,0,0.0,0
798,0,0,0,0,0,-1,0,1016.685,10.000,0,0,0,0.0,0
799,0,0,0,0,0,-1,0,1016.685,10.000,0,0,0,0.0,0
800,0,0,0,0,0,-1,0,1016.685,10.000,0,0,0,0.0,0
801,0,0,0,0,0,-1,0,1016.685,10.000,0,0,0,0.0,0
802,0,0,0,0,0,-1,0,1016.685,10.000,0,0,0,0.0,0
803,0,0,0,0,0,-1,0,1016.685,10.000,0,0,0,0.0,0
804,0,0,0,0,0,-1,0,1016.685,10.000,0,0,0,0.0,0
805,0,0,0,0,0,-1,0,1016.685,10.000,0,0,0,0.0,0
806,0,0,0,0,0,-1,0,1016.685,10.000,0,0,0,0.0,0
807,0,0,0,0,0,-1,0,1016.685,10.000,0,0,0,0.0,0
808,0,0,0,0,0,-1,0,1016.685,10.000,0,0,0,0.0,0
809,0,0,0,0,0,-1,0,1016.685,10.000,0,0,0,0.0,0
810,0,0,0,0,0,-1,0,1016.685,10.000,0,0,0,0.0,0
811,0,0,0,0,0,-1,0,1016.685,10.000,0,0,0,0.0,0
812,0,0,0,0,0,-1,0,1016.685,10.000,0,0,0,0.0,0
813,0,0,0,0,0,-1,0,1016.685,10.000,0,0,0,0.0,0
814,0,0,0,0,0,-1,0,1016.685,10.000,0,0,0,0.0,0
815,0,0,0,0,0,-1,0,1016.685,10.000,0,0,0,0.0,0
816,0,0,0,0,0,-1,0,1016.685,10.000,0,0,0,0.0,0
817,0,0,0,0,0,-1,0,1016.685,10.000,0,0,0,0.0,0
818,0,0,0,0,0,-1,0,1016.685,10.000,0,0,0,0.0,0
819,0,0,0,0,0,-1,0,1016.685,10.000,0,0,0,0.0,0
820,0,0,0,0,0,-1,0,1016.685,10.000,0,0,0,0.0,0
821,0,0,0,0,0,-1,0,1016.685,10.000,0,0,0,0.0,0
822,0,0,0,0,0,-1,0,1016.685,10.000,0,0,0,0.0,0
823,0,0,0,0,0,-1,0,1016.685,10.000,0,0,0,0.0,0
824,0,0,0,0,0,-1,0,1016.685,10.000,0,0,0,0.0,0
825,0,0,0,0,0,-1,0,1016.685,10.000,0,0,0,0.0,0
826,0,0,0,0,0,-1,0,1016.685,10.000,0,0,0,0.0,0
827,0,0,0,0,0,-1,0,1016.685,10.000,0,0,0,0.0,0
828,0,0,0,0,0,-1,0,1016.685,10.000,0,0,0,0.0,0
829,0,0,0,0,0,-1,0,1016.685,10.000,0,0,0,0.0,0
830,0,0,0,0,0,-1,0,1016.685,10.000,0,0,0,0.0,0
831,0,0,0,0,0,-1,0,1016.685,10.000,0,0,0,0.0,0
832,0,0,0,0,0,-1,0,1016.685,10.000,0,0,0,0.0,0
833,0,0,0,0,0,-1,0,1016.685,10.000,0,0,0,0.0,0
834,0,0,0,0,0,-1,0,1016.685,10.000,0,0,0,0.0,0
835,0,0,0,0,0,-1,0,1016.685,10.000,0,0,0,0.0,0
836,0,0,0,0,0,-1,0,1016.685,10.000,0,0,0,0.0,0
837,0,0,0,0,0,-1,0,1016.685,10.000,0,0,0,0.0,0
838,0,0,0,0,0,-1,0,1016.685,10.000,0,0,0,0.0,0
839,0,0,0,0,0,-1,0,1016.685,10.000,0,0,0,0.0,0
840,0,0,0,0,0,-1,0,1016.685,10.000,0,0,0,0.0,0
841,0,0,0,0,0,-1,0,1016.685,10.000,0,0,0,0.0,0
842,0,0,0,0,0,-1,0,1016.685,10.000,0,0,0,0.0,0
843,0,0,0,0,0,-1,0,1016.685,10.000,0,0,0,0.0,0
844,0,0,0,0,0,-1,0,1016.685,10.000,0,0,0,0.0,0
845,0,0,0,0,0,-1,0,1016.685,10.000,0,0,0,0.0,0
846,0,0,0,0,0,-1,0,1016.685,10.000,0,0,0,0.0,0
847,0,0,0,0,0,-1,0,1016.685,10.000,0,0,0,0.0,0
848,0,0,0,0,0,-1,0,1016.685,10.000,0,0,0,0.0,0
849,0,0,0,0,0,-1,0,1016.685,10.000,0,0,0,0.0,0
850,0,0,0,0,0,-1,0,1016.685,10.000,0,0,0,0.0,0
851,0,0,0,0,0,-1,0,1016.685,10.000,0,0,0,0.0,0
852,0,0,0,0,0,-1,0,1016.685,10.000,0,0,0,0.0,0
853,0,0,0,0,0,-1,0,1016.685,10.000,0,0,0,0.0,0
854,0,0,0,0,0,-1,0,1016.685,10.000,0,0,0,0.0,0
855,0,0,0,0,0,-1,0,1016.685,10.000,0,0,0,0.0,0
856,0,0,0,0,0,-1,0,1016.685,10.000,0,0,0,0.0,0
857,0,0,0,0,0,-1,0,1016.685,10.000,0,0,0,0.0,0
858,0,0,0,0,0,-1,0,1016.685,10.000,0,0,0,0.0,0
859,0,0,0,0,0,-1,0,1016.685,10.000,0,0,0,0.0,0
860,0,0,0,0,0,-1,0,1016.685,10.000,0,0,0,0.0,0
861,0,0,0,0,0,-1,0,1016.685,10.000,0,0,0,0.0,0
862,0,0,0,0,0,-1,0,1016.685,10.000,0,0,0,0.0,0
863,0,0,0,0,0,-1,0,1016.685,10.000,0,0,0,0.0,0
864,0,0,0,0,0,-1,0,1016.685,10.000,0,0,0,0.0,0
865,0,0,0,0,0,-1,0,1016.685,10.000,0,0,0,0.0,0
866,0,0,0,0,0,-1,0,1016.685,10.000,0,0,0,0.0,0
867,0,0,0,0,0,-1,0,1016.685,10.000,0,0,0,0.0,0
868,0,0,0,0,0,-1,0,1016.685,10.000,0,0,0,0.0,0
869,0,0,0,0,0,-1,0,1016.685,10.000,0,0,0,0.0,0
870,0,0,0,0,0,-1,0,1016.685,10.000,0,0,0,0.0,0
871,0,0,0,0,0,-1,0,1016.685,10.000,0,0,0,0.0,0
872,0,0,0,0,0,-1,0,1016.685,10.000,0,0,0,0.0,0
873,0,0,0,0,0,-1,0,1016.685,10.000,0,0,0,0.0,0
874,0,0,0,0,0,-1,0,1016.685,10.000,0,0,0,0.0,0
875,0,0,0,0,0,-1,0,1016.685,10.000,0,0,0,0.0,0
876,0,0,0,0,0,-1,0,1016.685,10.000,0,0,0,0.0,0
877,0,0,0,0,0,-1,0,1016.685,10.000,0,0,0,0.0,0
878,0,0,0,0,0,-1,0,1016.685,10.000,0,0,0,0.0,0
879,0,0,0,0,0,-1,0,1016.685,10.000,0,0,0,0.0,0
880,0,0,0,0,0,-1,0,1016.685,10.000,0,0,0,0.0,0
881,0,0,0,0,0,-1,0,1016.685,10.000,0,0,0,0.0,0
882,0,0,0,0,0,-1,0,1016.685,10.000,0,0,0,0.0,0
883,0,0,0,0,0,-1,0,1016.685,10.000,0,0,0,0.0,0
884,0,0,0,0,0,-1,0,1016.685,10.000,0,0,0,0.0,0
885,0,0,0,0,0,-1,0,1016.685,10.000,0,0,0,0.0,0
886,0,0,0,0,0,-1,0,1016.685,10.000,0,0,0,0.0,0
887,0,0,0,0,0,-1,0,1016.685,10.000,0,0,0,0.0,0
888,0,0,0,0,0,-1,0,1016.685,10.000,0,0,0,0.0,0
889,0,0,0,0,0,-1,0,1016.685,10.000,0,0,0,0.0,0
890,0,0,0,0,0,-1,0,1016.685,10.000,0,0,0,0.0,0
891,0,0,0,0,0,-1,0,1016.685,10.000,0,0,0,0.0,0
892,0,0,0,0,0,-1,0,1016.685,10.000,0,0,0,0.0,0
893,0,0,0,0,0,-1,0,1016.685,10.000,0,0,0,0.0,0
894,0,0,0,0,0,-1,0,1016.685,10.000,0,0,0,0.0,0
895,0,0,0,0,0,-1,0,1016.685,10.000,0,0,0,0.0,0
896,0,0,0,0,0,-1,0,1016.685,10.000,0,0,0,0.0,0
897,0,0,0,0,0,-1,0,1016.685,10.000,0,0,0,0.0,0
898,0,0,0,0,0,-1,0,1016.685,10.000,0,0,0,0.0,0
899,0,0,0,0,0,-1,0,1016.685,10.000,0,0,0,0.0,0
900,0,0,0,0,0,-1,0,1016.685,10.000,0,0,0,0.0,0
901,0,0,0,0,0,-1,0,1016.685,10.000,0,0,0,0.0,0
902,0,0,0,0,0,-1,0,1016.685,10.000,0,0,0,0.0,0
903,0,0,0,0,0,-1,0,1016.685,10.000,0,0,0,0.0,0
904,0,0,0,0,0,-1,0,1016.685,10.000,0,0,0,0.0,0
905,0,0,0,0,0,-1,0,1016.685,10.000,0,0,0,0.0,0
906,0,0,0,0,0,-1,0,1016.685,10.000,0,0,0,0.0,0
907,0,0,0,0,0,-1,0,1016.685,10.000,0,0,0,0.0,0
908,0,0,0,0,0,-1,0,1016.685,10.000,0,0,0,0.0,0
909,0,0,0,0,0,-1,0,1016.685,10.000,0,0,0,0.0,0
910,0,0,0,0,0,-1,0,1016.685,10.000,0,0,0,0.0,0
911,0,0,0,0,0,-1,0,1016.685,10.000,0,0,0,0.0,0
912,0,0,0,0,0,-1,0,1016.685,10.000,0,0,0,0.0,0
913,0,0,0,0,0,-1,0,1016.685,10.000,0,0,0,0.0,0
914,0,0,0,0,0,-1,0,1016.685,10.000,0,0,0,0.0,0
915,0,0,0,0,0,-1,0,1016.685,10.000,0,0,0,0.0,0
916,0,0,0,0,0,-1,0,1016.685,10.000,0,0,0,0.0,0
917,0,0,0,0,0,-1,0,1016.685,10.000,0,0,0,0.0,0
918,0,0,0,0,0,-1,0,1016.685,10.000,0,0,0,0.0,0
919,0,0,0,0,0,-1,0,1016.685,10.000,0,0,0,0.0,0
920,0,0,0,0,0,-1,0,1016.685,10.000,0,0,0,0.0,0
921,0,0,0,0,0,-1,0,1016.685,10.000,0,0,0,0.0,0
922,0,0,0,0,0,-1,0,1016.685,10.000,0,0,0,0.0,0
923,0,0,0,0,0,-1,0,1016.685,10.000,0,0,0,0.0,0
924,0,0,0,0,0,-1,0,1016.685,10.000,0,0,0,0.0,0
925,0,0,0,0,0,-1,0,1016.685,10.000,0,0,0,0.0,0
926,0,0,0,0,0,-1,0,1016.685,10.000,0,0,0,0.0,0
927,0,0,0,0,0,-1,0,1016.685,10.000,0,0,0,0.0,0
928,0,0,0,0,0,-1,0,1016.685,10.000,0,0,0,0.0,0
929,0,0,0,0,0,-1,0,1016.685,10.000,0,0,0,0.0,0
930,0,0,0,0,0,-1,0,1016.685,10.000,0,0,0,0.0,0
931,0,0,0,0,0,-1,0,1016.685,10.000,0,0,0,0.0,0
932,0,0,0,0,0,-1,0,1016.685,10.000,0,0,0,0.0,0
933,0,0,0,0,0,-1,0,1016.685,10.000,0,0,0,0.0,0
934,0,0,0,0,0,-1,0,1016.685,10.000,0,0,0,0.0,0
935,0,0,0,0,0,-1,0,1016.685,10.000,0,0,0,0.0,0
936,0,0,0,0,0,-1,0,1016.685,10.000,0,0,0,0.0,0
937,0,0,0,0,0,-1,0,1016.685,10.000,0,0,0,0.0,0
938,0,0,0,0,0,-1,0,1016.685,10.000,0,0,0,0.0,0
939,0,0,0,0,0,-1,0,1016.685,10.000,0,0,0,0.0,0
940,0,0,0,0,0,-1,0,1016.685,10.000,0,0,0,0.0,0
941,0,0,0,0,0,-1,0,1016.685,10.000,0,0,0,0.0,0
942,0,0,0,0,0,-1,0,1016.685,10.000,0,0,0,0.0,0
943,0,0,0,0,0,-1,0,1016.685,10.000,0,0,0,0.0,0
944,0,0,0,0,0,-1,0,1016.685,10.000,0,0,0,0.0,0
945,0,0,0,0,0,-1,0,1016.685,10.000,0,0,0,0.0,0
946,0,0,0,0,0,-1,0,1016.685,10.000,0,0,0,0.0,0
947,0,0,0,0,0,-1,0,1016.685,10.000,0,0,0,0.0,0
948,0,0,0,0,0,-1,0,1016.685,10.000,0,0,0,0.0,0
949,0,0,0,0,0,-1,0,1016.685,10.000,0,0,0,0.0,0
950,0,0,0,0,0,-1,0,1016.685,10.000,0,0,0,0.0,0
951,0,0,0,0,0,-1,0,1016.685,10.000,0,0,0,0.0,0
952,0,0,0,0,0,-1,0,1016.685,10.000,0,0,0,0.0,0
953,0,0,0,0,0,-1,0,1016.685,10.000,0,0,0,0.0,0
954,0,0,0,0,0,-1,0,1016.685,10.000,0,0,0,0.0,0
955,0,0,0,0,0,-1,0,1016.685,10.000,0,0,0,0.0,0
956,0,0,0,0,0,-1,0,1016.685,10.000,0,0,0,0.0,0
957,0,0,0,0,0,-1,0,1016.685,10.000,0,0,0,0.0,0
958,0,0,0,0,0,-1,0,1016.685,10.000,0,0,0,0.0,0
959,0,0,0,0,0,-1,0,1016.685,10.000,0,0,0,0.0,0
960,0,0,0,0,0,-1,0,1016.685,10.000,0,0,0,0.0,0
961,0,0,0,0,0,-1,0,1016.685,10.000,0,0,0,0.0,0
962,0,0,0,0,0,-1,0,1016.685,10.000,0,0,0,0.0,0
963,0,0,0,0,0,-1,0,1016.685,10.000,0,0,0,0.0,0
964,0,0,0,0,0,-1,0,1016.685,10.000,0,0,0,0.0,0
965,0,0,0,0,0,-1,0,1016.685,10.000,0,0,0,0.0,0
966,0,0,0,0,0,-1,0,1016.685,10.000,0,0,0,0.0,0
967,0,0,0,0,0,-1,0,1016.685,10.000,0,0,0,0.0,0
968,0,0,0,0,0,-1,0,1016.685,10.000,0,0,0,0.0,0
969,0,0,0,0,0,-1,0,1016.685,10.000,0,0,0,0.0,0
970,0,0,0,0,0,-1,0,1016.685,10.000,0,0,0,0.0,0
971,0,0,0,0,0,-1,0,1016.685,10.000,0,0,0,0.0,0
972,0,0,0,0,0,-1,0,1016.685,10.000,0,0,0,0.0,0
973,0,0,0,0,0,-1,0,1016.685,10.000,0,0,0,0.0,0
974,0,0,0,0,0,-1,0,1016.685,10.000,0,0,0,0.0,0
975,0,0,0,0,0,-1,0,1016.685,10.000,0,0,0,0.0,0
976,0,0,0,0,0,-1,0,1016.685,10.000,0,0,0,0.0,0
977,0,0,0,0,0,-1,0,1016.685,10.000,0,0,0,0.0,0
978,0,0,0,0,0,-1,0,1016.685,10.000,0,0,0,0.0,0
979,0,0,0,0,0,-1,0,1016.685,10.000,0,0,0,0.0,0
980,0,0,0,0,0,-1,0,1016.685,10.000,0,0,0,0.0,0
981,0,0,0,0,0,-1,0,1016.685,10.000,0,0,0,0.0,0
982,0,0,0,0,0,-1,0,1016.685,10.000,0,0,0,0.0,0
983,0,0,0,0,0,-1,0,1016.685,10.000,0,0,0,0.0,0
984,0,0,0,0,0,-1,0,1016.685,10.000,0,0,0,0.0,0
985,0,0,0,0,0,-1,0,1016.685,10.000,0,0,0,0.0,0
986,0,0,0,0,0,-1,0,1016.685,10.000,0,0,0,0.0,0
987,0,0,0,0,0,-1,0,1016.685,10.000,0,0,0,0.0,0
988,0,0,0,0,0,-1,0,1016.685,10.000,0,0,0,0.0,0
989,0,0,0,0,0,-1,0,1016.685,10.000,0,0,0,0.0,0
990,0,0,0,0,0,-1,0,1016.685,10.000,0,0,0,0.0,0
991,0,0,0,0,0,-1,0,1016.685,10.000,0,0,0,0.0,0
992,0,0,0,0,0,-1,0,1016.685,10.000,0,0,0,0.0,0
993,0,0,0,0,0,-1,0,1016.685,10.000,0,0,0,0.0,0
994,0,0,0,0,0,-1,0,1016.685,10.000,0,0,0,0.0,0
995,0,0,0,0,0,-1,0,1016.685,10.000,0,0,0,0.0,0
996,0,0,0,0,0,-1,0,1016.685,10.000,0,0,0,0.0,0
997,0,0,0,0,0,-1,0,1016.685,10.000,0,0,0,0.0,0
998,0,0,0,0,0,-1,0,1016.685,10.000,0,0,0,0.0,0
999,0,0,0,0,0,-1,0,1016.685,10.000,0,0,0,0.0,0
1000,0,0,0,0,0,-1,0,1016.685,10.000,0,0,0,0.0,0
