frame,components,mse,size_bytes,error_at_k80,error_ratio
1,80,72.30272651150383,125000,72.30272651150383,2.518439727935796
1,75,72.71265114122193,117279,72.30272651150383,2.518439727935796
1,70,73.93558108051151,109567,72.30272651150383,2.518439727935796
1,65,75.01844574160785,101847,72.30272651150383,2.518439727935796
1,60,76.25293023405675,94126,72.30272651150383,2.518439727935796
1,55,76.60097140408483,86406,72.30272651150383,2.518439727935796
1,50,77.69237340264009,78694,72.30272651150383,2.518439727935796
1,45,79.02097879973117,70974,72.30272651150383,2.518439727935796
1,40,80.63374711894821,63253,72.30272651150383,2.518439727935796
1,35,82.6200318031206,55533,72.30272651150383,2.518439727935796
1,30,82.78204210580952,47821,72.30272651150383,2.518439727935796
1,25,88.97127837835203,40101,72.30272651150383,2.518439727935796
1,20,112.883702452524,32380,72.30272651150383,2.518439727935796
1,15,116.4876571002946,24660,72.30272651150383,2.518439727935796
1,10,127.0368542019106,16948,72.30272651150383,2.518439727935796
1,5,182.090058884648,9228,72.30272651150383,2.518439727935796
2,80,71.78381338933883,125000,71.78381338933883,2.503135755364424
2,75,72.18194002014765,117279,71.78381338933883,2.503135755364424
2,70,73.3832101400049,109567,71.78381338933883,2.503135755364424
2,65,74.44358103826586,101847,71.78381338933883,2.503135755364424
2,60,75.69707111955506,94126,71.78381338933883,2.503135755364424
2,55,76.0391979577189,86406,71.78381338933883,2.503135755364424
2,50,77.12728749630539,78694,71.78381338933883,2.503135755364424
2,45,78.417789857741,70974,71.78381338933883,2.503135755364424
2,40,79.99463090912941,63253,71.78381338933883,2.503135755364424
2,35,81.98706197092827,55533,71.78381338933883,2.503135755364424
2,30,82.16036560705557,47821,71.78381338933883,2.503135755364424
2,25,88.34246885445833,40101,71.78381338933883,2.503135755364424
2,20,111.85509464339502,32380,71.78381338933883,2.503135755364424
2,15,115.39613349468786,24660,71.78381338933883,2.503135755364424
2,10,126.078343503536,16948,71.78381338933883,2.503135755364424
2,5,179.68462995126148,9228,71.78381338933883,2.503135755364424
3,80,70.70975903563654,125000,70.70975903563654,2.472941417810405
3,75,71.09012160769947,117279,70.70975903563654,2.472941417810405
3,70,72.24538126078969,109567,70.70975903563654,2.472941417810405
3,65,73.29785187654963,101847,70.70975903563654,2.472941417810405
3,60,74.53027500398774,94126,70.70975903563654,2.472941417810405
3,55,74.87629576255614,86406,70.70975903563654,2.472941417810405
3,50,75.95167142257901,78694,70.70975903563654,2.472941417810405
3,45,77.22468990974062,70974,70.70975903563654,2.472941417810405
3,40,78.7329483160711,63253,70.70975903563654,2.472941417810405
3,35,80.68252959635485,55533,70.70975903563654,2.472941417810405
3,30,80.88707540591084,47821,70.70975903563654,2.472941417810405
3,25,87.05860932179408,40101,70.70975903563654,2.472941417810405
3,20,110.4609174174324,32380,70.70975903563654,2.472941417810405
3,15,113.81657824520016,24660,70.70975903563654,2.472941417810405
3,10,124.96618928452514,16948,70.70975903563654,2.472941417810405
3,5,174.86109176261908,9228,70.70975903563654,2.472941417810405
4,80,69.23576121389905,125000,69.23576121389905,2.4352643426932503
4,75,69.57688600454601,117279,69.23576121389905,2.4352643426932503
4,70,70.62357182401881,109567,69.23576121389905,2.4352643426932503
4,65,71.62640822714569,101847,69.23576121389905,2.4352643426932503
4,60,72.88287215067172,94126,69.23576121389905,2.4352643426932503
4,55,73.23079691534716,86406,69.23576121389905,2.4352643426932503
4,50,74.30198043442746,78694,69.23576121389905,2.4352643426932503
4,45,75.54663728591461,70974,69.23576121389905,2.4352643426932503
4,40,76.99704152906,63253,69.23576121389905,2.4352643426932503
4,35,78.94286933019605,55533,69.23576121389905,2.4352643426932503
4,30,79.20872319415137,47821,69.23576121389905,2.4352643426932503
4,25,85.53080361113078,40101,69.23576121389905,2.4352643426932503
4,20,108.70042095503892,32380,69.23576121389905,2.4352643426932503
4,15,111.82435114446346,24660,69.23576121389905,2.4352643426932503
4,10,123.8319892457338,16948,69.23576121389905,2.4352643426932503
4,5,168.6073805234327,9228,69.23576121389905,2.4352643426932503
5,80,67.63859429283669,125000,67.63859429283669,2.410893125723131
5,75,67.96854836704071,117279,67.63859429283669,2.410893125723131
5,70,68.92085332311768,109567,67.63859429283669,2.410893125723131
5,65,69.892552374507,101847,67.63859429283669,2.410893125723131
5,60,71.18109003716661,94126,67.63859429283669,2.410893125723131
5,55,71.54055141118967,86406,67.63859429283669,2.410893125723131
5,50,72.59528344926906,78694,67.63859429283669,2.410893125723131
5,45,73.82948834432165,70974,67.63859429283669,2.410893125723131
5,40,75.26024357573449,63253,67.63859429283669,2.410893125723131
5,35,77.27810799996016,55533,67.63859429283669,2.410893125723131
5,30,77.61711015795952,47821,67.63859429283669,2.410893125723131
5,25,84.08985759492808,40101,67.63859429283669,2.410893125723131
5,20,106.86536468980532,32380,67.63859429283669,2.410893125723131
5,15,109.82806389478544,24660,67.63859429283669,2.410893125723131
5,10,122.84413307146444,16948,67.63859429283669,2.410893125723131
5,5,163.0694220141758,9228,67.63859429283669,2.410893125723131
6,80,63.93857871189827,125000,63.93857871189827,2.431005630346368
6,75,64.25895228348686,117279,63.93857871189827,2.431005630346368
6,70,65.14060895825475,109567,63.93857871189827,2.431005630346368
6,65,66.06782011533272,101847,63.93857871189827,2.431005630346368
6,60,67.33381473671604,94126,63.93857871189827,2.431005630346368
6,55,67.66338546302919,86406,63.93857871189827,2.431005630346368
6,50,68.67533450835151,78694,63.93857871189827,2.431005630346368
6,45,69.94105584853938,70974,63.93857871189827,2.431005630346368
6,40,71.2782342993354,63253,63.93857871189827,2.431005630346368
6,35,73.47877776643315,55533,63.93857871189827,2.431005630346368
6,30,73.93202770596109,47821,63.93857871189827,2.431005630346368
6,25,80.4810207053201,40101,63.93857871189827,2.431005630346368
6,20,103.1789568301584,32380,63.93857871189827,2.431005630346368
6,15,106.17489489035616,24660,63.93857871189827,2.431005630346368
6,10,120.96608661336982,16948,63.93857871189827,2.431005630346368
6,5,155.43504484496913,9228,63.93857871189827,2.431005630346368
7,80,59.87351712559683,125000,59.87351712559683,2.503116984344597
7,75,60.19868178921934,117279,59.87351712559683,2.503116984344597
7,70,61.02901701081198,109567,59.87351712559683,2.503116984344597
7,65,61.87109505717918,101847,59.87351712559683,2.503116984344597
7,60,63.09085380846347,94126,59.87351712559683,2.503116984344597
7,55,63.38783936489912,86406,59.87351712559683,2.503116984344597
7,50,64.3643270152544,78694,59.87351712559683,2.503116984344597
7,45,65.5992245465409,70974,59.87351712559683,2.503116984344597
7,40,66.7787233591532,63253,59.87351712559683,2.503116984344597
7,35,69.09291278391824,55533,59.87351712559683,2.503116984344597
7,30,69.67364631339902,47821,59.87351712559683,2.503116984344597
7,25,76.16219272024595,40101,59.87351712559683,2.503116984344597
7,20,98.53668568466207,32380,59.87351712559683,2.503116984344597
7,15,101.73302438512492,24660,59.87351712559683,2.503116984344597
7,10,118.21594840685526,16948,59.87351712559683,2.503116984344597
7,5,149.8704176295285,9228,59.87351712559683,2.503116984344597
8,80,54.822779921744655,125000,54.822779921744655,2.6616007248005573
8,75,55.12732026726346,117279,54.822779921744655,2.6616007248005573
8,70,55.88230358909892,109567,54.822779921744655,2.6616007248005573
8,65,56.62336709034791,101847,54.822779921744655,2.6616007248005573
8,60,57.77477413829964,94126,54.822779921744655,2.6616007248005573
8,55,58.04065281760756,86406,54.822779921744655,2.6616007248005573
8,50,58.96718687720998,78694,54.822779921744655,2.6616007248005573
8,45,60.11633863486378,70974,54.822779921744655,2.6616007248005573
8,40,61.08216551654377,63253,54.822779921744655,2.6616007248005573
8,35,63.43828217747582,55533,54.822779921744655,2.6616007248005573
8,30,64.17323376090818,47821,54.822779921744655,2.6616007248005573
8,25,70.65864336362547,40101,54.822779921744655,2.6616007248005573
8,20,92.07560997961356,32380,54.822779921744655,2.6616007248005573
8,15,95.61097479972923,24660,54.822779921744655,2.6616007248005573
8,10,114.37891424697465,16948,54.822779921744655,2.6616007248005573
8,5,145.91635077529702,9228,54.822779921744655,2.6616007248005573
9,80,49.48525079198883,125000,49.48525079198883,2.9558420750222405
9,75,49.76834368592396,117279,49.48525079198883,2.9558420750222405
9,70,50.44473537199416,109567,49.48525079198883,2.9558420750222405
9,65,51.07275270020893,101847,49.48525079198883,2.9558420750222405
9,60,52.16426748091585,94126,49.48525079198883,2.9558420750222405
9,55,52.39548416569125,86406,49.48525079198883,2.9558420750222405
9,50,53.26865247243193,78694,49.48525079198883,2.9558420750222405
9,45,54.32851477014648,70974,49.48525079198883,2.9558420750222405
9,40,55.07303305889644,63253,49.48525079198883,2.9558420750222405
9,35,57.483644262007175,55533,49.48525079198883,2.9558420750222405
9,30,58.40148329938256,47821,49.48525079198883,2.9558420750222405
9,25,64.94646933372424,40101,49.48525079198883,2.9558420750222405
9,20,85.30960115716711,32380,49.48525079198883,2.9558420750222405
9,15,89.4582809473008,24660,49.48525079198883,2.9558420750222405
9,10,110.97124538864782,16948,49.48525079198883,2.9558420750222405
9,5,146.27058638398825,9228,49.48525079198883,2.9558420750222405
10,80,43.75029111046676,125000,43.75029111046676,3.48975442004941
10,75,43.99480639888256,117279,43.75029111046676,3.48975442004941
10,70,44.60192635248308,109567,43.75029111046676,3.48975442004941
10,65,45.13050670113838,101847,43.75029111046676,3.48975442004941
10,60,46.1411011179044,94126,43.75029111046676,3.48975442004941
10,55,46.34686114075187,86406,43.75029111046676,3.48975442004941
10,50,47.14499938211303,78694,43.75029111046676,3.48975442004941
10,45,48.09674852314525,70974,43.75029111046676,3.48975442004941
10,40,48.61373839830721,63253,43.75029111046676,3.48975442004941
10,35,51.10326626654499,55533,43.75029111046676,3.48975442004941
10,30,52.251577111137706,47821,43.75029111046676,3.48975442004941
10,25,58.86359086915406,40101,43.75029111046676,3.48975442004941
10,20,78.1351958020681,32380,43.75029111046676,3.48975442004941
10,15,83.32789492523364,24660,43.75029111046676,3.48975442004941
10,10,108.29441577603914,16948,43.75029111046676,3.48975442004941
10,5,152.67777178119977,9228,43.75029111046676,3.48975442004941
11,80,38.46857210719951,125000,38.46857210719951,4.318662185383645
11,75,38.694318715213846,117279,38.46857210719951,4.318662185383645
11,70,39.21315195078114,109567,38.46857210719951,4.318662185383645
11,65,39.61372083580307,101847,38.46857210719951,4.318662185383645
11,60,40.562169622172455,94126,38.46857210719951,4.318662185383645
11,55,40.71179757564968,86406,38.46857210719951,4.318662185383645
11,50,41.46623847658395,78694,38.46857210719951,4.318662185383645
11,45,42.34357086680309,70974,38.46857210719951,4.318662185383645
11,40,42.689909341056406,63253,38.46857210719951,4.318662185383645
11,35,45.3254918562215,55533,38.46857210719951,4.318662185383645
11,30,46.719492546408375,47821,38.46857210719951,4.318662185383645
11,25,53.58818536008343,40101,38.46857210719951,4.318662185383645
11,20,71.86043436533511,32380,38.46857210719951,4.318662185383645
11,15,78.4708662237262,24660,38.46857210719951,4.318662185383645
11,10,107.20801996728228,16948,38.46857210719951,4.318662185383645
11,5,166.1327676850666,9228,38.46857210719951,4.318662185383645
12,80,32.602605087611586,125000,32.602605087611586,5.868331153916471
12,75,32.80454861990079,117279,32.602605087611586,5.868331153916471
12,70,33.257168357367654,109567,32.602605087611586,5.868331153916471
12,65,33.54627570978332,101847,32.602605087611586,5.868331153916471
12,60,34.42774385862522,94126,32.602605087611586,5.868331153916471
12,55,34.5446051289826,86406,32.602605087611586,5.868331153916471
12,50,35.25098200256733,78694,32.602605087611586,5.868331153916471
12,45,36.029070105512446,70974,32.602605087611586,5.868331153916471
12,40,36.238466876955286,63253,32.602605087611586,5.868331153916471
12,35,39.09516219257253,55533,32.602605087611586,5.868331153916471
12,30,40.848057170365855,47821,32.602605087611586,5.868331153916471
12,25,48.09777412885962,40101,32.602605087611586,5.868331153916471
12,20,65.30243965083949,32380,32.602605087611586,5.868331153916471
12,15,74.18440533352832,24660,32.602605087611586,5.868331153916471
12,10,108.01016445344996,16948,32.602605087611586,5.868331153916471
12,5,191.3228831344667,9228,32.602605087611586,5.868331153916471
13,80,26.63452042046691,125000,26.63452042046691,8.670030377766084
13,75,26.808735117975225,117279,26.63452042046691,8.670030377766084
13,70,27.196156287060983,109567,26.63452042046691,8.670030377766084
13,65,27.405380147604838,101847,26.63452042046691,8.670030377766084
13,60,28.17223932415249,94126,26.63452042046691,8.670030377766084
13,55,28.259840500143497,86406,26.63452042046691,8.670030377766084
13,50,28.90385824395162,78694,26.63452042046691,8.670030377766084
13,45,29.61260089665273,70974,26.63452042046691,8.670030377766084
13,40,29.73589760339651,63253,26.63452042046691,8.670030377766084
13,35,32.79351172786868,55533,26.63452042046691,8.670030377766084
13,30,34.944629153927,47821,26.63452042046691,8.670030377766084
13,25,42.55403810280605,40101,26.63452042046691,8.670030377766084
13,20,58.80690772382272,32380,26.63452042046691,8.670030377766084
13,15,70.73916565199545,24660,26.63452042046691,8.670030377766084
13,10,110.78385303685783,16948,26.63452042046691,8.670030377766084
13,5,230.9221011426792,9228,26.63452042046691,8.670030377766084
15,80,16.53410024423505,125000,16.53410024423505,21.12229973473292
15,75,16.684782951448714,117279,16.53410024423505,21.12229973473292
15,70,16.96437328541125,109567,16.53410024423505,21.12229973473292
15,65,17.080226612534613,101847,16.53410024423505,21.12229973473292
15,60,17.714708529764973,94126,16.53410024423505,21.12229973473292
15,55,17.766537613590174,86406,16.53410024423505,21.12229973473292
15,50,18.333542220368383,78694,16.53410024423505,21.12229973473292
15,45,18.97068872135369,70974,16.53410024423505,21.12229973473292
15,40,19.22551571861973,63253,16.53410024423505,21.12229973473292
15,35,23.01029860768435,55533,16.53410024423505,21.12229973473292
15,30,26.20780629075076,47821,16.53410024423505,21.12229973473292
15,25,34.83764524062702,40101,16.53410024423505,21.12229973473292
15,20,49.04515218329984,32380,16.53410024423505,21.12229973473292
15,15,69.36108376550588,24660,16.53410024423505,21.12229973473292
15,10,123.83303295696454,16948,16.53410024423505,21.12229973473292
15,5,349.2382212028535,9228,16.53410024423505,21.12229973473292
16,80,13.49752860781523,125000,13.49752860781523,29.56917731604898
16,75,13.644065674345086,117279,13.49752860781523,29.56917731604898
16,70,13.91137488754747,109567,13.49752860781523,29.56917731604898
16,65,14.019459408804972,101847,13.49752860781523,29.56917731604898
16,60,14.595017938556923,94126,13.49752860781523,29.56917731604898
16,55,14.645544718152644,86406,13.49752860781523,29.56917731604898
16,50,15.197566540240263,78694,13.49752860781523,29.56917731604898
16,45,15.838233777751476,70974,13.49752860781523,29.56917731604898
16,40,16.214022644026286,63253,13.49752860781523,29.56917731604898
16,35,20.23088922851413,55533,13.49752860781523,29.56917731604898
16,30,23.84423121838364,47821,13.49752860781523,29.56917731604898
16,25,32.8558637352592,40101,13.49752860781523,29.56917731604898
16,20,46.668411505912125,32380,13.49752860781523,29.56917731604898
16,15,70.36704685915186,24660,13.49752860781523,29.56917731604898
16,10,130.18119768859185,16948,13.49752860781523,29.56917731604898
16,5,399.1108167329323,9228,13.49752860781523,29.56917731604898
18,80,9.617793311907826,125000,9.617793311907826,51.51171273979866
18,75,9.78572571610442,117279,9.617793311907826,51.51171273979866
18,70,10.036020641949127,109567,9.617793311907826,51.51171273979866
18,65,10.15810823444387,101847,9.617793311907826,51.51171273979866
18,60,10.685313940819132,94126,9.617793311907826,51.51171273979866
18,55,10.74183397888046,86406,9.617793311907826,51.51171273979866
18,50,11.294601172053133,78694,9.617793311907826,51.51171273979866
18,45,11.969182924026487,70974,9.617793311907826,51.51171273979866
18,40,12.721276505131012,63253,9.617793311907826,51.51171273979866
18,35,17.386556308772768,55533,9.617793311907826,51.51171273979866
18,30,21.7738504204591,47821,9.617793311907826,51.51171273979866
18,25,31.815451401328296,40101,9.617793311907826,51.51171273979866
18,20,44.948785065520326,32380,9.617793311907826,51.51171273979866
18,15,75.25496226899263,24660,9.617793311907826,51.51171273979866
18,10,144.54023667591167,16948,9.617793311907826,51.51171273979866
18,5,495.4290062737528,9228,9.617793311907826,51.51171273979866
19,80,7.753386751476627,125000,7.753386751476627,71.22432938980127
19,75,7.923920264515815,117279,7.753386751476627,71.22432938980127
19,70,8.177205760456363,109567,7.753386751476627,71.22432938980127
19,65,8.31761273839059,101847,7.753386751476627,71.22432938980127
19,60,8.799275952881706,94126,7.753386751476627,71.22432938980127
19,55,8.862521138118444,86406,7.753386751476627,71.22432938980127
19,50,9.411656178448332,78694,7.753386751476627,71.22432938980127
19,45,10.108452846493192,70974,7.753386751476627,71.22432938980127
19,40,11.059713319776208,63253,7.753386751476627,71.22432938980127
19,35,15.992172417491684,55533,7.753386751476627,71.22432938980127
19,30,20.810983730358853,47821,7.753386751476627,71.22432938980127
19,25,31.247464038564743,40101,7.753386751476627,71.22432938980127
19,20,44.07999194202503,32380,7.753386751476627,71.22432938980127
19,15,77.96762048345308,24660,7.753386751476627,71.22432938980127
19,10,152.50316660568967,16948,7.753386751476627,71.22432938980127
19,5,552.2297718736925,9228,7.753386751476627,71.22432938980127
20,80,6.169193450111208,125000,6.169193450111208,99.84381486955074
20,75,6.353466552410458,117279,6.169193450111208,99.84381486955074
20,70,6.6115783868932025,109567,6.169193450111208,99.84381486955074
20,65,6.7858843340796895,101847,6.169193450111208,99.84381486955074
20,60,7.238229113760439,94126,6.169193450111208,99.84381486955074
20,55,7.31213415027359,86406,6.169193450111208,99.84381486955074
20,50,7.871589173003652,78694,6.169193450111208,99.84381486955074
20,45,8.604019376962427,70974,6.169193450111208,99.84381486955074
20,40,9.82637463928818,63253,6.169193450111208,99.84381486955074
20,35,15.129174696394422,55533,6.169193450111208,99.84381486955074
20,30,20.42823383531132,47821,6.169193450111208,99.84381486955074
20,25,31.39629836522421,40101,6.169193450111208,99.84381486955074
20,20,43.94884024516771,32380,6.169193450111208,99.84381486955074
20,15,81.90830040171276,24660,6.169193450111208,99.84381486955074
20,10,162.19053208509746,16948,6.169193450111208,99.84381486955074
20,5,615.9558087273484,9228,6.169193450111208,99.84381486955074
21,80,4.972784973035354,125000,4.972784973035354,135.9568447202904
21,75,5.171080640570301,117279,4.972784973035354,135.9568447202904
21,70,5.440793203063191,109567,4.972784973035354,135.9568447202904
21,65,5.65833396114055,101847,4.972784973035354,135.9568447202904
21,60,6.087071320854484,94126,4.972784973035354,135.9568447202904
21,55,6.175023199990067,86406,4.972784973035354,135.9568447202904
21,50,6.747485670065235,78694,4.972784973035354,135.9568447202904
21,45,7.529195940901542,70974,4.972784973035354,135.9568447202904
21,40,9.016898202841151,63253,4.972784973035354,135.9568447202904
21,35,14.666464242952484,55533,4.972784973035354,135.9568447202904
21,30,20.428136290631645,47821,4.972784973035354,135.9568447202904
21,25,31.895449401369763,40101,4.972784973035354,135.9568447202904
21,20,44.26120340867589,32380,4.972784973035354,135.9568447202904
21,15,85.98786153985591,24660,4.972784973035354,135.9568447202904
21,10,171.47712677499814,16948,4.972784973035354,135.9568447202904
21,5,676.0841544063612,9228,4.972784973035354,135.9568447202904
22,80,3.843422773591395,125000,3.843422773591395,194.59682791537668
22,75,4.064615013204733,117279,3.843422773591395,194.59682791537668
22,70,4.3514713366083,109567,3.843422773591395,194.59682791537668
22,65,4.624010705348335,101847,3.843422773591395,194.59682791537668
22,60,5.028143180866231,94126,3.843422773591395,194.59682791537668
22,55,5.135862375268882,86406,3.843422773591395,194.59682791537668
22,50,5.725286376626171,78694,3.843422773591395,194.59682791537668
22,45,6.574832882101195,70974,3.843422773591395,194.59682791537668
22,40,8.390936602903766,63253,3.843422773591395,194.59682791537668
22,35,14.4321606432387,55533,3.843422773591395,194.59682791537668
22,30,20.723097131507384,47821,3.843422773591395,194.59682791537668
22,25,32.75828533956364,40101,3.843422773591395,194.59682791537668
22,20,44.93000300514434,32380,3.843422773591395,194.59682791537668
22,15,91.04244590420666,24660,3.843422773591395,194.59682791537668
22,10,182.6384914267601,16948,3.843422773591395,194.59682791537668
22,5,747.9178800786044,9228,3.843422773591395,194.59682791537668
23,80,3.0611263127177644,125000,3.0611263127177644,266.67128370211736
23,75,3.309169996807769,117279,3.0611263127177644,266.67128370211736
23,70,3.617916112365112,109567,3.0611263127177644,266.67128370211736
23,65,3.957953780337304,101847,3.0611263127177644,266.67128370211736
23,60,4.346353937763103,94126,3.0611263127177644,266.67128370211736
23,55,4.475796822553412,86406,3.0611263127177644,266.67128370211736
23,50,5.089063526609426,78694,3.0611263127177644,266.67128370211736
23,45,6.019194275916995,70974,3.0611263127177644,266.67128370211736
23,40,8.169212750225268,63253,3.0611263127177644,266.67128370211736
23,35,14.593798105007544,55533,3.0611263127177644,266.67128370211736
23,30,21.402715472481574,47821,3.0611263127177644,266.67128370211736
23,25,34.01412652940105,40101,3.0611263127177644,266.67128370211736
23,20,46.05313915259584,32380,3.0611263127177644,266.67128370211736
23,15,96.33754777214337,24660,3.0611263127177644,266.67128370211736
23,10,193.6628332643372,16948,3.0611263127177644,266.67128370211736
23,5,816.3144833867755,9228,3.0611263127177644,266.67128370211736
24,80,2.4953484407194035,125000,2.4953484407194035,356.3173613596222
24,75,2.7793193964623013,117279,2.4953484407194035,356.3173613596222
24,70,3.1155312610575816,109567,2.4953484407194035,356.3173613596222
24,65,3.5263895344865333,101847,2.4953484407194035,356.3173613596222
24,60,3.8956248261882847,94126,2.4953484407194035,356.3173613596222
24,55,4.050221154733184,86406,2.4953484407194035,356.3173613596222
24,50,4.694790046726802,78694,2.4953484407194035,356.3173613596222
24,45,5.716233274319551,70974,2.4953484407194035,356.3173613596222
24,40,8.236000578810305,63253,2.4953484407194035,356.3173613596222
24,35,15.075308872876928,55533,2.4953484407194035,356.3173613596222
24,30,22.44106817342505,47821,2.4953484407194035,356.3173613596222
24,25,35.692409027893866,40101,2.4953484407194035,356.3173613596222
24,20,47.640158746297054,32380,2.4953484407194035,356.3173613596222
24,15,102.33728633663036,24660,2.4953484407194035,356.3173613596222
24,10,205.64388458228404,16948,2.4953484407194035,356.3173613596222
24,5,889.1359720699855,9228,2.4953484407194035,356.3173613596222
26,80,1.826350940806488,125000,1.826350940806488,580.9652919250923
26,75,2.1814690774736,117279,1.826350940806488,580.9652919250923
26,70,2.5902339114666977,109567,1.826350940806488,580.9652919250923
26,65,3.185348908798077,101847,1.826350940806488,580.9652919250923
26,60,3.5250012367961188,94126,1.826350940806488,580.9652919250923
26,55,3.74733570012948,86406,1.826350940806488,580.9652919250923
26,50,4.46179260833742,78694,1.826350940806488,580.9652919250923
26,45,5.703953668018444,70974,1.826350940806488,580.9652919250923
26,40,9.04995386111506,63253,1.826350940806488,580.9652919250923
26,35,16.720587415209874,55533,1.826350940806488,580.9652919250923
26,30,25.295914015742195,47821,1.826350940806488,580.9652919250923
26,25,39.74282625857826,40101,1.826350940806488,580.9652919250923
26,20,51.65641147886404,32380,1.826350940806488,580.9652919250923
26,15,116.20291757397534,24660,1.826350940806488,580.9652919250923
26,10,230.4344476505545,16948,1.826350940806488,580.9652919250923
26,5,1061.0465074833082,9228,1.826350940806488,580.9652919250923
27,80,1.8862304061559376,125000,1.8862304061559376,607.2147205804482
27,75,2.2845439906770344,117279,1.8862304061559376,607.2147205804482
27,70,2.735441514682461,109567,1.8862304061559376,607.2147205804482
27,65,3.4371593350474554,101847,1.8862304061559376,607.2147205804482
27,60,3.776230641530821,94126,1.8862304061559376,607.2147205804482
27,55,4.039327282734452,86406,1.8862304061559376,607.2147205804482
27,50,4.795964848052455,78694,1.8862304061559376,607.2147205804482
27,45,6.173491645501511,70974,1.8862304061559376,607.2147205804482
27,40,9.98776687618393,63253,1.8862304061559376,607.2147205804482
27,35,18.11705792580869,55533,1.8862304061559376,607.2147205804482
27,30,27.30891697990784,47821,1.8862304061559376,607.2147205804482
27,25,42.42378604135411,40101,1.8862304061559376,607.2147205804482
27,20,54.33700541115016,32380,1.8862304061559376,607.2147205804482
27,15,123.03292150189571,24660,1.8862304061559376,607.2147205804482
27,10,239.59979242235892,16948,1.8862304061559376,607.2147205804482
27,5,1145.346869024323,9228,1.8862304061559376,607.2147205804482
28,80,2.184487269279515,125000,2.184487269279515,564.380443907363
28,75,2.6350429379095712,117279,2.184487269279515,564.380443907363
28,70,3.134946956909245,109567,2.184487269279515,564.380443907363
28,65,3.966155719915765,101847,2.184487269279515,564.380443907363
28,60,4.307912116188221,94126,2.184487269279515,564.380443907363
28,55,4.616049695857957,86406,2.184487269279515,564.380443907363
28,50,5.420653080302266,78694,2.184487269279515,564.380443907363
28,45,6.94042822591217,70974,2.184487269279515,564.380443907363
28,40,11.228381396147311,63253,2.184487269279515,564.380443907363
28,35,19.809299250732696,55533,2.184487269279515,564.380443907363
28,30,29.58393458713086,47821,2.184487269279515,564.380443907363
28,25,45.31779567684558,40101,2.184487269279515,564.380443907363
28,20,56.74806010709487,32380,2.184487269279515,564.380443907363
28,15,128.88897619279123,24660,2.184487269279515,564.380443907363
28,10,247.1569000346109,16948,2.184487269279515,564.380443907363
28,5,1232.8818947459558,9228,2.184487269279515,564.380443907363
29,80,2.484120526979186,125000,2.484120526979186,536.4778398672017
29,75,2.9925253476917164,117279,2.484120526979186,536.4778398672017
29,70,3.5441983035991336,109567,2.484120526979186,536.4778398672017
29,65,4.486969416845697,101847,2.484120526979186,536.4778398672017
29,60,4.826604566032499,94126,2.484120526979186,536.4778398672017
29,55,5.188172636857804,86406,2.484120526979186,536.4778398672017
29,50,6.072049783662799,78694,2.484120526979186,536.4778398672017
29,45,7.754357531551903,70974,2.484120526979186,536.4778398672017
29,40,12.256940614782634,63253,2.484120526979186,536.4778398672017
29,35,20.85833141363805,55533,2.484120526979186,536.4778398672017
29,30,31.06877173566289,47821,2.484120526979186,536.4778398672017
29,25,46.03099241628648,40101,2.484120526979186,536.4778398672017
29,20,56.4370992205068,32380,2.484120526979186,536.4778398672017
29,15,133.1099421055732,24660,2.484120526979186,536.4778398672017
29,10,255.59965720974915,16948,2.484120526979186,536.4778398672017
29,5,1332.6756142835686,9228,2.484120526979186,536.4778398672017
30,80,2.4503669972396067,125000,2.4503669972396067,586.2864898475482
30,75,2.992801556988107,117279,2.4503669972396067,586.2864898475482
30,70,3.502730805195003,109567,2.4503669972396067,586.2864898475482
30,65,4.42038015534148,101847,2.4503669972396067,586.2864898475482
30,60,4.759021086919726,94126,2.4503669972396067,586.2864898475482
30,55,5.150320532245657,86406,2.4503669972396067,586.2864898475482
30,50,6.00197354278062,78694,2.4503669972396067,586.2864898475482
30,45,7.590442851473161,70974,2.4503669972396067,586.2864898475482
30,40,12.082727822208843,63253,2.4503669972396067,586.2864898475482
30,35,20.49753492729715,55533,2.4503669972396067,586.2864898475482
30,30,31.81218345012352,47821,2.4503669972396067,586.2864898475482
30,25,46.65941129907582,40101,2.4503669972396067,586.2864898475482
30,20,56.83502845506434,32380,2.4503669972396067,586.2864898475482
30,15,138.77176412692475,24660,2.4503669972396067,586.2864898475482
30,10,268.4629758488077,16948,2.4503669972396067,586.2864898475482
30,5,1436.617065649886,9228,2.4503669972396067,586.2864898475482
31,80,2.455236374890664,125000,2.455236374890664,585.1695019489198
31,75,2.9972700747227123,117279,2.455236374890664,585.1695019489198
31,70,3.508829229800161,109567,2.455236374890664,585.1695019489198
31,65,4.428330843444483,101847,2.455236374890664,585.1695019489198
31,60,4.768257581047269,94126,2.455236374890664,585.1695019489198
31,55,5.160355993785882,86406,2.455236374890664,585.1695019489198
31,50,6.013079416710833,78694,2.455236374890664,585.1695019489198
31,45,7.603220039753932,70974,2.455236374890664,585.1695019489198
31,40,12.09705903189796,63253,2.455236374890664,585.1695019489198
31,35,20.51901046142269,55533,2.455236374890664,585.1695019489198
31,30,31.833780820957514,47821,2.455236374890664,585.1695019489198
31,25,46.68609932179881,40101,2.455236374890664,585.1695019489198
31,20,56.86691129196594,32380,2.455236374890664,585.1695019489198
31,15,138.82174254407624,24660,2.455236374890664,585.1695019489198
31,10,268.5213254296353,16948,2.455236374890664,585.1695019489198
31,5,1436.7294466616408,9228,2.455236374890664,585.1695019489198
33,80,2.431439124436131,125000,2.431439124436131,590.83458140569
33,75,2.9730246578615893,117279,2.431439124436131,590.83458140569
33,70,3.478936326457996,109567,2.431439124436131,590.83458140569
33,65,4.394504142170074,101847,2.431439124436131,590.83458140569
33,60,4.732141695263441,94126,2.431439124436131,590.83458140569
33,55,5.124316701353138,86406,2.431439124436131,590.83458140569
33,50,5.974162792435391,78694,2.431439124436131,590.83458140569
33,45,7.5566894754512015,70974,2.431439124436131,590.83458140569
33,40,12.06164779515114,63253,2.431439124436131,590.83458140569
33,35,20.474644271118468,55533,2.431439124436131,590.83458140569
33,30,31.78151419367873,47821,2.431439124436131,590.83458140569
33,25,46.60855398339567,40101,2.431439124436131,590.83458140569
33,20,56.7692869310312,32380,2.431439124436131,590.83458140569
33,15,138.7030527405663,24660,2.431439124436131,590.83458140569
33,10,268.3940537586237,16948,2.431439124436131,590.83458140569
33,5,1436.578317299639,9228,2.431439124436131,590.83458140569
34,80,2.431852700890481,125000,2.431852700890481,590.7357134144883
34,75,2.9734097583485712,117279,2.431852700890481,590.7357134144883
34,70,3.479696439534653,109567,2.431852700890481,590.7357134144883
34,65,4.395410945662977,101847,2.431852700890481,590.7357134144883
34,60,4.732876457642012,94126,2.431852700890481,590.7357134144883
34,55,5.124971824030353,86406,2.431852700890481,590.7357134144883
34,50,5.975207864683786,78694,2.431852700890481,590.7357134144883
34,45,7.557859172027357,70974,2.431852700890481,590.7357134144883
34,40,12.063097299637112,63253,2.431852700890481,590.7357134144883
34,35,20.476484349842703,55533,2.431852700890481,590.7357134144883
34,30,31.78276838117572,47821,2.431852700890481,590.7357134144883
34,25,46.6092704715734,40101,2.431852700890481,590.7357134144883
34,20,56.771343744968185,32380,2.431852700890481,590.7357134144883
34,15,138.7077207493439,24660,2.431852700890481,590.7357134144883
34,10,268.4003214573457,16948,2.431852700890481,590.7357134144883
34,5,1436.5822401794885,9228,2.431852700890481,590.7357134144883
35,80,2.431588381463998,125000,2.431588381463998,590.803736678262
35,75,2.9732631609999576,117279,2.431588381463998,590.803736678262
35,70,3.479429926688078,109567,2.431588381463998,590.803736678262
35,65,4.395172691536862,101847,2.431588381463998,590.803736678262
35,60,4.732650935046153,94126,2.431588381463998,590.803736678262
35,55,5.124897021651591,86406,2.431588381463998,590.803736678262
35,50,5.975110032504484,78694,2.431588381463998,590.803736678262
35,45,7.557690052886548,70974,2.431588381463998,590.803736678262
35,40,12.062881549408733,63253,2.431588381463998,590.803736678262
35,35,20.4760304513787,55533,2.431588381463998,590.803736678262
35,30,31.78277291867516,47821,2.431588381463998,590.803736678262
35,25,46.60954487365554,40101,2.431588381463998,590.803736678262
35,20,56.771983697708926,32380,2.431588381463998,590.803736678262
35,15,138.7095258743497,24660,2.431588381463998,590.803736678262
35,10,268.4022883665182,16948,2.431588381463998,590.803736678262
35,5,1436.5915018323772,9228,2.431588381463998,590.803736678262
36,80,2.431427728578106,125000,2.431427728578106,590.8425071349649
36,75,2.9732613167843023,117279,2.431427728578106,590.8425071349649
36,70,3.4793538091388565,109567,2.431427728578106,590.8425071349649
36,65,4.395123632342604,101847,2.431427728578106,590.8425071349649
36,60,4.732627734023018,94126,2.431427728578106,590.8425071349649
36,55,5.124846223893053,86406,2.431427728578106,590.8425071349649
36,50,5.975115913671489,78694,2.431427728578106,590.8425071349649
36,45,7.55783044764033,70974,2.431427728578106,590.8425071349649
36,40,12.062389583613996,63253,2.431427728578106,590.8425071349649
36,35,20.47553285383006,55533,2.431427728578106,590.8425071349649
36,30,31.782799968766486,47821,2.431427728578106,590.8425071349649
36,25,46.6090296874069,40101,2.431427728578106,590.8425071349649
36,20,56.77212737601146,32380,2.431427728578106,590.8425071349649
36,15,138.71054080692753,24660,2.431427728578106,590.8425071349649
36,10,268.4038287997087,16948,2.431427728578106,590.8425071349649
36,5,1436.590855070561,9228,2.431427728578106,590.8425071349649
37,80,2.4314278869676564,125000,2.4314278869676564,590.8489337982236
37,75,2.9729918884986444,117279,2.4314278869676564,590.8489337982236
37,70,3.479100678695312,109567,2.4314278869676564,590.8489337982236
37,65,4.394971061143017,101847,2.4314278869676564,590.8489337982236
37,60,4.732446118659616,94126,2.4314278869676564,590.8489337982236
37,55,5.12483422637908,86406,2.4314278869676564,590.8489337982236
37,50,5.975116431008879,78694,2.4314278869676564,590.8489337982236
37,45,7.557816851309391,70974,2.4314278869676564,590.8489337982236
37,40,12.063025613532586,63253,2.4314278869676564,590.8489337982236
37,35,20.477579774285065,55533,2.4314278869676564,590.8489337982236
37,30,31.784514748668148,47821,2.4314278869676564,590.8489337982236
37,25,46.61184537238058,40101,2.4314278869676564,590.8489337982236
37,20,56.77475532908442,32380,2.4314278869676564,590.8489337982236
37,15,138.71646809980405,24660,2.4314278869676564,590.8489337982236
37,10,268.41011428651524,16948,2.4314278869676564,590.8489337982236
37,5,1436.6065746221077,9228,2.4314278869676564,590.8489337982236
38,80,2.431510074610033,125000,2.431510074610033,590.8279080810743
38,75,2.97298536061508,117279,2.431510074610033,590.8279080810743
38,70,3.479173881815407,109567,2.431510074610033,590.8279080810743
38,65,4.395001236390969,101847,2.431510074610033,590.8279080810743
38,60,4.732448056354763,94126,2.431510074610033,590.8279080810743
38,55,5.124741551063448,86406,2.431510074610033,590.8279080810743
38,50,5.975023657688131,78694,2.431510074610033,590.8279080810743
38,45,7.557735352519113,70974,2.431510074610033,590.8279080810743
38,40,12.06285143353229,63253,2.431510074610033,590.8279080810743
38,35,20.477867248177272,55533,2.431510074610033,590.8279080810743
38,30,31.78476383754041,47821,2.431510074610033,590.8279080810743
38,25,46.61214053381725,40101,2.431510074610033,590.8279080810743
38,20,56.775426645365954,32380,2.431510074610033,590.8279080810743
38,15,138.71766371093184,24660,2.431510074610033,590.8279080810743
38,10,268.4123518105643,16948,2.431510074610033,590.8279080810743
38,5,1436.6040108599027,9228,2.431510074610033,590.8279080810743
39,80,2.432264804970788,125000,2.432264804970788,590.6771715450866
39,75,2.974751489069971,117279,2.432264804970788,590.6771715450866
39,70,3.479382374808435,109567,2.432264804970788,590.6771715450866
39,65,4.397463684612446,101847,2.432264804970788,590.6771715450866
39,60,4.734664295265911,94126,2.432264804970788,590.6771715450866
39,55,5.127179004110323,86406,2.432264804970788,590.6771715450866
39,50,5.977004831808295,78694,2.432264804970788,590.6771715450866
39,45,7.562485601731534,70974,2.432264804970788,590.6771715450866
39,40,12.06878698309193,63253,2.432264804970788,590.6771715450866
39,35,20.493397348892103,55533,2.432264804970788,590.6771715450866
39,30,31.802988019718097,47821,2.432264804970788,590.6771715450866
39,25,46.63365021599552,40101,2.432264804970788,590.6771715450866
39,20,56.79292379516408,32380,2.432264804970788,590.6771715450866
39,15,138.74474755702718,24660,2.432264804970788,590.6771715450866
39,10,268.4250771317457,16948,2.432264804970788,590.6771715450866
39,5,1436.6832954488063,9228,2.432264804970788,590.6771715450866
40,80,2.439511644085515,125000,2.439511644085515,589.0133186796163
40,75,2.9839227440953637,117279,2.439511644085515,589.0133186796163
40,70,3.490838845349346,109567,2.439511644085515,589.0133186796163
40,65,4.403284149055135,101847,2.439511644085515,589.0133186796163
40,60,4.733981992586009,94126,2.439511644085515,589.0133186796163
40,55,5.124468978518358,86406,2.439511644085515,589.0133186796163
40,50,5.980075529310786,78694,2.439511644085515,589.0133186796163
40,45,7.5695567829503325,70974,2.439511644085515,589.0133186796163
40,40,12.07419533934473,63253,2.439511644085515,589.0133186796163
40,35,20.51645463972728,55533,2.439511644085515,589.0133186796163
40,30,31.845066711102643,47821,2.439511644085515,589.0133186796163
40,25,46.721771566906064,40101,2.439511644085515,589.0133186796163
40,20,56.882877024994976,32380,2.439511644085515,589.0133186796163
40,15,138.85437506673668,24660,2.439511644085515,589.0133186796163
40,10,268.4416964920286,16948,2.439511644085515,589.0133186796163
40,5,1436.9048494403762,9228,2.439511644085515,589.0133186796163
41,80,2.4352272862444155,125000,2.4352272862444155,589.973911313186
41,75,2.976994323725923,117279,2.4352272862444155,589.973911313186
41,70,3.4817980504024804,109567,2.4352272862444155,589.973911313186
41,65,4.401005483847539,101847,2.4352272862444155,589.973911313186
41,60,4.738302012786574,94126,2.4352272862444155,589.973911313186
41,55,5.129996167696622,86406,2.4352272862444155,589.973911313186
41,50,5.9810944035613245,78694,2.4352272862444155,589.973911313186
41,45,7.567429062210914,70974,2.4352272862444155,589.973911313186
41,40,12.075324472148814,63253,2.4352272862444155,589.973911313186
41,35,20.503667899469992,55533,2.4352272862444155,589.973911313186
41,30,31.82015836607,47821,2.4352272862444155,589.973911313186
41,25,46.655397038745015,40101,2.4352272862444155,589.973911313186
41,20,56.812418958665965,32380,2.4352272862444155,589.973911313186
41,15,138.77128540900847,24660,2.4352272862444155,589.973911313186
41,10,268.45047350353326,16948,2.4352272862444155,589.973911313186
41,5,1436.7205670022136,9228,2.4352272862444155,589.973911313186
42,80,2.4335062452587635,125000,2.4335062452587635,590.3824819242836
42,75,2.975368813355,117279,2.4335062452587635,590.3824819242836
42,70,3.4803617919295853,109567,2.4335062452587635,590.3824819242836
42,65,4.399039877012601,101847,2.4335062452587635,590.3824819242836
42,60,4.736302487102568,94126,2.4335062452587635,590.3824819242836
42,55,5.128275652204923,86406,2.4335062452587635,590.3824819242836
42,50,5.978244435402512,78694,2.4335062452587635,590.3824819242836
42,45,7.561809503884417,70974,2.4335062452587635,590.3824819242836
42,40,12.069476132328823,63253,2.4335062452587635,590.3824819242836
42,35,20.496875345060705,55533,2.4335062452587635,590.3824819242836
42,30,31.80996693823693,47821,2.4335062452587635,590.3824819242836
42,25,46.6411484310477,40101,2.4335062452587635,590.3824819242836
42,20,56.80104957583344,32380,2.4335062452587635,590.3824819242836
42,15,138.76225107726782,24660,2.4335062452587635,590.3824819242836
42,10,268.45014989647825,16948,2.4335062452587635,590.3824819242836
42,5,1436.6994568541134,9228,2.4335062452587635,590.3824819242836
43,80,2.432066867442248,125000,2.432066867442248,590.7431994350821
43,75,2.973763082080653,117279,2.432066867442248,590.7431994350821
43,70,3.4792723133613337,109567,2.432066867442248,590.7431994350821
43,65,4.397360891070237,101847,2.432066867442248,590.7431994350821
43,60,4.734750433564998,94126,2.432066867442248,590.7431994350821
43,55,5.126590135727636,86406,2.432066867442248,590.7431994350821
43,50,5.977276800978851,78694,2.432066867442248,590.7431994350821
43,45,7.561409364853968,70974,2.432066867442248,590.7431994350821
43,40,12.06891513698826,63253,2.432066867442248,590.7431994350821
43,35,20.49796479140501,55533,2.432066867442248,590.7431994350821
43,30,31.81099904272642,47821,2.432066867442248,590.7431994350821
43,25,46.64655134079031,40101,2.432066867442248,590.7431994350821
43,20,56.81006442689768,32380,2.432066867442248,590.7431994350821
43,15,138.77730854068938,24660,2.432066867442248,590.7431994350821
43,10,268.4672265617258,16948,2.432066867442248,590.7431994350821
43,5,1436.7269625128913,9228,2.432066867442248,590.7431994350821
46,80,2.43308536949614,125000,2.43308536949614,590.5017140769794
46,75,2.9751585116623107,117279,2.43308536949614,590.5017140769794
46,70,3.480083934104945,109567,2.43308536949614,590.5017140769794
46,65,4.399079444457091,101847,2.43308536949614,590.5017140769794
46,60,4.736864602272734,94126,2.43308536949614,590.5017140769794
46,55,5.128852666758236,86406,2.43308536949614,590.5017140769794
46,50,5.979166811398091,78694,2.43308536949614,590.5017140769794
46,45,7.5636903822746175,70974,2.43308536949614,590.5017140769794
46,40,12.071650538805164,63253,2.43308536949614,590.5017140769794
46,35,20.500688535827084,55533,2.43308536949614,590.5017140769794
46,30,31.8149209202087,47821,2.43308536949614,590.5017140769794
46,25,46.64586046782927,40101,2.43308536949614,590.5017140769794
46,20,56.80921238172241,32380,2.43308536949614,590.5017140769794
46,15,138.77163760385764,24660,2.43308536949614,590.5017140769794
46,10,268.4683048020545,16948,2.43308536949614,590.5017140769794
46,5,1436.7410811830912,9228,2.43308536949614,590.5017140769794
47,80,2.43308536949614,125000,2.43308536949614,590.5017140769794
47,75,2.9751585116623107,117279,2.43308536949614,590.5017140769794
47,70,3.480083934104945,109567,2.43308536949614,590.5017140769794
47,65,4.399079444457091,101847,2.43308536949614,590.5017140769794
47,60,4.736864602272734,94126,2.43308536949614,590.5017140769794
47,55,5.128852666758236,86406,2.43308536949614,590.5017140769794
47,50,5.979166811398091,78694,2.43308536949614,590.5017140769794
47,45,7.5636903822746175,70974,2.43308536949614,590.5017140769794
47,40,12.071650538805164,63253,2.43308536949614,590.5017140769794
47,35,20.500688535827084,55533,2.43308536949614,590.5017140769794
47,30,31.8149209202087,47821,2.43308536949614,590.5017140769794
47,25,46.64586046782927,40101,2.43308536949614,590.5017140769794
47,20,56.80921238172241,32380,2.43308536949614,590.5017140769794
47,15,138.77163760385764,24660,2.43308536949614,590.5017140769794
47,10,268.4683048020545,16948,2.43308536949614,590.5017140769794
47,5,1436.7410811830912,9228,2.43308536949614,590.5017140769794
48,80,2.449734698357772,125000,2.449734698357772,586.6401830765792
48,75,2.9953918287066963,117279,2.449734698357772,586.6401830765792
48,70,3.502461500875262,109567,2.449734698357772,586.6401830765792
48,65,4.41885337559764,101847,2.449734698357772,586.6401830765792
48,60,4.751480280701315,94126,2.449734698357772,586.6401830765792
48,55,5.1434611944068624,86406,2.449734698357772,586.6401830765792
48,50,5.99806710454048,78694,2.449734698357772,586.6401830765792
48,45,7.585570593986,70974,2.449734698357772,586.6401830765792
48,40,12.097494645677571,63253,2.449734698357772,586.6401830765792
48,35,20.538205810517205,55533,2.449734698357772,586.6401830765792
48,30,31.87221116020448,47821,2.449734698357772,586.6401830765792
48,25,46.75721015769865,40101,2.449734698357772,586.6401830765792
48,20,56.94136915398038,32380,2.449734698357772,586.6401830765792
48,15,138.93541161326635,24660,2.449734698357772,586.6401830765792
48,10,268.5645333921473,16948,2.449734698357772,586.6401830765792
48,5,1437.1128119336518,9228,2.449734698357772,586.6401830765792
49,80,2.4403937190603013,125000,2.4403937190603013,588.7874619058638
49,75,2.983635919374048,117279,2.4403937190603013,588.7874619058638
49,70,3.490790468638255,109567,2.4403937190603013,588.7874619058638
49,65,4.409694344824032,101847,2.4403937190603013,588.7874619058638
49,60,4.746390909693274,94126,2.4403937190603013,588.7874619058638
49,55,5.139173838019868,86406,2.4403937190603013,588.7874619058638
49,50,5.989429944603714,78694,2.4403937190603013,588.7874619058638
49,45,7.57344953568676,70974,2.4403937190603013,588.7874619058638
49,40,12.086303752959298,63253,2.4403937190603013,588.7874619058638
49,35,20.51076360543192,55533,2.4403937190603013,588.7874619058638
49,30,31.82710354187383,47821,2.4403937190603013,588.7874619058638
49,25,46.67272535857663,40101,2.4403937190603013,588.7874619058638
49,20,56.849388990404606,32380,2.4403937190603013,588.7874619058638
49,15,138.8213525563147,24660,2.4403937190603013,588.7874619058638
49,10,268.5232172767235,16948,2.4403937190603013,588.7874619058638
49,5,1436.8732238965265,9228,2.4403937190603013,588.7874619058638
50,80,2.441941583776028,125000,2.441941583776028,588.4249768867514
50,75,2.985490544474626,117279,2.441941583776028,588.4249768867514
50,70,3.4924941557999656,109567,2.441941583776028,588.4249768867514
50,65,4.41147852945929,101847,2.441941583776028,588.4249768867514
50,60,4.748102334894181,94126,2.441941583776028,588.4249768867514
50,55,5.140720632023558,86406,2.441941583776028,588.4249768867514
50,50,5.991167640094994,78694,2.441941583776028,588.4249768867514
50,45,7.575926873028632,70974,2.441941583776028,588.4249768867514
50,40,12.089532442564742,63253,2.441941583776028,588.4249768867514
50,35,20.514069060586014,55533,2.441941583776028,588.4249768867514
50,30,31.832537552325533,47821,2.441941583776028,588.4249768867514
50,25,46.679998504118906,40101,2.441941583776028,588.4249768867514
50,20,56.85691668429238,32380,2.441941583776028,588.4249768867514
50,15,138.82936394346163,24660,2.441941583776028,588.4249768867514
50,10,268.5311180673877,16948,2.441941583776028,588.4249768867514
50,5,1436.8994199922065,9228,2.441941583776028,588.4249768867514
53,80,2.441948788602957,125000,2.441948788602957,588.4222860741475
53,75,2.9854969552636628,117279,2.441948788602957,588.4222860741475
53,70,3.492509453709015,109567,2.441948788602957,588.4222860741475
53,65,4.4115119762173824,101847,2.441948788602957,588.4222860741475
53,60,4.748181992983206,94126,2.441948788602957,588.4222860741475
53,55,5.140785180850782,86406,2.441948788602957,588.4222860741475
53,50,5.991223451840419,78694,2.441948788602957,588.4222860741475
53,45,7.575963472838909,70974,2.441948788602957,588.4222860741475
53,40,12.089611538666473,63253,2.441948788602957,588.4222860741475
53,35,20.51417993568593,55533,2.441948788602957,588.4222860741475
53,30,31.832692029656943,47821,2.441948788602957,588.4222860741475
53,25,46.67988665221402,40101,2.441948788602957,588.4222860741475
53,20,56.856751904385085,32380,2.441948788602957,588.4222860741475
53,15,138.82859056347942,24660,2.441948788602957,588.4222860741475
53,10,268.5302356186318,16948,2.441948788602957,588.4222860741475
53,5,1436.897088665747,9228,2.441948788602957,588.4222860741475
54,80,2.4418605512092038,125000,2.4418605512092038,588.4431405153671
54,75,2.9854148026368006,117279,2.4418605512092038,588.4431405153671
54,70,3.4924339347185,109567,2.4418605512092038,588.4431405153671
54,65,4.41145893126783,101847,2.4418605512092038,588.4431405153671
54,60,4.748063292020673,94126,2.4418605512092038,588.4431405153671
54,55,5.140652538538929,86406,2.4418605512092038,588.4431405153671
54,50,5.99106540202644,78694,2.4418605512092038,588.4431405153671
54,45,7.575796315935351,70974,2.4418605512092038,588.4431405153671
54,40,12.089334293724338,63253,2.4418605512092038,588.4431405153671
54,35,20.513970699520964,55533,2.4418605512092038,588.4431405153671
54,30,31.832264027689217,47821,2.4418605512092038,588.4431405153671
54,25,46.67991999448795,40101,2.4418605512092038,588.4431405153671
54,20,56.85682843166814,32380,2.4418605512092038,588.4431405153671
54,15,138.82891517985576,24660,2.4418605512092038,588.4431405153671
54,10,268.52941402977814,16948,2.4418605512092038,588.4431405153671
54,5,1436.896091454129,9228,2.4418605512092038,588.4431405153671
55,80,2.4418605512092038,125000,2.4418605512092038,588.4431405153671
55,75,2.9854148026368006,117279,2.4418605512092038,588.4431405153671
55,70,3.4924339347185,109567,2.4418605512092038,588.4431405153671
55,65,4.41145893126783,101847,2.4418605512092038,588.4431405153671
55,60,4.748063292020673,94126,2.4418605512092038,588.4431405153671
55,55,5.140652538538929,86406,2.4418605512092038,588.4431405153671
55,50,5.99106540202644,78694,2.4418605512092038,588.4431405153671
55,45,7.575796315935351,70974,2.4418605512092038,588.4431405153671
55,40,12.089334293724338,63253,2.4418605512092038,588.4431405153671
55,35,20.513970699520964,55533,2.4418605512092038,588.4431405153671
55,30,31.832264027689217,47821,2.4418605512092038,588.4431405153671
55,25,46.67991999448795,40101,2.4418605512092038,588.4431405153671
55,20,56.85682843166814,32380,2.4418605512092038,588.4431405153671
55,15,138.82891517985576,24660,2.4418605512092038,588.4431405153671
55,10,268.52941402977814,16948,2.4418605512092038,588.4431405153671
55,5,1436.896091454129,9228,2.4418605512092038,588.4431405153671
56,80,2.44784740768804,125000,2.44784740768804,587.0482822675692
56,75,2.992356776524435,117279,2.44784740768804,587.0482822675692
56,70,3.500019060256248,109567,2.44784740768804,587.0482822675692
56,65,4.41611755492741,101847,2.44784740768804,587.0482822675692
56,60,4.748073099315845,94126,2.44784740768804,587.0482822675692
56,55,5.141896693866019,86406,2.44784740768804,587.0482822675692
56,50,5.995840637838847,78694,2.44784740768804,587.0482822675692
56,45,7.58170653380076,70974,2.44784740768804,587.0482822675692
56,40,12.099749449042072,63253,2.44784740768804,587.0482822675692
56,35,20.535995947635367,55533,2.44784740768804,587.0482822675692
56,30,31.85901724438511,47821,2.44784740768804,587.0482822675692
56,25,46.73254231479578,40101,2.44784740768804,587.0482822675692
56,20,56.92042911383319,32380,2.44784740768804,587.0482822675692
56,15,138.91164420785967,24660,2.44784740768804,587.0482822675692
56,10,268.5333157804139,16948,2.44784740768804,587.0482822675692
56,5,1437.004615936386,9228,2.44784740768804,587.0482822675692
57,80,2.4488393521950917,125000,2.4488393521950917,586.7470680122221
57,75,2.9916967587911936,117279,2.4488393521950917,586.7470680122221
57,70,3.5002495063690047,109567,2.4488393521950917,586.7470680122221
57,65,4.419436193246465,101847,2.4488393521950917,586.7470680122221
57,60,4.752945017096764,94126,2.4488393521950917,586.7470680122221
57,55,5.146463681222567,86406,2.4488393521950917,586.7470680122221
57,50,5.995894221668488,78694,2.4488393521950917,586.7470680122221
57,45,7.575024559447114,70974,2.4488393521950917,586.7470680122221
57,40,12.089874634922063,63253,2.4488393521950917,586.7470680122221
57,35,20.501183844021977,55533,2.4488393521950917,586.7470680122221
57,30,31.802335781091625,47821,2.4488393521950917,586.7470680122221
57,25,46.66259225199864,40101,2.4488393521950917,586.7470680122221
57,20,56.83568814024823,32380,2.4488393521950917,586.7470680122221
57,15,138.78862804091463,24660,2.4488393521950917,586.7470680122221
57,10,268.4929687094946,16948,2.4488393521950917,586.7470680122221
57,5,1436.8493099334191,9228,2.4488393521950917,586.7470680122221
58,80,2.4493780471498323,125000,2.4493780471498323,586.654620587483
58,75,2.9931806916386705,117279,2.4493780471498323,586.654620587483
58,70,3.5017543681350425,109567,2.4493780471498323,586.654620587483
58,65,4.420921578488896,101847,2.4493780471498323,586.654620587483
58,60,4.754562624421158,94126,2.4493780471498323,586.654620587483
58,55,5.147731915451308,86406,2.4493780471498323,586.654620587483
58,50,5.996963352289715,78694,2.4493780471498323,586.654620587483
58,45,7.57689828075988,70974,2.4493780471498323,586.654620587483
58,40,12.092342816843784,63253,2.4493780471498323,586.654620587483
58,35,20.50446106861108,55533,2.4493780471498323,586.654620587483
58,30,31.809600854319,47821,2.4493780471498323,586.654620587483
58,25,46.673566552333405,40101,2.4493780471498323,586.654620587483
58,20,56.841851279554575,32380,2.4493780471498323,586.654620587483
58,15,138.79466738960906,24660,2.4493780471498323,586.654620587483
58,10,268.5306452333852,16948,2.4493780471498323,586.654620587483
58,5,1436.938948925995,9228,2.4493780471498323,586.654620587483
59,80,2.450442111789004,125000,2.450442111789004,586.4043943812388
59,75,2.9947476169820773,117279,2.450442111789004,586.4043943812388
59,70,3.5041031427362275,109567,2.450442111789004,586.4043943812388
59,65,4.423052966748152,101847,2.450442111789004,586.4043943812388
59,60,4.75698541322882,94126,2.450442111789004,586.4043943812388
59,55,5.149997237084851,86406,2.450442111789004,586.4043943812388
59,50,5.998599092475351,78694,2.450442111789004,586.4043943812388
59,45,7.578763868396672,70974,2.450442111789004,586.4043943812388
59,40,12.096907954795403,63253,2.450442111789004,586.4043943812388
59,35,20.508871203406805,55533,2.450442111789004,586.4043943812388
59,30,31.81524693821043,47821,2.450442111789004,586.4043943812388
59,25,46.679485536680126,40101,2.450442111789004,586.4043943812388
59,20,56.84977583753169,32380,2.450442111789004,586.4043943812388
59,15,138.80277437736024,24660,2.450442111789004,586.4043943812388
59,10,268.5502032198386,16948,2.450442111789004,586.4043943812388
59,5,1436.9500225299146,9228,2.450442111789004,586.4043943812388
60,80,248.83213463907683,125000,248.83213463907683,4.240876850153165
60,75,267.8228098644075,117279,248.83213463907683,4.240876850153165
60,70,285.0286018106552,109567,248.83213463907683,4.240876850153165
60,65,335.7275848446944,101847,248.83213463907683,4.240876850153165
60,60,376.6820710029245,94126,248.83213463907683,4.240876850153165
60,55,402.5732814690716,86406,248.83213463907683,4.240876850153165
60,50,451.7586652347019,78694,248.83213463907683,4.240876850153165
60,45,541.8903152518916,70974,248.83213463907683,4.240876850153165
60,40,623.6435522452501,63253,248.83213463907683,4.240876850153165
60,35,659.2592419853461,55533,248.83213463907683,4.240876850153165
60,30,685.5153120355361,47821,248.83213463907683,4.240876850153165
60,25,714.4975014199285,40101,248.83213463907683,4.240876850153165
60,20,760.3817043971068,32380,248.83213463907683,4.240876850153165
60,15,768.8270966342656,24660,248.83213463907683,4.240876850153165
60,10,829.3766781593058,16948,248.83213463907683,4.240876850153165
60,5,1055.2664393650564,9228,248.83213463907683,4.240876850153165
61,80,248.7875448888944,125000,248.7875448888944,4.241639386314375
61,75,267.77594000078625,117279,248.7875448888944,4.241639386314375
61,70,284.9787545012067,109567,248.7875448888944,4.241639386314375
61,65,335.6891229179144,101847,248.7875448888944,4.241639386314375
61,60,376.6507022565036,94126,248.7875448888944,4.241639386314375
61,55,402.5271872057114,86406,248.7875448888944,4.241639386314375
61,50,451.6913594795729,78694,248.7875448888944,4.241639386314375
61,45,541.8250687270778,70974,248.7875448888944,4.241639386314375
61,40,623.5960067881736,63253,248.7875448888944,4.241639386314375
61,35,659.1906807047989,55533,248.7875448888944,4.241639386314375
61,30,685.4202732818228,47821,248.7875448888944,4.241639386314375
61,25,714.4241866610347,40101,248.7875448888944,4.241639386314375
61,20,760.3104096017798,32380,248.7875448888944,4.241639386314375
61,15,768.7729091080471,24660,248.7875448888944,4.241639386314375
61,10,829.3291937929229,16948,248.7875448888944,4.241639386314375
61,5,1055.2670492251902,9228,248.7875448888944,4.241639386314375
62,80,248.7973577546832,125000,248.7973577546832,4.241245927655379
62,75,267.78235111711734,117279,248.7973577546832,4.241245927655379
62,70,284.98908864736035,109567,248.7973577546832,4.241245927655379
62,65,335.6916651623603,101847,248.7973577546832,4.241245927655379
62,60,376.6473348222802,94126,248.7973577546832,4.241245927655379
62,55,402.51651065625833,86406,248.7973577546832,4.241245927655379
62,50,451.6512340560837,78694,248.7973577546832,4.241245927655379
62,45,541.7594673165441,70974,248.7973577546832,4.241245927655379
62,40,623.5630284087364,63253,248.7973577546832,4.241245927655379
62,35,659.1486885165752,55533,248.7973577546832,4.241245927655379
62,30,685.3851278870625,47821,248.7973577546832,4.241245927655379
62,25,714.3897300929808,40101,248.7973577546832,4.241245927655379
62,20,760.2715166689395,32380,248.7973577546832,4.241245927655379
62,15,768.725628210606,24660,248.7973577546832,4.241245927655379
62,10,829.2324396652363,16948,248.7973577546832,4.241245927655379
62,5,1055.2107803884687,9228,248.7973577546832,4.241245927655379
64,80,248.8016991470444,125000,248.8016991470444,4.241152652934543
64,75,267.78502496442087,117279,248.8016991470444,4.241152652934543
64,70,284.9909099773692,109567,248.8016991470444,4.241152652934543
64,65,335.69322876571727,101847,248.8016991470444,4.241152652934543
64,60,376.6498038275456,94126,248.8016991470444,4.241152652934543
64,55,402.5186914909068,86406,248.8016991470444,4.241152652934543
64,50,451.6519578415412,78694,248.8016991470444,4.241152652934543
64,45,541.7586475371716,70974,248.8016991470444,4.241152652934543
64,40,623.563313148805,63253,248.8016991470444,4.241152652934543
64,35,659.1535252330783,55533,248.8016991470444,4.241152652934543
64,30,685.3873130765353,47821,248.8016991470444,4.241152652934543
64,25,714.3906063276177,40101,248.8016991470444,4.241152652934543
64,20,760.2700975439049,32380,248.8016991470444,4.241152652934543
64,15,768.7237665478115,24660,248.8016991470444,4.241152652934543
64,10,829.2325400276945,16948,248.8016991470444,4.241152652934543
64,5,1055.205986392109,9228,248.8016991470444,4.241152652934543
65,80,248.80203456667755,125000,248.80203456667755,4.2413108166510005
65,75,267.7840532947968,117279,248.80203456667755,4.2413108166510005
65,70,284.9902575284917,109567,248.80203456667755,4.2413108166510005
65,65,335.69748067766875,101847,248.80203456667755,4.2413108166510005
65,60,376.6497031718055,94126,248.80203456667755,4.2413108166510005
65,55,402.52296046736313,86406,248.80203456667755,4.2413108166510005
65,50,451.6576374777702,78694,248.80203456667755,4.2413108166510005
65,45,541.7792754478286,70974,248.80203456667755,4.2413108166510005
65,40,623.5764299285721,63253,248.80203456667755,4.2413108166510005
65,35,659.1825682318087,55533,248.80203456667755,4.2413108166510005
65,30,685.409960781023,47821,248.80203456667755,4.2413108166510005
65,25,714.4169871053424,40101,248.80203456667755,4.2413108166510005
65,20,760.2893145676106,32380,248.80203456667755,4.2413108166510005
65,15,768.7386754353392,24660,248.80203456667755,4.2413108166510005
65,10,829.2684140881076,16948,248.80203456667755,4.2413108166510005
65,5,1055.2467604124256,9228,248.80203456667755,4.2413108166510005
66,80,248.78998285046995,125000,248.78998285046995,4.242116311950153
66,75,267.7711235149104,117279,248.78998285046995,4.242116311950153
66,70,284.97925878977264,109567,248.78998285046995,4.242116311950153
66,65,335.7014963876337,101847,248.78998285046995,4.242116311950153
66,60,376.6572960038943,94126,248.78998285046995,4.242116311950153
66,55,402.535080846278,86406,248.78998285046995,4.242116311950153
66,50,451.69919593194726,78694,248.78998285046995,4.242116311950153
66,45,541.8495135120056,70974,248.78998285046995,4.242116311950153
66,40,623.6380801530513,63253,248.78998285046995,4.242116311950153
66,35,659.2450489853269,55533,248.78998285046995,4.242116311950153
66,30,685.4946482063117,47821,248.78998285046995,4.242116311950153
66,25,714.5024829053625,40101,248.78998285046995,4.242116311950153
66,20,760.4035558349481,32380,248.78998285046995,4.242116311950153
66,15,768.8590987154429,24660,248.78998285046995,4.242116311950153
66,10,829.3926687938036,16948,248.78998285046995,4.242116311950153
66,5,1055.3960444997774,9228,248.78998285046995,4.242116311950153
67,80,248.800520808268,125000,248.800520808268,4.2412819943670605
67,75,267.782041893032,117279,248.800520808268,4.2412819943670605
67,70,284.98541902992673,109567,248.800520808268,4.2412819943670605
67,65,335.6891885151071,101847,248.800520808268,4.2412819943670605
67,60,376.636939758853,94126,248.800520808268,4.2412819943670605
67,55,402.5102628971711,86406,248.800520808268,4.2412819943670605
67,50,451.6539820113367,78694,248.800520808268,4.2412819943670605
67,45,541.7658802955588,70974,248.800520808268,4.2412819943670605
67,40,623.565108652047,63253,248.800520808268,4.2412819943670605
67,35,659.1571009734852,55533,248.800520808268,4.2412819943670605
67,30,685.3914842038013,47821,248.800520808268,4.2412819943670605
67,25,714.3953713587074,40101,248.800520808268,4.2412819943670605
67,20,760.2710582648292,32380,248.800520808268,4.2412819943670605
67,15,768.7263041908501,24660,248.800520808268,4.2412819943670605
67,10,829.2433181983677,16948,248.800520808268,4.2412819943670605
67,5,1055.2331690932542,9228,248.800520808268,4.2412819943670605
68,80,248.7855638740569,125000,248.7855638740569,4.241442902432045
68,75,267.769093298391,117279,248.7855638740569,4.241442902432045
68,70,284.970818790671,109567,248.7855638740569,4.241442902432045
68,65,335.6782148187288,101847,248.7855638740569,4.241442902432045
68,60,376.6242713430777,94126,248.7855638740569,4.241442902432045
68,55,402.4961129047311,86406,248.7855638740569,4.241442902432045
68,50,451.6395759178178,78694,248.7855638740569,4.241442902432045
68,45,541.7469659223354,70974,248.7855638740569,4.241442902432045
68,40,623.5464968972984,63253,248.7855638740569,4.241442902432045
68,35,659.1437362152936,55533,248.7855638740569,4.241442902432045
68,30,685.3780794796999,47821,248.7855638740569,4.241442902432045
68,25,714.3865839620187,40101,248.7855638740569,4.241442902432045
68,20,760.2650455410705,32380,248.7855638740569,4.241442902432045
68,15,768.7208696253978,24660,248.7855638740569,4.241442902432045
68,10,829.2403381322848,16948,248.7855638740569,4.241442902432045
68,5,1055.2097641211726,9228,248.7855638740569,4.241442902432045
69,80,248.7955342788724,125000,248.7955342788724,4.24129468720583
69,75,267.77795202873256,117279,248.7955342788724,4.24129468720583
69,70,284.9812083519029,109567,248.7955342788724,4.24129468720583
69,65,335.6835572247255,101847,248.7955342788724,4.24129468720583
69,60,376.6302027212877,94126,248.7955342788724,4.24129468720583
69,55,402.503345213229,86406,248.7955342788724,4.24129468720583
69,50,451.6458749717431,78694,248.7955342788724,4.24129468720583
69,45,541.756310215212,70974,248.7955342788724,4.24129468720583
69,40,623.5554840882795,63253,248.7955342788724,4.24129468720583
69,35,659.1470737762094,55533,248.7955342788724,4.24129468720583
69,30,685.3799941362996,47821,248.7955342788724,4.24129468720583
69,25,714.3836264743752,40101,248.7955342788724,4.24129468720583
69,20,760.2600844189204,32380,248.7955342788724,4.24129468720583
69,15,768.7144412748198,24660,248.7955342788724,4.24129468720583
69,10,829.2301493761717,16948,248.7955342788724,4.24129468720583
69,5,1055.2151777375177,9228,248.7955342788724,4.24129468720583
71,80,248.7828260943325,125000,248.7828260943325,4.242031807172013
71,75,267.7737679765752,117279,248.7828260943325,4.242031807172013
71,70,284.97930643266966,109567,248.7828260943325,4.242031807172013
71,65,335.70373421274985,101847,248.7828260943325,4.242031807172013
71,60,376.6677453412543,94126,248.7828260943325,4.242031807172013
71,55,402.54018592835257,86406,248.7828260943325,4.242031807172013
71,50,451.70198482709753,78694,248.7828260943325,4.242031807172013
71,45,541.8236557042906,70974,248.7828260943325,4.242031807172013
71,40,623.6081247183246,63253,248.7828260943325,4.242031807172013
71,35,659.2209012673844,55533,248.7828260943325,4.242031807172013
71,30,685.4659015567466,47821,248.7828260943325,4.242031807172013
71,25,714.4657549071163,40101,248.7828260943325,4.242031807172013
71,20,760.3744818292265,32380,248.7828260943325,4.242031807172013
71,15,768.828149780754,24660,248.7828260943325,4.242031807172013
71,10,829.3678524840641,16948,248.7828260943325,4.242031807172013
71,5,1055.344661370302,9228,248.7828260943325,4.242031807172013
72,80,248.7981085581503,125000,248.7981085581503,4.2418833363969926
72,75,267.78627310992795,117279,248.7981085581503,4.2418833363969926
72,70,284.9936683334556,109567,248.7981085581503,4.2418833363969926
72,65,335.71861141382846,101847,248.7981085581503,4.2418833363969926
72,60,376.68093380496094,94126,248.7981085581503,4.2418833363969926
72,55,402.55199590195497,86406,248.7981085581503,4.2418833363969926
72,50,451.715222434605,78694,248.7981085581503,4.2418833363969926
72,45,541.839920612656,70974,248.7981085581503,4.2418833363969926
72,40,623.6247391076197,63253,248.7981085581503,4.2418833363969926
72,35,659.2358757611274,55533,248.7981085581503,4.2418833363969926
72,30,685.4824868824841,47821,248.7981085581503,4.2418833363969926
72,25,714.4865188252336,40101,248.7981085581503,4.2418833363969926
72,20,760.3944913748197,32380,248.7981085581503,4.2418833363969926
72,15,768.8508400708682,24660,248.7981085581503,4.2418833363969926
72,10,829.3953547567723,16948,248.7981085581503,4.2418833363969926
72,5,1055.3725508199077,9228,248.7981085581503,4.2418833363969926
73,80,248.78958235498132,125000,248.78958235498132,4.242317638835999
73,75,267.7715060733256,117279,248.78958235498132,4.242317638835999
73,70,284.9789646441476,109567,248.78958235498132,4.242317638835999
73,65,335.714435391587,101847,248.78958235498132,4.242317638835999
73,60,376.6745172582963,94126,248.78958235498132,4.242317638835999
73,55,402.5587564750865,86406,248.78958235498132,4.242317638835999
73,50,451.7228300508531,78694,248.78958235498132,4.242317638835999
73,45,541.8485005433527,70974,248.78958235498132,4.242317638835999
73,40,623.6384457494945,63253,248.78958235498132,4.242317638835999
73,35,659.2475156560132,55533,248.78958235498132,4.242317638835999
73,30,685.5010598516066,47821,248.78958235498132,4.242317638835999
73,25,714.5109358781705,40101,248.78958235498132,4.242317638835999
73,20,760.4181599487378,32380,248.78958235498132,4.242317638835999
73,15,768.8755094832346,24660,248.78958235498132,4.242317638835999
73,10,829.4204448644226,16948,248.78958235498132,4.242317638835999
73,5,1055.4444335831788,9228,248.78958235498132,4.242317638835999
74,80,248.7961334243686,125000,248.7961334243686,4.242003151423309
74,75,267.7806797988078,117279,248.7961334243686,4.242003151423309
74,70,284.99013942867884,109567,248.7961334243686,4.242003151423309
74,65,335.7179004307459,101847,248.7961334243686,4.242003151423309
74,60,376.6830938413273,94126,248.7961334243686,4.242003151423309
74,55,402.5574295455634,86406,248.7961334243686,4.242003151423309
74,50,451.7154622095872,78694,248.7961334243686,4.242003151423309
74,45,541.8341116543386,70974,248.7961334243686,4.242003151423309
74,40,623.6231887781198,63253,248.7961334243686,4.242003151423309
74,35,659.2330305162222,55533,248.7961334243686,4.242003151423309
74,30,685.4773807202554,47821,248.7961334243686,4.242003151423309
74,25,714.4835256910816,40101,248.7961334243686,4.242003151423309
74,20,760.3908551634817,32380,248.7961334243686,4.242003151423309
74,15,768.8454657687644,24660,248.7961334243686,4.242003151423309
74,10,829.3914296750846,16948,248.7961334243686,4.242003151423309
74,5,1055.3939820481055,9228,248.7961334243686,4.242003151423309
75,80,785.5424426118656,125000,785.5424426118656,3.834741371090092
75,75,826.3809061054085,117279,785.5424426118656,3.834741371090092
75,70,883.0853832990626,109567,785.5424426118656,3.834741371090092
75,65,937.3505917676864,101847,785.5424426118656,3.834741371090092
75,60,1038.0473836693814,94126,785.5424426118656,3.834741371090092
75,55,1096.7140751970553,86406,785.5424426118656,3.834741371090092
75,50,1133.4803177299564,78694,785.5424426118656,3.834741371090092
75,45,1176.762838585745,70974,785.5424426118656,3.834741371090092
75,40,1229.4625810114176,63253,785.5424426118656,3.834741371090092
75,35,1313.2131298175757,55533,785.5424426118656,3.834741371090092
75,30,1368.6760134917477,47821,785.5424426118656,3.834741371090092
75,25,1487.626045619312,40101,785.5424426118656,3.834741371090092
75,20,1668.8995117844145,32380,785.5424426118656,3.834741371090092
75,15,1782.9731042825597,24660,785.5424426118656,3.834741371090092
75,10,2021.1917779591852,16948,785.5424426118656,3.834741371090092
75,5,3012.352103430885,9228,785.5424426118656,3.834741371090092
77,80,667.1112682604253,125000,667.1112682604253,4.445229010687055
77,75,701.9510146622296,117279,667.1112682604253,4.445229010687055
77,70,742.5014590925676,109567,667.1112682604253,4.445229010687055
77,65,793.0144747833066,101847,667.1112682604253,4.445229010687055
77,60,877.8361384493177,94126,667.1112682604253,4.445229010687055
77,55,926.4188760840588,86406,667.1112682604253,4.445229010687055
77,50,964.4040277629576,78694,667.1112682604253,4.445229010687055
77,45,1002.55632914268,70974,667.1112682604253,4.445229010687055
77,40,1044.8396738385377,63253,667.1112682604253,4.445229010687055
77,35,1134.754390093697,55533,667.1112682604253,4.445229010687055
77,30,1191.0545562113855,47821,667.1112682604253,4.445229010687055
77,25,1306.3968957124375,40101,667.1112682604253,4.445229010687055
77,20,1520.3203580588486,32380,667.1112682604253,4.445229010687055
77,15,1644.4791815487397,24660,667.1112682604253,4.445229010687055
77,10,1898.3399341008344,16948,667.1112682604253,4.445229010687055
77,5,2965.462363027477,9228,667.1112682604253,4.445229010687055
78,80,668.1173123903887,125000,668.1173123903887,4.413782709576064
78,75,696.842554036111,117279,668.1173123903887,4.413782709576064
78,70,726.349738528011,109567,668.1173123903887,4.413782709576064
78,65,770.174723676505,101847,668.1173123903887,4.413782709576064
78,60,838.9019223955988,94126,668.1173123903887,4.413782709576064
78,55,879.3735518161656,86406,668.1173123903887,4.413782709576064
78,50,914.2973792951606,78694,668.1173123903887,4.413782709576064
78,45,947.0731148109488,70974,668.1173123903887,4.413782709576064
78,40,983.336278938184,63253,668.1173123903887,4.413782709576064
78,35,1071.69913827471,55533,668.1173123903887,4.413782709576064
78,30,1127.4378972688623,47821,668.1173123903887,4.413782709576064
78,25,1237.0248521999222,40101,668.1173123903887,4.413782709576064
78,20,1463.0029928042,32380,668.1173123903887,4.413782709576064
78,15,1589.390579225834,24660,668.1173123903887,4.413782709576064
78,10,1847.534888343578,16948,668.1173123903887,4.413782709576064
78,5,2948.924641397128,9228,668.1173123903887,4.413782709576064
79,80,674.4107163102889,125000,674.4107163102889,4.357832302265433
79,75,697.4960712984357,117279,674.4107163102889,4.357832302265433
79,70,718.5857862380117,109567,674.4107163102889,4.357832302265433
79,65,756.1648409221649,101847,674.4107163102889,4.357832302265433
79,60,810.3691825885942,94126,674.4107163102889,4.357832302265433
79,55,844.0872332065894,86406,674.4107163102889,4.357832302265433
79,50,874.5727694634439,78694,674.4107163102889,4.357832302265433
79,45,902.3589756039436,70974,674.4107163102889,4.357832302265433
79,40,933.4548387344076,63253,674.4107163102889,4.357832302265433
79,35,1020.447872956004,55533,674.4107163102889,4.357832302265433
79,30,1076.336062806211,47821,674.4107163102889,4.357832302265433
79,25,1180.1317701750784,40101,674.4107163102889,4.357832302265433
79,20,1418.62931293886,32380,674.4107163102889,4.357832302265433
79,15,1546.689576023621,24660,674.4107163102889,4.357832302265433
79,10,1807.050604966083,16948,674.4107163102889,4.357832302265433
79,5,2938.9688045309463,9228,674.4107163102889,4.357832302265433
80,80,670.1385196561904,125000,670.1385196561904,4.356772591575237
80,75,688.4434057877163,117279,670.1385196561904,4.356772591575237
80,70,702.8581890566063,109567,670.1385196561904,4.356772591575237
80,65,735.1497384812407,101847,670.1385196561904,4.356772591575237
80,60,777.7229048275971,94126,670.1385196561904,4.356772591575237
80,55,806.483050113934,86406,670.1385196561904,4.356772591575237
80,50,833.1457591522335,78694,670.1385196561904,4.356772591575237
80,45,856.2360619620335,70974,670.1385196561904,4.356772591575237
80,40,883.3220973723921,63253,670.1385196561904,4.356772591575237
80,35,968.9132642130534,55533,670.1385196561904,4.356772591575237
80,30,1026.4649260975375,47821,670.1385196561904,4.356772591575237
80,25,1125.121484926869,40101,670.1385196561904,4.356772591575237
80,20,1374.5033770756793,32380,670.1385196561904,4.356772591575237
80,15,1503.5394706272737,24660,670.1385196561904,4.356772591575237
80,10,1767.3846264901244,16948,670.1385196561904,4.356772591575237
80,5,2919.641134996893,9228,670.1385196561904,4.356772591575237
81,80,657.103225655464,125000,657.103225655464,4.421935331675488
81,75,671.8663129171325,117279,657.103225655464,4.421935331675488
81,70,682.1297936664979,109567,657.103225655464,4.421935331675488
81,65,710.2058650922212,101847,657.103225655464,4.421935331675488
81,60,744.3504613041284,94126,657.103225655464,4.421935331675488
81,55,769.1652590661498,86406,657.103225655464,4.421935331675488
81,50,792.4882780203795,78694,657.103225655464,4.421935331675488
81,45,811.570118562638,70974,657.103225655464,4.421935331675488
81,40,835.4667837895919,63253,657.103225655464,4.421935331675488
81,35,919.8055739478835,55533,657.103225655464,4.421935331675488
81,30,979.714633323179,47821,657.103225655464,4.421935331675488
81,25,1073.774430815324,40101,657.103225655464,4.421935331675488
81,20,1335.4007049563188,32380,657.103225655464,4.421935331675488
81,15,1465.7219017916343,24660,657.103225655464,4.421935331675488
81,10,1733.360292413169,16948,657.103225655464,4.421935331675488
81,5,2905.667970083828,9228,657.103225655464,4.421935331675488
82,80,634.1478784081304,125000,634.1478784081304,4.5615085578524805
82,75,646.4203097871024,117279,634.1478784081304,4.5615085578524805
82,70,654.1787254072374,109567,634.1478784081304,4.5615085578524805
82,65,678.8919721751705,101847,634.1478784081304,4.5615085578524805
82,60,706.8166457043748,94126,634.1478784081304,4.5615085578524805
82,55,729.0438489802884,86406,634.1478784081304,4.5615085578524805
82,50,750.2328556129473,78694,634.1478784081304,4.5615085578524805
82,45,765.7894670291679,70974,634.1478784081304,4.5615085578524805
82,40,787.165984605025,63253,634.1478784081304,4.5615085578524805
82,35,870.1278155236726,55533,634.1478784081304,4.5615085578524805
82,30,932.7558956957748,47821,634.1478784081304,4.5615085578524805
82,25,1022.9576654463737,40101,634.1478784081304,4.5615085578524805
82,20,1296.3532739847626,32380,634.1478784081304,4.5615085578524805
82,15,1426.959682565837,24660,634.1478784081304,4.5615085578524805
82,10,1699.2549493948286,16948,634.1478784081304,4.5615085578524805
82,5,2892.6709743026813,9228,634.1478784081304,4.5615085578524805
83,80,615.9284838516098,125000,615.9284838516098,4.700738341983817
83,75,626.2905984728751,117279,615.9284838516098,4.700738341983817
83,70,632.1060785625168,109567,615.9284838516098,4.700738341983817
83,65,654.0117052182777,101847,615.9284838516098,4.700738341983817
83,60,676.6472821372238,94126,615.9284838516098,4.700738341983817
83,55,696.4249476761421,86406,615.9284838516098,4.700738341983817
83,50,715.9315733572046,78694,615.9284838516098,4.700738341983817
83,45,728.6597699914048,70974,615.9284838516098,4.700738341983817
83,40,747.8628541897294,63253,615.9284838516098,4.700738341983817
83,35,828.630826176414,55533,615.9284838516098,4.700738341983817
83,30,894.170883768058,47821,615.9284838516098,4.700738341983817
83,25,982.043564621268,40101,615.9284838516098,4.700738341983817
83,20,1268.2592675537692,32380,615.9284838516098,4.700738341983817
83,15,1401.3066706536326,24660,615.9284838516098,4.700738341983817
83,10,1679.4305537739258,16948,615.9284838516098,4.700738341983817
83,5,2895.3186399612223,9228,615.9284838516098,4.700738341983817
84,80,583.1071620523011,125000,583.1071620523011,4.963139731232403
84,75,592.1847988325613,117279,583.1071620523011,4.963139731232403
84,70,597.2502393960335,109567,583.1071620523011,4.963139731232403
84,65,617.0258600137037,101847,583.1071620523011,4.963139731232403
84,60,635.5313236649514,94126,583.1071620523011,4.963139731232403
84,55,653.516166244717,86406,583.1071620523011,4.963139731232403
84,50,671.7143739701734,78694,583.1071620523011,4.963139731232403
84,45,681.9675457581235,70974,583.1071620523011,4.963139731232403
84,40,699.8877529925828,63253,583.1071620523011,4.963139731232403
84,35,779.4891253881686,55533,583.1071620523011,4.963139731232403
84,30,848.3012086859494,47821,583.1071620523011,4.963139731232403
84,25,934.1676976049235,40101,583.1071620523011,4.963139731232403
84,20,1236.4892611016037,32380,583.1071620523011,4.963139731232403
84,15,1374.231004903075,24660,583.1071620523011,4.963139731232403
84,10,1655.9612735104745,16948,583.1071620523011,4.963139731232403
84,5,2894.0423235479466,9228,583.1071620523011,4.963139731232403
85,80,537.9589649967364,125000,537.9589649967364,5.38057753661432
85,75,546.1894795399886,117279,537.9589649967364,5.38057753661432
85,70,551.1614320490529,109567,537.9589649967364,5.38057753661432
85,65,569.2149496566565,101847,537.9589649967364,5.38057753661432
85,60,584.5309355346379,94126,537.9589649967364,5.38057753661432
85,55,600.7507536072505,86406,537.9589649967364,5.38057753661432
85,50,617.2016922898821,78694,537.9589649967364,5.38057753661432
85,45,625.6235499692451,70974,537.9589649967364,5.38057753661432
85,40,642.5780932384081,63253,537.9589649967364,5.38057753661432
85,35,722.0348129316462,55533,537.9589649967364,5.38057753661432
85,30,795.1514902522777,47821,537.9589649967364,5.38057753661432
85,25,880.6789485211424,40101,537.9589649967364,5.38057753661432
85,20,1200.813554656824,32380,537.9589649967364,5.38057753661432
85,15,1342.3093227922247,24660,537.9589649967364,5.38057753661432
85,10,1629.004971208659,16948,537.9589649967364,5.38057753661432
85,5,2894.529922681729,9228,537.9589649967364,5.38057753661432
86,80,488.4747898747037,125000,488.4747898747037,5.924847706892791
86,75,496.0171738511357,117279,488.4747898747037,5.924847706892791
86,70,501.51344116387946,109567,488.4747898747037,5.924847706892791
86,65,518.509707651474,101847,488.4747898747037,5.924847706892791
86,60,531.2765825557595,94126,488.4747898747037,5.924847706892791
86,55,546.259895831104,86406,488.4747898747037,5.924847706892791
86,50,560.583340694204,78694,488.4747898747037,5.924847706892791
86,45,567.7729669749051,70974,488.4747898747037,5.924847706892791
86,40,584.0235948983458,63253,488.4747898747037,5.924847706892791
86,35,663.3049484350162,55533,488.4747898747037,5.924847706892791
86,30,741.5571415823432,47821,488.4747898747037,5.924847706892791
86,25,828.0357345000822,40101,488.4747898747037,5.924847706892791
86,20,1167.433810186075,32380,488.4747898747037,5.924847706892791
86,15,1313.5763695128635,24660,488.4747898747037,5.924847706892791
86,10,1607.0233833864534,16948,488.4747898747037,5.924847706892791
86,5,2894.1387386640763,9228,488.4747898747037,5.924847706892791
87,80,433.92960315732114,125000,433.92960315732114,6.683721634781896
87,75,441.2783883927511,117279,433.92960315732114,6.683721634781896
87,70,448.1351681540106,109567,433.92960315732114,6.683721634781896
87,65,464.9166738886284,101847,433.92960315732114,6.683721634781896
87,60,475.7009770660612,94126,433.92960315732114,6.683721634781896
87,55,490.2944301394755,86406,433.92960315732114,6.683721634781896
87,50,502.59964619365337,78694,433.92960315732114,6.683721634781896
87,45,508.978157952854,70974,433.92960315732114,6.683721634781896
87,40,524.7639606819856,63253,433.92960315732114,6.683721634781896
87,35,604.9732612830526,55533,433.92960315732114,6.683721634781896
87,30,687.9280131354598,47821,433.92960315732114,6.683721634781896
87,25,776.4729864949144,40101,433.92960315732114,6.683721634781896
87,20,1137.1883557936894,32380,433.92960315732114,6.683721634781896
87,15,1287.6669666543871,24660,433.92960315732114,6.683721634781896
87,10,1590.2882184623056,16948,433.92960315732114,6.683721634781896
87,5,2900.26467659491,9228,433.92960315732114,6.683721634781896
89,80,343.7602541735473,125000,343.7602541735473,8.47392345060984
89,75,350.646150802111,117279,343.7602541735473,8.47392345060984
89,70,361.45632828552135,109567,343.7602541735473,8.47392345060984
89,65,377.9752531148408,101847,343.7602541735473,8.47392345060984
89,60,386.63836732041375,94126,343.7602541735473,8.47392345060984
89,55,401.0002874445133,86406,343.7602541735473,8.47392345060984
89,50,409.6007986910165,78694,343.7602541735473,8.47392345060984
89,45,416.1614948810675,70974,343.7602541735473,8.47392345060984
89,40,431.8324642531144,63253,343.7602541735473,8.47392345060984
89,35,513.4415720062478,55533,343.7602541735473,8.47392345060984
89,30,605.28633579189,47821,343.7602541735473,8.47392345060984
89,25,697.5143754783101,40101,343.7602541735473,8.47392345060984
89,20,1097.4776830310416,32380,343.7602541735473,8.47392345060984
89,15,1255.5624913068827,24660,343.7602541735473,8.47392345060984
89,10,1567.0057756586089,16948,343.7602541735473,8.47392345060984
89,5,2912.998079228822,9228,343.7602541735473,8.47392345060984
90,80,326.2254554706005,125000,326.2254554706005,8.973790390996546
90,75,332.8696276116236,117279,326.2254554706005,8.973790390996546
90,70,346.1785777227757,109567,326.2254554706005,8.973790390996546
90,65,363.09497539536346,101847,326.2254554706005,8.973790390996546
90,60,372.15189467038056,94126,326.2254554706005,8.973790390996546
90,55,386.8957923242477,86406,326.2254554706005,8.973790390996546
90,50,393.6042381493365,78694,326.2254554706005,8.973790390996546
90,45,401.0570706853441,70974,326.2254554706005,8.973790390996546
90,40,416.7681702195407,63253,326.2254554706005,8.973790390996546
90,35,499.6869103581339,55533,326.2254554706005,8.973790390996546
90,30,594.1996799284025,47821,326.2254554706005,8.973790390996546
90,25,687.3464326332654,40101,326.2254554706005,8.973790390996546
90,20,1101.5544443837769,32380,326.2254554706005,8.973790390996546
90,15,1258.736898364941,24660,326.2254554706005,8.973790390996546
90,10,1573.3921232924392,16948,326.2254554706005,8.973790390996546
90,5,2927.4788576005462,9228,326.2254554706005,8.973790390996546
91,80,304.4621074717783,125000,304.4621074717783,9.649598881773162
91,75,310.95011647780643,117279,304.4621074717783,9.649598881773162
91,70,327.5647357435994,109567,304.4621074717783,9.649598881773162
91,65,344.6499679742209,101847,304.4621074717783,9.649598881773162
91,60,354.6602946597605,94126,304.4621074717783,9.649598881773162
91,55,371.0235740683832,86406,304.4621074717783,9.649598881773162
91,50,376.1920929919645,78694,304.4621074717783,9.649598881773162
91,45,384.643563835172,70974,304.4621074717783,9.649598881773162
91,40,400.3074225775197,63253,304.4621074717783,9.649598881773162
91,35,483.5776672186415,55533,304.4621074717783,9.649598881773162
91,30,581.1263179582043,47821,304.4621074717783,9.649598881773162
91,25,676.1836010007936,40101,304.4621074717783,9.649598881773162
91,20,1103.8178696439236,32380,304.4621074717783,9.649598881773162
91,15,1262.3225252577504,24660,304.4621074717783,9.649598881773162
91,10,1576.0185659197248,16948,304.4621074717783,9.649598881773162
91,5,2937.9372118019724,9228,304.4621074717783,9.649598881773162
92,80,296.5898626703675,125000,296.5898626703675,9.929064101961616
92,75,303.12236702041133,117279,296.5898626703675,9.929064101961616
92,70,323.4317803972734,109567,296.5898626703675,9.929064101961616
92,65,342.4132270236314,101847,296.5898626703675,9.929064101961616
92,60,354.56373366065344,94126,296.5898626703675,9.929064101961616
92,55,373.0101238007555,86406,296.5898626703675,9.929064101961616
92,50,377.2540548652336,78694,296.5898626703675,9.929064101961616
92,45,387.5799396567552,70974,296.5898626703675,9.929064101961616
92,40,402.7560975084557,63253,296.5898626703675,9.929064101961616
92,35,484.3693100226077,55533,296.5898626703675,9.929064101961616
92,30,582.2110126018522,47821,296.5898626703675,9.929064101961616
92,25,677.0026681241011,40101,296.5898626703675,9.929064101961616
92,20,1114.8511601067264,32380,296.5898626703675,9.929064101961616
92,15,1273.657327513292,24660,296.5898626703675,9.929064101961616
92,10,1587.6072646716414,16948,296.5898626703675,9.929064101961616
92,5,2944.8597584460717,9228,296.5898626703675,9.929064101961616
94,80,333.4768752441077,125000,333.4768752441077,8.872131346329843
94,75,339.32729593134894,117279,333.4768752441077,8.872131346329843
94,70,363.8296947970439,109567,333.4768752441077,8.872131346329843
94,65,382.830616561621,101847,333.4768752441077,8.872131346329843
94,60,398.7513478218222,94126,333.4768752441077,8.872131346329843
94,55,420.8077644669481,86406,333.4768752441077,8.872131346329843
94,50,425.0973768111584,78694,333.4768752441077,8.872131346329843
94,45,438.6486360261719,70974,333.4768752441077,8.872131346329843
94,40,452.0306047544877,63253,333.4768752441077,8.872131346329843
94,35,529.4350867151875,55533,333.4768752441077,8.872131346329843
94,30,623.5447185288148,47821,333.4768752441077,8.872131346329843
94,25,716.0193813810373,40101,333.4768752441077,8.872131346329843
94,20,1155.8799219749376,32380,333.4768752441077,8.872131346329843
94,15,1307.976956823827,24660,333.4768752441077,8.872131346329843
94,10,1617.2773533401069,16948,333.4768752441077,8.872131346329843
94,5,2958.6506381293743,9228,333.4768752441077,8.872131346329843
95,80,364.06174499355393,125000,364.06174499355393,8.127984012140049
95,75,369.6257976449767,117279,364.06174499355393,8.127984012140049
95,70,394.77873349881366,109567,364.06174499355393,8.127984012140049
95,65,413.1163559282031,101847,364.06174499355393,8.127984012140049
95,60,430.4636744265197,94126,364.06174499355393,8.127984012140049
95,55,453.7217611181708,86406,364.06174499355393,8.127984012140049
95,50,458.5269671391485,78694,364.06174499355393,8.127984012140049
95,45,473.3543740494298,70974,364.06174499355393,8.127984012140049
95,40,485.5790262174624,63253,364.06174499355393,8.127984012140049
95,35,559.9396211715422,55533,364.06174499355393,8.127984012140049
95,30,651.0361059964196,47821,364.06174499355393,8.127984012140049
95,25,741.9345844978822,40101,364.06174499355393,8.127984012140049
95,20,1177.1957200544248,32380,364.06174499355393,8.127984012140049
95,15,1326.6150702136567,24660,364.06174499355393,8.127984012140049
95,10,1633.0321966717167,16948,364.06174499355393,8.127984012140049
95,5,2959.0880427394136,9228,364.06174499355393,8.127984012140049
96,80,391.7470135866312,125000,391.7470135866312,7.551309065234865
96,75,396.89277603223206,117279,391.7470135866312,7.551309065234865
96,70,423.23814279390336,109567,391.7470135866312,7.551309065234865
96,65,440.9487227483687,101847,391.7470135866312,7.551309065234865
96,60,459.5773467304382,94126,391.7470135866312,7.551309065234865
96,55,483.8249682922352,86406,391.7470135866312,7.551309065234865
96,50,489.2602134368272,78694,391.7470135866312,7.551309065234865
96,45,505.2030159455592,70974,391.7470135866312,7.551309065234865
96,40,516.3690549108339,63253,391.7470135866312,7.551309065234865
96,35,587.9707262951374,55533,391.7470135866312,7.551309065234865
96,30,675.6803302496293,47821,391.7470135866312,7.551309065234865
96,25,766.115677939612,40101,391.7470135866312,7.551309065234865
96,20,1200.3024446771951,32380,391.7470135866312,7.551309065234865
96,15,1345.147187702756,24660,391.7470135866312,7.551309065234865
96,10,1650.3646509532175,16948,391.7470135866312,7.551309065234865
96,5,2958.202774975414,9228,391.7470135866312,7.551309065234865
97,80,409.9315718506196,125000,409.9315718506196,7.207413225371221
97,75,414.7309832063287,117279,409.9315718506196,7.207413225371221
97,70,442.1532389889277,109567,409.9315718506196,7.207413225371221
97,65,459.0744877943165,101847,409.9315718506196,7.207413225371221
97,60,478.7440727137505,94126,409.9315718506196,7.207413225371221
97,55,503.5716973976439,86406,409.9315718506196,7.207413225371221
97,50,509.7057527882405,78694,409.9315718506196,7.207413225371221
97,45,526.8842745033882,70974,409.9315718506196,7.207413225371221
97,40,537.1721424703952,63253,409.9315718506196,7.207413225371221
97,35,607.4716793610316,55533,409.9315718506196,7.207413225371221
97,30,691.9886090408226,47821,409.9315718506196,7.207413225371221
97,25,782.5298141251019,40101,409.9315718506196,7.207413225371221
97,20,1217.15863398056,32380,409.9315718506196,7.207413225371221
97,15,1358.348074894436,24660,409.9315718506196,7.207413225371221
97,10,1662.5541283164316,16948,409.9315718506196,7.207413225371221
97,5,2954.5462324533687,9228,409.9315718506196,7.207413225371221
98,80,432.4327228882015,125000,432.4327228882015,6.847503499615439
98,75,437.2164948376624,117279,432.4327228882015,6.847503499615439
98,70,466.3800734199316,109567,432.4327228882015,6.847503499615439
98,65,482.39726791187127,101847,432.4327228882015,6.847503499615439
98,60,502.92703349737,94126,432.4327228882015,6.847503499615439
98,55,529.0166966981503,86406,432.4327228882015,6.847503499615439
98,50,535.8498258102633,78694,432.4327228882015,6.847503499615439
98,45,554.4459476551289,70974,432.4327228882015,6.847503499615439
98,40,564.0413989578229,63253,432.4327228882015,6.847503499615439
98,35,633.1095116096354,55533,432.4327228882015,6.847503499615439
98,30,714.2881630565977,47821,432.4327228882015,6.847503499615439
98,25,805.7906637941915,40101,432.4327228882015,6.847503499615439
98,20,1242.7708775442172,32380,432.4327228882015,6.847503499615439
98,15,1379.7460966719027,24660,432.4327228882015,6.847503499615439
98,10,1683.8848365632157,16948,432.4327228882015,6.847503499615439
98,5,2961.084583325193,9228,432.4327228882015,6.847503499615439
99,80,451.726920300764,125000,451.726920300764,6.5579739636903085
99,75,456.8456889441015,117279,451.726920300764,6.5579739636903085
99,70,487.1814670435493,109567,451.726920300764,6.5579739636903085
99,65,502.3268619252119,101847,451.726920300764,6.5579739636903085
99,60,523.883954925302,94126,451.726920300764,6.5579739636903085
99,55,551.6285444256072,86406,451.726920300764,6.5579739636903085
99,50,559.4021468360899,78694,451.726920300764,6.5579739636903085
99,45,579.1848325340901,70974,451.726920300764,6.5579739636903085
99,40,588.6740434971564,63253,451.726920300764,6.5579739636903085
99,35,656.1354197540714,55533,451.726920300764,6.5579739636903085
99,30,734.8865128791821,47821,451.726920300764,6.5579739636903085
99,25,826.6293443372484,40101,451.726920300764,6.5579739636903085
99,20,1263.8187451704302,32380,451.726920300764,6.5579739636903085
99,15,1398.9901824524538,24660,451.726920300764,6.5579739636903085
99,10,1702.7426629399852,16948,451.726920300764,6.5579739636903085
99,5,2962.413382030417,9228,451.726920300764,6.5579739636903085
100,80,476.23905548049817,125000,476.23905548049817,6.234688421795744
100,75,482.0410679129668,117279,476.23905548049817,6.234688421795744
100,70,514.1920926215823,109567,476.23905548049817,6.234688421795744
100,65,528.1334841842811,101847,476.23905548049817,6.234688421795744
100,60,550.8360668774569,94126,476.23905548049817,6.234688421795744
100,55,580.5073063179046,86406,476.23905548049817,6.234688421795744
100,50,589.210414201811,78694,476.23905548049817,6.234688421795744
100,45,610.5034512950269,70974,476.23905548049817,6.234688421795744
100,40,619.9113670068682,63253,476.23905548049817,6.234688421795744
100,35,685.4794206785017,55533,476.23905548049817,6.234688421795744
100,30,762.3450449619921,47821,476.23905548049817,6.234688421795744
100,25,853.172227066103,40101,476.23905548049817,6.234688421795744
100,20,1289.3406609173962,32380,476.23905548049817,6.234688421795744
100,15,1423.002155197668,24660,476.23905548049817,6.234688421795744
100,10,1726.8123200543723,16948,476.23905548049817,6.234688421795744
100,5,2969.202125211203,9228,476.23905548049817,6.234688421795744
101,80,502.82002241423226,125000,502.82002241423226,5.907678870292538
101,75,509.4060634531641,117279,502.82002241423226,5.907678870292538
101,70,543.2184944496407,109567,502.82002241423226,5.907678870292538
101,65,556.407582412577,101847,502.82002241423226,5.907678870292538
101,60,580.7497654380238,94126,502.82002241423226,5.907678870292538
101,55,612.0094192630809,86406,502.82002241423226,5.907678870292538
101,50,621.810935949702,78694,502.82002241423226,5.907678870292538
101,45,644.3425823761852,70974,502.82002241423226,5.907678870292538
101,40,653.8937054979235,63253,502.82002241423226,5.907678870292538
101,35,717.6596437847211,55533,502.82002241423226,5.907678870292538
101,30,792.5398750618082,47821,502.82002241423226,5.907678870292538
101,25,881.9648997491877,40101,502.82002241423226,5.907678870292538
101,20,1310.362005612407,32380,502.82002241423226,5.907678870292538
101,15,1442.1410072529115,24660,502.82002241423226,5.907678870292538
101,10,1742.9637383579764,16948,502.82002241423226,5.907678870292538
101,5,2970.4992219765804,9228,502.82002241423226,5.907678870292538
103,80,613.9314697769843,125000,613.9314697769843,4.830477904051985
103,75,623.1515133414952,117279,613.9314697769843,4.830477904051985
103,70,654.8119926750682,109567,613.9314697769843,4.830477904051985
103,65,667.2512358260357,101847,613.9314697769843,4.830477904051985
103,60,694.6755949978669,94126,613.9314697769843,4.830477904051985
103,55,728.1784735531894,86406,613.9314697769843,4.830477904051985
103,50,740.1025783473441,78694,613.9314697769843,4.830477904051985
103,45,762.1673376532291,70974,613.9314697769843,4.830477904051985
103,40,771.015079536268,63253,613.9314697769843,4.830477904051985
103,35,825.7542140415044,55533,613.9314697769843,4.830477904051985
103,30,895.7741446686149,47821,613.9314697769843,4.830477904051985
103,25,976.6133600722028,40101,613.9314697769843,4.830477904051985
103,20,1368.3599158450488,32380,613.9314697769843,4.830477904051985
103,15,1493.3864189100848,24660,613.9314697769843,4.830477904051985
103,10,1782.2669410102233,16948,613.9314697769843,4.830477904051985
103,5,2965.582399359882,9228,613.9314697769843,4.830477904051985
104,80,715.1391346952516,125000,715.1391346952516,4.147320115113151
104,75,725.039908416354,117279,715.1391346952516,4.147320115113151
104,70,753.8923193204964,109567,715.1391346952516,4.147320115113151
104,65,765.1366035512679,101847,715.1391346952516,4.147320115113151
104,60,792.8011510132205,94126,715.1391346952516,4.147320115113151
104,55,826.0906286699303,86406,715.1391346952516,4.147320115113151
104,50,839.0317322747977,78694,715.1391346952516,4.147320115113151
104,45,860.1881825319078,70974,715.1391346952516,4.147320115113151
104,40,868.4611272986427,63253,715.1391346952516,4.147320115113151
104,35,917.1318020717612,55533,715.1391346952516,4.147320115113151
104,30,983.9974188863304,47821,715.1391346952516,4.147320115113151
104,25,1058.1781069556669,40101,715.1391346952516,4.147320115113151
104,20,1418.9589803312635,32380,715.1391346952516,4.147320115113151
104,15,1537.650188027504,24660,715.1391346952516,4.147320115113151
104,10,1815.3839639655453,16948,715.1391346952516,4.147320115113151
104,5,2965.91091842623,9228,715.1391346952516,4.147320115113151
105,80,824.0131176912172,125000,824.0131176912172,3.611133664805743
105,75,835.190223582441,117279,824.0131176912172,3.611133664805743
105,70,859.9983803867408,109567,824.0131176912172,3.611133664805743
105,65,870.7824629935187,101847,824.0131176912172,3.611133664805743
105,60,898.4121134603961,94126,824.0131176912172,3.611133664805743
105,55,931.7052104592284,86406,824.0131176912172,3.611133664805743
105,50,945.4848390818556,78694,824.0131176912172,3.611133664805743
105,45,965.2265699420052,70974,824.0131176912172,3.611133664805743
105,40,972.5174939827444,63253,824.0131176912172,3.611133664805743
105,35,1014.3726561553776,55533,824.0131176912172,3.611133664805743
105,30,1077.3369505432486,47821,824.0131176912172,3.611133664805743
105,25,1144.873886085013,40101,824.0131176912172,3.611133664805743
105,20,1474.837385638339,32380,824.0131176912172,3.611133664805743
105,15,1587.147950527304,24660,824.0131176912172,3.611133664805743
105,10,1854.1556129557025,16948,824.0131176912172,3.611133664805743
105,5,2975.621509536291,9228,824.0131176912172,3.611133664805743
106,80,940.8451708564418,125000,940.8451708564418,3.163939884402295
106,75,952.4657587858773,117279,940.8451708564418,3.163939884402295
106,70,972.9153049688056,109567,940.8451708564418,3.163939884402295
106,65,982.8696966595948,101847,940.8451708564418,3.163939884402295
106,60,1009.8901422337289,94126,940.8451708564418,3.163939884402295
106,55,1042.250966934402,86406,940.8451708564418,3.163939884402295
106,50,1056.6130523079498,78694,940.8451708564418,3.163939884402295
106,45,1074.9796348130938,70974,940.8451708564418,3.163939884402295
106,40,1081.5216863190117,63253,940.8451708564418,3.163939884402295
106,35,1116.305141462674,55533,940.8451708564418,3.163939884402295
106,30,1175.4221256302724,47821,940.8451708564418,3.163939884402295
106,25,1236.1377188444171,40101,940.8451708564418,3.163939884402295
106,20,1532.0593892904255,32380,940.8451708564418,3.163939884402295
106,15,1639.2151145861028,24660,940.8451708564418,3.163939884402295
106,10,1891.5759203074529,16948,940.8451708564418,3.163939884402295
106,5,2976.777561119988,9228,940.8451708564418,3.163939884402295
107,80,1056.0849124427498,125000,1056.0849124427498,2.827901660199108
107,75,1068.5348113495124,117279,1056.0849124427498,2.827901660199108
107,70,1085.021168472326,109567,1056.0849124427498,2.827901660199108
107,65,1094.9842227969857,101847,1056.0849124427498,2.827901660199108
107,60,1121.4897079400034,94126,1056.0849124427498,2.827901660199108
107,55,1153.693715610566,86406,1056.0849124427498,2.827901660199108
107,50,1168.94056004143,78694,1056.0849124427498,2.827901660199108
107,45,1185.9117941918946,70974,1056.0849124427498,2.827901660199108
107,40,1191.616822910532,63253,1056.0849124427498,2.827901660199108
107,35,1220.7317712613028,55533,1056.0849124427498,2.827901660199108
107,30,1275.979265538478,47821,1056.0849124427498,2.827901660199108
107,25,1331.1525628758116,40101,1056.0849124427498,2.827901660199108
107,20,1595.0198043260802,32380,1056.0849124427498,2.827901660199108
107,15,1696.3120881964444,24660,1056.0849124427498,2.827901660199108
107,10,1938.0322037972917,16948,1056.0849124427498,2.827901660199108
107,5,2986.504277208082,9228,1056.0849124427498,2.827901660199108
108,80,1158.5298858846666,125000,1158.5298858846666,2.5771532903164123
108,75,1171.0874277842784,117279,1158.5298858846666,2.5771532903164123
108,70,1184.0948106193885,109567,1158.5298858846666,2.5771532903164123
108,65,1193.9109866076883,101847,1158.5298858846666,2.5771532903164123
108,60,1220.107011525299,94126,1158.5298858846666,2.5771532903164123
108,55,1252.1618033530676,86406,1158.5298858846666,2.5771532903164123
108,50,1268.3783222979416,78694,1158.5298858846666,2.5771532903164123
108,45,1284.1271078334971,70974,1158.5298858846666,2.5771532903164123
108,40,1289.2917042036106,63253,1158.5298858846666,2.5771532903164123
108,35,1314.5798402978323,55533,1158.5298858846666,2.5771532903164123
108,30,1365.4771212131172,47821,1158.5298858846666,2.5771532903164123
108,25,1415.2378096566606,40101,1158.5298858846666,2.5771532903164123
108,20,1648.336452447768,32380,1158.5298858846666,2.5771532903164123
108,15,1743.8004087943573,24660,1158.5298858846666,2.5771532903164123
108,10,1973.469198944208,16948,1158.5298858846666,2.5771532903164123
108,5,2985.709107337566,9228,1158.5298858846666,2.5771532903164123
109,80,1252.2633906323626,125000,1252.2633906323626,2.3903602744776395
109,75,1264.8470230206192,117279,1252.2633906323626,2.3903602744776395
109,70,1275.6089423843084,109567,1252.2633906323626,2.3903602744776395
109,65,1286.0057590717936,101847,1252.2633906323626,2.3903602744776395
109,60,1311.001383507661,94126,1252.2633906323626,2.3903602744776395
109,55,1343.7076005341294,86406,1252.2633906323626,2.3903602744776395
109,50,1361.0285979090272,78694,1252.2633906323626,2.3903602744776395
109,45,1375.9494630102438,70974,1252.2633906323626,2.3903602744776395
109,40,1380.8138604370035,63253,1252.2633906323626,2.3903602744776395
109,35,1403.5187631770962,55533,1252.2633906323626,2.3903602744776395
109,30,1450.6827561753134,47821,1252.2633906323626,2.3903602744776395
109,25,1495.836038221033,40101,1252.2633906323626,2.3903602744776395
109,20,1701.3966280579668,32380,1252.2633906323626,2.3903602744776395
109,15,1791.14516131702,24660,1252.2633906323626,2.3903602744776395
109,10,2013.8041086774756,16948,1252.2633906323626,2.3903602744776395
109,5,2993.360662150274,9228,1252.2633906323626,2.3903602744776395
110,80,1334.431098644395,125000,1334.431098644395,2.2425097742855327
110,75,1347.0894617022989,117279,1334.431098644395,2.2425097742855327
110,70,1355.9079308659047,109567,1334.431098644395,2.2425097742855327
110,65,1366.9811760522575,101847,1334.431098644395,2.2425097742855327
110,60,1391.2476956176747,94126,1334.431098644395,2.2425097742855327
110,55,1423.64621960079,86406,1334.431098644395,2.2425097742855327
110,50,1442.1796292518134,78694,1334.431098644395,2.2425097742855327
110,45,1456.4294587026109,70974,1334.431098644395,2.2425097742855327
110,40,1461.1759611220475,63253,1334.431098644395,2.2425097742855327
110,35,1481.9063039663356,55533,1334.431098644395,2.2425097742855327
110,30,1525.0976331714985,47821,1334.431098644395,2.2425097742855327
110,25,1565.471042661494,40101,1334.431098644395,2.2425097742855327
110,20,1749.259177504772,32380,1334.431098644395,2.2425097742855327
110,15,1834.90141946532,24660,1334.431098644395,2.2425097742855327
110,10,2047.073453749224,16948,1334.431098644395,2.2425097742855327
110,5,2992.4747818206374,9228,1334.431098644395,2.2425097742855327
111,80,1175.5821687237312,125000,1175.5821687237312,2.498435746047479
111,75,1200.29125444035,117279,1175.5821687237312,2.498435746047479
111,70,1241.7512941760765,109567,1175.5821687237312,2.498435746047479
111,65,1249.478283060094,101847,1175.5821687237312,2.498435746047479
111,60,1276.5115554190768,94126,1175.5821687237312,2.498435746047479
111,55,1312.097023472805,86406,1175.5821687237312,2.498435746047479
111,50,1359.087397428264,78694,1175.5821687237312,2.498435746047479
111,45,1551.8955437198963,70974,1175.5821687237312,2.498435746047479
111,40,1667.925842845288,63253,1175.5821687237312,2.498435746047479
111,35,1775.2408438594746,55533,1175.5821687237312,2.498435746047479
111,30,1805.2975822893588,47821,1175.5821687237312,2.498435746047479
111,25,1829.3822950584745,40101,1175.5821687237312,2.498435746047479
111,20,1908.7895182464736,32380,1175.5821687237312,2.498435746047479
111,15,1946.79951932716,24660,1175.5821687237312,2.498435746047479
111,10,2136.034730289933,16948,1175.5821687237312,2.498435746047479
111,5,2937.1165127553886,9228,1175.5821687237312,2.498435746047479
112,80,1164.8972232592655,125000,1164.8972232592655,2.5179279932937906
112,75,1190.6984541097331,117279,1164.8972232592655,2.5179279932937906
112,70,1233.3264023678137,109567,1164.8972232592655,2.5179279932937906
112,65,1241.3108989710508,101847,1164.8972232592655,2.5179279932937906
112,60,1268.7171508814731,94126,1164.8972232592655,2.5179279932937906
112,55,1305.8891073453442,86406,1164.8972232592655,2.5179279932937906
112,50,1354.647159101767,78694,1164.8972232592655,2.5179279932937906
112,45,1547.8677552381191,70974,1164.8972232592655,2.5179279932937906
112,40,1666.679178882854,63253,1164.8972232592655,2.5179279932937906
112,35,1777.4594600009814,55533,1164.8972232592655,2.5179279932937906
112,30,1807.5238842005497,47821,1164.8972232592655,2.5179279932937906
112,25,1832.2854922937065,40101,1164.8972232592655,2.5179279932937906
112,20,1911.9409308433792,32380,1164.8972232592655,2.5179279932937906
112,15,1950.636814627956,24660,1164.8972232592655,2.5179279932937906
112,10,2137.8387176180568,16948,1164.8972232592655,2.5179279932937906
112,5,2933.127327754712,9228,1164.8972232592655,2.5179279932937906
113,80,1141.6333107497285,125000,1141.6333107497285,2.5606044678394566
113,75,1169.1524129534064,117279,1141.6333107497285,2.5606044678394566
113,70,1214.2301415186337,109567,1141.6333107497285,2.5606044678394566
113,65,1222.134800205709,101847,1141.6333107497285,2.5606044678394566
113,60,1251.3101990866703,94126,1141.6333107497285,2.5606044678394566
113,55,1291.0589688935331,86406,1141.6333107497285,2.5606044678394566
113,50,1343.6427190353602,78694,1141.6333107497285,2.5606044678394566
113,45,1539.4906602333565,70974,1141.6333107497285,2.5606044678394566
113,40,1662.3201233565262,63253,1141.6333107497285,2.5606044678394566
113,35,1776.1592263622,55533,1141.6333107497285,2.5606044678394566
113,30,1806.7789823132127,47821,1141.6333107497285,2.5606044678394566
113,25,1832.2575054795211,40101,1141.6333107497285,2.5606044678394566
113,20,1912.1587525274476,32380,1141.6333107497285,2.5606044678394566
113,15,1952.03664030325,24660,1141.6333107497285,2.5606044678394566
113,10,2135.792565522824,16948,1141.6333107497285,2.5606044678394566
113,5,2923.2713561401056,9228,1141.6333107497285,2.5606044678394566
114,80,1115.9789306073133,125000,1115.9789306073133,2.617447621576949
114,75,1145.8978447626212,117279,1115.9789306073133,2.617447621576949
114,70,1193.3895923267758,109567,1115.9789306073133,2.617447621576949
114,65,1200.8358520232769,101847,1115.9789306073133,2.617447621576949
114,60,1233.1261595170677,94126,1115.9789306073133,2.617447621576949
114,55,1278.3332006542685,86406,1115.9789306073133,2.617447621576949
114,50,1334.113634175596,78694,1115.9789306073133,2.617447621576949
114,45,1533.9429394716665,70974,1115.9789306073133,2.617447621576949
114,40,1660.608851872712,63253,1115.9789306073133,2.617447621576949
114,35,1777.9441554623645,55533,1115.9789306073133,2.617447621576949
114,30,1809.4374495978595,47821,1115.9789306073133,2.617447621576949
114,25,1837.1258641793377,40101,1115.9789306073133,2.617447621576949
114,20,1917.16628074666,32380,1115.9789306073133,2.617447621576949
114,15,1958.5795171963,24660,1115.9789306073133,2.617447621576949
114,10,2138.978556069479,16948,1115.9789306073133,2.617447621576949
114,5,2921.016397648099,9228,1115.9789306073133,2.617447621576949
115,80,1086.3067395963783,125000,1086.3067395963783,2.697594025740752
115,75,1119.2302932995535,117279,1086.3067395963783,2.697594025740752
115,70,1168.5773243904127,109567,1086.3067395963783,2.697594025740752
115,65,1175.9822494168552,101847,1086.3067395963783,2.697594025740752
115,60,1212.9221952396313,94126,1086.3067395963783,2.697594025740752
115,55,1264.7937746994453,86406,1086.3067395963783,2.697594025740752
115,50,1324.025408046458,78694,1086.3067395963783,2.697594025740752
115,45,1529.8300680241314,70974,1086.3067395963783,2.697594025740752
115,40,1663.6243143378738,63253,1086.3067395963783,2.697594025740752
115,35,1784.7813202885077,55533,1086.3067395963783,2.697594025740752
115,30,1817.7474501742297,47821,1086.3067395963783,2.697594025740752
115,25,1847.762987515512,40101,1086.3067395963783,2.697594025740752
115,20,1929.1782121533392,32380,1086.3067395963783,2.697594025740752
115,15,1972.017831187832,24660,1086.3067395963783,2.697594025740752
115,10,2150.5294530548176,16948,1086.3067395963783,2.697594025740752
115,5,2930.414570857105,9228,1086.3067395963783,2.697594025740752
116,80,1047.8830831072185,125000,1047.8830831072185,2.7964355210114684
116,75,1083.112809616393,117279,1047.8830831072185,2.7964355210114684
116,70,1135.73850689186,109567,1047.8830831072185,2.7964355210114684
116,65,1142.5646237672809,101847,1047.8830831072185,2.7964355210114684
116,60,1184.189702205003,94126,1047.8830831072185,2.7964355210114684
116,55,1242.1552589472765,86406,1047.8830831072185,2.7964355210114684
116,50,1306.016168575479,78694,1047.8830831072185,2.7964355210114684
116,45,1518.5057430773504,70974,1047.8830831072185,2.7964355210114684
116,40,1661.3165050598966,63253,1047.8830831072185,2.7964355210114684
116,35,1786.9726893896202,55533,1047.8830831072185,2.7964355210114684
116,30,1820.7855265431624,47821,1047.8830831072185,2.7964355210114684
116,25,1852.9647872235253,40101,1047.8830831072185,2.7964355210114684
116,20,1935.419132681124,32380,1047.8830831072185,2.7964355210114684
116,15,1980.628538496318,24660,1047.8830831072185,2.7964355210114684
116,10,2154.012594916569,16948,1047.8830831072185,2.7964355210114684
116,5,2930.337475468038,9228,1047.8830831072185,2.7964355210114684
117,80,996.0526974851756,125000,996.0526974851756,2.9350080291627147
117,75,1033.1938672196611,117279,996.0526974851756,2.9350080291627147
117,70,1089.3368721985605,109567,996.0526974851756,2.9350080291627147
117,65,1095.541536641204,101847,996.0526974851756,2.9350080291627147
117,60,1141.2530674324494,94126,996.0526974851756,2.9350080291627147
117,55,1209.3574575327234,86406,996.0526974851756,2.9350080291627147
117,50,1278.4471208816335,78694,996.0526974851756,2.9350080291627147
117,45,1499.395694883755,70974,996.0526974851756,2.9350080291627147
117,40,1652.5333890687782,63253,996.0526974851756,2.9350080291627147
117,35,1780.342218756337,55533,996.0526974851756,2.9350080291627147
117,30,1815.9536806701296,47821,996.0526974851756,2.9350080291627147
117,25,1850.2212732575244,40101,996.0526974851756,2.9350080291627147
117,20,1933.8851375749773,32380,996.0526974851756,2.9350080291627147
117,15,1981.7648116973796,24660,996.0526974851756,2.9350080291627147
117,10,2149.0219909453945,16948,996.0526974851756,2.9350080291627147
117,5,2923.422664588171,9228,996.0526974851756,2.9350080291627147
118,80,942.346054618222,125000,942.346054618222,3.085896682736681
118,75,982.0929194513078,117279,942.346054618222,3.085896682736681
118,70,1039.6562581608816,109567,942.346054618222,3.085896682736681
118,65,1045.897367274579,101847,942.346054618222,3.085896682736681
118,60,1097.3312609164032,94126,942.346054618222,3.085896682736681
118,55,1180.1596457567125,86406,942.346054618222,3.085896682736681
118,50,1254.770374316722,78694,942.346054618222,3.085896682736681
118,45,1486.7892380300746,70974,942.346054618222,3.085896682736681
118,40,1648.2808605135042,63253,942.346054618222,3.085896682736681
118,35,1775.5922820671135,55533,942.346054618222,3.085896682736681
118,30,1810.678006517815,47821,942.346054618222,3.085896682736681
118,25,1845.9270173699165,40101,942.346054618222,3.085896682736681
118,20,1929.4615121704248,32380,942.346054618222,3.085896682736681
118,15,1981.178764666185,24660,942.346054618222,3.085896682736681
118,10,2140.769710041252,16948,942.346054618222,3.085896682736681
118,5,2907.9825639363703,9228,942.346054618222,3.085896682736681
119,80,849.7041369644191,125000,849.7041369644191,3.4006804195630846
119,75,893.990318314682,117279,849.7041369644191,3.4006804195630846
119,70,951.9968077836032,109567,849.7041369644191,3.4006804195630846
119,65,958.3982020553505,101847,849.7041369644191,3.4006804195630846
119,60,1015.2247301979604,94126,849.7041369644191,3.4006804195630846
119,55,1115.826399743499,86406,849.7041369644191,3.4006804195630846
119,50,1198.8127739825818,78694,849.7041369644191,3.4006804195630846
119,45,1444.034461793085,70974,849.7041369644191,3.4006804195630846
119,40,1620.1473690542416,63253,849.7041369644191,3.4006804195630846
119,35,1753.7173933358558,55533,849.7041369644191,3.4006804195630846
119,30,1788.942897274996,47821,849.7041369644191,3.4006804195630846
119,25,1826.173694631314,40101,849.7041369644191,3.4006804195630846
119,20,1908.6116674043344,32380,849.7041369644191,3.4006804195630846
119,15,1963.12807655443,24660,849.7041369644191,3.4006804195630846
119,10,2121.093803126072,16948,849.7041369644191,3.4006804195630846
119,5,2889.57222099665,9228,849.7041369644191,3.4006804195630846
121,80,1100.2103824100395,125000,1100.2103824100395,2.564587739652969
121,75,1123.5336421746165,117279,1100.2103824100395,2.564587739652969
121,70,1151.5330331363052,109567,1100.2103824100395,2.564587739652969
121,65,1158.8588509429098,101847,1100.2103824100395,2.564587739652969
121,60,1208.7111217551733,94126,1100.2103824100395,2.564587739652969
121,55,1291.755146896967,86406,1100.2103824100395,2.564587739652969
121,50,1335.4540763685382,78694,1100.2103824100395,2.564587739652969
121,45,1517.7598253084068,70974,1100.2103824100395,2.564587739652969
121,40,1677.81016527864,63253,1100.2103824100395,2.564587739652969
121,35,1775.8852271770331,55533,1100.2103824100395,2.564587739652969
121,30,1812.5646389395715,47821,1100.2103824100395,2.564587739652969
121,25,1840.421025480168,40101,1100.2103824100395,2.564587739652969
121,20,1907.8893357202455,32380,1100.2103824100395,2.564587739652969
121,15,1961.7119022767029,24660,1100.2103824100395,2.564587739652969
121,10,2067.5059799990336,16948,1100.2103824100395,2.564587739652969
121,5,2821.5860577676926,9228,1100.2103824100395,2.564587739652969
122,80,1410.962223784877,125000,1410.962223784877,2.030160188474241
122,75,1428.836604583353,117279,1410.962223784877,2.030160188474241
122,70,1436.6678359931304,109567,1410.962223784877,2.030160188474241
122,65,1444.7497672664033,101847,1410.962223784877,2.030160188474241
122,60,1481.1237220438436,94126,1410.962223784877,2.030160188474241
122,55,1529.7661556321511,86406,1410.962223784877,2.030160188474241
122,50,1544.3213856492696,78694,1410.962223784877,2.030160188474241
122,45,1632.8684835837664,70974,1410.962223784877,2.030160188474241
122,40,1729.927482602523,63253,1410.962223784877,2.030160188474241
122,35,1801.150737046357,55533,1410.962223784877,2.030160188474241
122,30,1841.102343775713,47821,1410.962223784877,2.030160188474241
122,25,1859.6364339888855,40101,1410.962223784877,2.030160188474241
122,20,1906.8796644887736,32380,1410.962223784877,2.030160188474241
122,15,1962.8720055207843,24660,1410.962223784877,2.030160188474241
122,10,2048.0399180309773,16948,1410.962223784877,2.030160188474241
122,5,2864.4793341691407,9228,1410.962223784877,2.030160188474241
123,80,1462.6374544333723,125000,1462.6374544333723,1.9455215317576848
123,75,1478.235825248161,117279,1462.6374544333723,1.9455215317576848
123,70,1483.855540187126,109567,1462.6374544333723,1.9455215317576848
123,65,1496.2820457696007,101847,1462.6374544333723,1.9455215317576848
123,60,1517.402518549126,94126,1462.6374544333723,1.9455215317576848
123,55,1544.160482944232,86406,1462.6374544333723,1.9455215317576848
123,50,1557.8120759823637,78694,1462.6374544333723,1.9455215317576848
123,45,1599.0676686444594,70974,1462.6374544333723,1.9455215317576848
123,40,1636.6664841450847,63253,1462.6374544333723,1.9455215317576848
123,35,1676.8422675819518,55533,1462.6374544333723,1.9455215317576848
123,30,1726.3140597791094,47821,1462.6374544333723,1.9455215317576848
123,25,1733.8244820626714,40101,1462.6374544333723,1.9455215317576848
123,20,1780.263077643548,32380,1462.6374544333723,1.9455215317576848
123,15,1846.150140607512,24660,1462.6374544333723,1.9455215317576848
123,10,1953.5977499453936,16948,1462.6374544333723,1.9455215317576848
123,5,2845.592660755376,9228,1462.6374544333723,1.9455215317576848
124,80,1391.9396601149397,125000,1391.9396601149397,1.9891895627724665
124,75,1401.0344002404377,117279,1391.9396601149397,1.9891895627724665
124,70,1411.0216062743198,109567,1391.9396601149397,1.9891895627724665
124,65,1420.761939496479,101847,1391.9396601149397,1.9891895627724665
124,60,1425.0943026013683,94126,1391.9396601149397,1.9891895627724665
124,55,1441.847458108993,86406,1391.9396601149397,1.9891895627724665
124,50,1452.881747490073,78694,1391.9396601149397,1.9891895627724665
124,45,1466.8487551546334,70974,1391.9396601149397,1.9891895627724665
124,40,1482.007565818638,63253,1391.9396601149397,1.9891895627724665
124,35,1503.359605654126,55533,1391.9396601149397,1.9891895627724665
124,30,1540.5989035821688,47821,1391.9396601149397,1.9891895627724665
124,25,1546.0718863346074,40101,1391.9396601149397,1.9891895627724665
124,20,1597.8074540075274,32380,1391.9396601149397,1.9891895627724665
124,15,1680.2655597441865,24660,1391.9396601149397,1.9891895627724665
124,10,1843.3147758406155,16948,1391.9396601149397,1.9891895627724665
124,5,2768.8318439096925,9228,1391.9396601149397,1.9891895627724665
125,80,1187.8692555306338,125000,1187.8692555306338,2.265918177990646
125,75,1195.5732831626196,117279,1187.8692555306338,2.265918177990646
125,70,1202.7865948371382,109567,1187.8692555306338,2.265918177990646
125,65,1217.9278869459831,101847,1187.8692555306338,2.265918177990646
125,60,1218.9546735100137,94126,1187.8692555306338,2.265918177990646
125,55,1229.1632042327726,86406,1187.8692555306338,2.265918177990646
125,50,1236.47848269128,78694,1187.8692555306338,2.265918177990646
125,45,1250.814523585725,70974,1187.8692555306338,2.265918177990646
125,40,1259.3542121454404,63253,1187.8692555306338,2.265918177990646
125,35,1272.5435992953471,55533,1187.8692555306338,2.265918177990646
125,30,1317.754968189279,47821,1187.8692555306338,2.265918177990646
125,25,1337.0577875460092,40101,1187.8692555306338,2.265918177990646
125,20,1414.4541244637787,32380,1187.8692555306338,2.265918177990646
125,15,1504.98273279826,24660,1187.8692555306338,2.265918177990646
125,10,1745.6471582449367,16948,1187.8692555306338,2.265918177990646
125,5,2691.6145391830787,9228,1187.8692555306338,2.265918177990646
126,80,1064.25954377434,125000,1064.25954377434,2.451582831805728
126,75,1069.7359207554755,117279,1064.25954377434,2.451582831805728
126,70,1075.6211127741708,109567,1064.25954377434,2.451582831805728
126,65,1092.2011514528103,101847,1064.25954377434,2.451582831805728
126,60,1094.2462445080212,94126,1064.25954377434,2.451582831805728
126,55,1101.115433730464,86406,1064.25954377434,2.451582831805728
126,50,1110.542547024923,78694,1064.25954377434,2.451582831805728
126,45,1122.4210153051472,70974,1064.25954377434,2.451582831805728
126,40,1131.3810722513963,63253,1064.25954377434,2.451582831805728
126,35,1145.8575001360573,55533,1064.25954377434,2.451582831805728
126,30,1189.8179132261305,47821,1064.25954377434,2.451582831805728
126,25,1220.8999063706149,40101,1064.25954377434,2.451582831805728
126,20,1311.6000821300831,32380,1064.25954377434,2.451582831805728
126,15,1410.7012608329856,24660,1064.25954377434,2.451582831805728
126,10,1705.7315648687263,16948,1064.25954377434,2.451582831805728
126,5,2609.120426102568,9228,1064.25954377434,2.451582831805728
127,80,1017.4885782862648,125000,1017.4885782862648,2.5273526929363515
127,75,1020.9807094851068,117279,1017.4885782862648,2.5273526929363515
127,70,1027.0527775350704,109567,1017.4885782862648,2.5273526929363515
127,65,1043.4069365375246,101847,1017.4885782862648,2.5273526929363515
127,60,1046.6036432036308,94126,1017.4885782862648,2.5273526929363515
127,55,1051.9307024728255,86406,1017.4885782862648,2.5273526929363515
127,50,1061.504647411268,78694,1017.4885782862648,2.5273526929363515
127,45,1070.1394857479816,70974,1017.4885782862648,2.5273526929363515
127,40,1078.017171130384,63253,1017.4885782862648,2.5273526929363515
127,35,1093.3910058145152,55533,1017.4885782862648,2.5273526929363515
127,30,1138.3140525463891,47821,1017.4885782862648,2.5273526929363515
127,25,1176.713700778011,40101,1017.4885782862648,2.5273526929363515
127,20,1271.209299447909,32380,1017.4885782862648,2.5273526929363515
127,15,1371.6730962414763,24660,1017.4885782862648,2.5273526929363515
127,10,1685.865631973834,16948,1017.4885782862648,2.5273526929363515
127,5,2571.552498363771,9228,1017.4885782862648,2.5273526929363515
128,80,968.5862702987728,125000,968.5862702987728,2.637189188528782
128,75,971.9576455487957,117279,968.5862702987728,2.637189188528782
128,70,977.0727005748068,109567,968.5862702987728,2.637189188528782
128,65,994.0257190295312,101847,968.5862702987728,2.637189188528782
128,60,997.3768758384184,94126,968.5862702987728,2.637189188528782
128,55,1002.7091649098764,86406,968.5862702987728,2.637189188528782
128,50,1011.0680098535612,78694,968.5862702987728,2.637189188528782
128,45,1020.1129695249498,70974,968.5862702987728,2.637189188528782
128,40,1028.6321595432432,63253,968.5862702987728,2.637189188528782
128,35,1043.9891173068183,55533,968.5862702987728,2.637189188528782
128,30,1091.053470900686,47821,968.5862702987728,2.637189188528782
128,25,1131.6839973380163,40101,968.5862702987728,2.637189188528782
128,20,1235.0517557771227,32380,968.5862702987728,2.637189188528782
128,15,1337.9390457221764,24660,968.5862702987728,2.637189188528782
128,10,1666.7328924589303,16948,968.5862702987728,2.637189188528782
128,5,2554.3452401893405,9228,968.5862702987728,2.637189188528782
129,80,909.2716751535484,125000,909.2716751535484,2.7981810414322097
129,75,911.6343122089374,117279,909.2716751535484,2.7981810414322097
129,70,916.4645962119258,109567,909.2716751535484,2.7981810414322097
129,65,935.0890649731676,101847,909.2716751535484,2.7981810414322097
129,60,939.0244374550016,94126,909.2716751535484,2.7981810414322097
129,55,944.4570685909664,86406,909.2716751535484,2.7981810414322097
129,50,952.6020460140772,78694,909.2716751535484,2.7981810414322097
129,45,963.9848775235042,70974,909.2716751535484,2.7981810414322097
129,40,973.8570931558808,63253,909.2716751535484,2.7981810414322097
129,35,988.8753121651356,55533,909.2716751535484,2.7981810414322097
129,30,1039.2984779175652,47821,909.2716751535484,2.7981810414322097
129,25,1081.2713364463596,40101,909.2716751535484,2.7981810414322097
129,20,1191.714276565379,32380,909.2716751535484,2.7981810414322097
129,15,1300.234391877999,24660,909.2716751535484,2.7981810414322097
129,10,1648.1890496224808,16948,909.2716751535484,2.7981810414322097
129,5,2544.306762925966,9228,909.2716751535484,2.7981810414322097
130,80,861.3479833996212,125000,861.3479833996212,2.93935088328238
130,75,863.2225100278594,117279,861.3479833996212,2.93935088328238
130,70,867.5169531141089,109567,861.3479833996212,2.93935088328238
130,65,887.220194665721,101847,861.3479833996212,2.93935088328238
130,60,891.2642230553514,94126,861.3479833996212,2.93935088328238
130,55,897.0931920420709,86406,861.3479833996212,2.93935088328238
130,50,905.8155054710448,78694,861.3479833996212,2.93935088328238
130,45,919.0567234030998,70974,861.3479833996212,2.93935088328238
130,40,929.4245633604272,63253,861.3479833996212,2.93935088328238
130,35,944.4872371342824,55533,861.3479833996212,2.93935088328238
130,30,995.6918439847286,47821,861.3479833996212,2.93935088328238
130,25,1036.374588009737,40101,861.3479833996212,2.93935088328238
130,20,1154.7518098986004,32380,861.3479833996212,2.93935088328238
130,15,1268.4844703891013,24660,861.3479833996212,2.93935088328238
130,10,1631.4437425669832,16948,861.3479833996212,2.93935088328238
130,5,2531.803955819173,9228,861.3479833996212,2.93935088328238
131,80,808.2422535280302,125000,808.2422535280302,3.10889751743302
131,75,809.9348496284259,117279,808.2422535280302,3.10889751743302
131,70,812.7051892320075,109567,808.2422535280302,3.10889751743302
131,65,831.0284486727484,101847,808.2422535280302,3.10889751743302
131,60,835.377381846297,94126,808.2422535280302,3.10889751743302
131,55,841.3788692192512,86406,808.2422535280302,3.10889751743302
131,50,849.4480844969773,78694,808.2422535280302,3.10889751743302
131,45,862.6364452580854,70974,808.2422535280302,3.10889751743302
131,40,873.2960237996216,63253,808.2422535280302,3.10889751743302
131,35,888.9556483115618,55533,808.2422535280302,3.10889751743302
131,30,940.3306160602536,47821,808.2422535280302,3.10889751743302
131,25,981.831270341664,40101,808.2422535280302,3.10889751743302
131,20,1109.502474163524,32380,808.2422535280302,3.10889751743302
131,15,1224.7149431259472,24660,808.2422535280302,3.10889751743302
131,10,1601.8901531256067,16948,808.2422535280302,3.10889751743302
131,5,2512.742335477763,9228,808.2422535280302,3.10889751743302
132,80,754.1648050790889,125000,754.1648050790889,3.3074399606607194
132,75,756.3051973596483,117279,754.1648050790889,3.3074399606607194
132,70,758.605968223901,109567,754.1648050790889,3.3074399606607194
132,65,776.2737846402276,101847,754.1648050790889,3.3074399606607194
132,60,780.4216939620705,94126,754.1648050790889,3.3074399606607194
132,55,786.5676775679706,86406,754.1648050790889,3.3074399606607194
132,50,795.009592144917,78694,754.1648050790889,3.3074399606607194
132,45,809.1933921675563,70974,754.1648050790889,3.3074399606607194
132,40,819.6923855328072,63253,754.1648050790889,3.3074399606607194
132,35,835.8603946965021,55533,754.1648050790889,3.3074399606607194
132,30,890.3224887015791,47821,754.1648050790889,3.3074399606607194
132,25,933.654247771803,40101,754.1648050790889,3.3074399606607194
132,20,1068.6164914419635,32380,754.1648050790889,3.3074399606607194
132,15,1187.369551378927,24660,754.1648050790889,3.3074399606607194
132,10,1583.0354490284303,16948,754.1648050790889,3.3074399606607194
132,5,2494.3548132424808,9228,754.1648050790889,3.3074399606607194
133,80,693.428407580752,125000,693.428407580752,3.5846431638629443
133,75,696.2651536251063,117279,693.428407580752,3.5846431638629443
133,70,698.8552491567684,109567,693.428407580752,3.5846431638629443
133,65,719.2630217485017,101847,693.428407580752,3.5846431638629443
133,60,724.2497012753012,94126,693.428407580752,3.5846431638629443
133,55,730.2493481269927,86406,693.428407580752,3.5846431638629443
133,50,738.8187968979208,78694,693.428407580752,3.5846431638629443
133,45,755.5037655021366,70974,693.428407580752,3.5846431638629443
133,40,766.2768902389959,63253,693.428407580752,3.5846431638629443
133,35,784.9027691821159,55533,693.428407580752,3.5846431638629443
133,30,842.5059413533214,47821,693.428407580752,3.5846431638629443
133,25,885.4300822357478,40101,693.428407580752,3.5846431638629443
133,20,1031.2345875479966,32380,693.428407580752,3.5846431638629443
133,15,1152.475282960723,24660,693.428407580752,3.5846431638629443
133,10,1563.505889251975,16948,693.428407580752,3.5846431638629443
133,5,2485.6934008627104,9228,693.428407580752,3.5846431638629443
135,80,610.489741837392,125000,610.489741837392,4.06473968538341
135,75,614.4906706248512,117279,610.489741837392,4.06473968538341
135,70,617.207883380444,109567,610.489741837392,4.06473968538341
135,65,639.9200511436356,101847,610.489741837392,4.06473968538341
135,60,645.460430324609,94126,610.489741837392,4.06473968538341
135,55,651.4291317907788,86406,610.489741837392,4.06473968538341
135,50,660.2682038264219,78694,610.489741837392,4.06473968538341
135,45,677.3152939211698,70974,610.489741837392,4.06473968538341
135,40,688.6819740951091,63253,610.489741837392,4.06473968538341
135,35,709.8663294247118,55533,610.489741837392,4.06473968538341
135,30,774.5100703532622,47821,610.489741837392,4.06473968538341
135,25,816.7150512588212,40101,610.489741837392,4.06473968538341
135,20,989.0489574854448,32380,610.489741837392,4.06473968538341
135,15,1116.91590097063,24660,610.489741837392,4.06473968538341
135,10,1553.1711636297016,16948,610.489741837392,4.06473968538341
135,5,2481.48188116592,9228,610.489741837392,4.06473968538341
136,80,587.8222469988729,125000,587.8222469988729,4.213915153432646
136,75,591.4966501255436,117279,587.8222469988729,4.213915153432646
136,70,593.4602540739681,109567,587.8222469988729,4.213915153432646
136,65,612.4543935464436,101847,587.8222469988729,4.213915153432646
136,60,616.6388199101843,94126,587.8222469988729,4.213915153432646
136,55,621.4718053654364,86406,587.8222469988729,4.213915153432646
136,50,628.2822866581696,78694,587.8222469988729,4.213915153432646
136,45,645.1722962032107,70974,587.8222469988729,4.213915153432646
136,40,654.7592354820528,63253,587.8222469988729,4.213915153432646
136,35,674.8551337801015,55533,587.8222469988729,4.213915153432646
136,30,738.8880291421311,47821,587.8222469988729,4.213915153432646
136,25,782.6258288642653,40101,587.8222469988729,4.213915153432646
136,20,964.9629049412084,32380,587.8222469988729,4.213915153432646
136,15,1100.437059546828,24660,587.8222469988729,4.213915153432646
136,10,1551.99022228989,16948,587.8222469988729,4.213915153432646
136,5,2477.033074153378,9228,587.8222469988729,4.213915153432646
137,80,542.7496704891357,125000,542.7496704891357,4.564072962722753
137,75,545.5833398099008,117279,542.7496704891357,4.564072962722753
137,70,547.3227337466218,109567,542.7496704891357,4.564072962722753
137,65,563.6140391677525,101847,542.7496704891357,4.564072962722753
137,60,566.8624909542403,94126,542.7496704891357,4.564072962722753
137,55,570.0068762161997,86406,542.7496704891357,4.564072962722753
137,50,575.4872843002267,78694,542.7496704891357,4.564072962722753
137,45,594.1978331505476,70974,542.7496704891357,4.564072962722753
137,40,604.2280108197734,63253,542.7496704891357,4.564072962722753
137,35,623.2851993537515,55533,542.7496704891357,4.564072962722753
137,30,687.0862937109982,47821,542.7496704891357,4.564072962722753
137,25,733.6443086236108,40101,542.7496704891357,4.564072962722753
137,20,924.6636630630873,32380,542.7496704891357,4.564072962722753
137,15,1072.4499704784096,24660,542.7496704891357,4.564072962722753
137,10,1549.8846332264816,16948,542.7496704891357,4.564072962722753
137,5,2477.149096606148,9228,542.7496704891357,4.564072962722753
138,80,496.3426564961244,125000,496.3426564961244,5.001932738616703
138,75,498.281137637244,117279,496.3426564961244,5.001932738616703
138,70,500.2458830780856,109567,496.3426564961244,5.001932738616703
138,65,514.7527030092247,101847,496.3426564961244,5.001932738616703
138,60,518.7886428641839,94126,496.3426564961244,5.001932738616703
138,55,521.689035999954,86406,496.3426564961244,5.001932738616703
138,50,527.472797401485,78694,496.3426564961244,5.001932738616703
138,45,551.0342651203695,70974,496.3426564961244,5.001932738616703
138,40,562.1150861721911,63253,496.3426564961244,5.001932738616703
138,35,579.7827694729732,55533,496.3426564961244,5.001932738616703
138,30,643.3004348039759,47821,496.3426564961244,5.001932738616703
138,25,691.899502067065,40101,496.3426564961244,5.001932738616703
138,20,893.0797479894576,32380,496.3426564961244,5.001932738616703
138,15,1050.4126853094615,24660,496.3426564961244,5.001932738616703
138,10,1549.9331675033882,16948,496.3426564961244,5.001932738616703
138,5,2482.672583099949,9228,496.3426564961244,5.001932738616703
140,80,465.720303247734,125000,465.720303247734,5.310206840547378
140,75,469.4854150417594,117279,465.720303247734,5.310206840547378
140,70,472.07936851029217,109567,465.720303247734,5.310206840547378
140,65,488.6483012114381,101847,465.720303247734,5.310206840547378
140,60,491.6464555071243,94126,465.720303247734,5.310206840547378
140,55,494.0748401925476,86406,465.720303247734,5.310206840547378
140,50,502.5732937011535,78694,465.720303247734,5.310206840547378
140,45,526.1622921387517,70974,465.720303247734,5.310206840547378
140,40,536.105891391898,63253,465.720303247734,5.310206840547378
140,35,556.1545729226787,55533,465.720303247734,5.310206840547378
140,30,626.0430613960721,47821,465.720303247734,5.310206840547378
140,25,671.3809080952188,40101,465.720303247734,5.310206840547378
140,20,892.6764440080142,32380,465.720303247734,5.310206840547378
140,15,1049.039138066484,24660,465.720303247734,5.310206840547378
140,10,1561.5437419452246,16948,465.720303247734,5.310206840547378
140,5,2473.0711400879163,9228,465.720303247734,5.310206840547378
141,80,471.47339049907725,125000,471.47339049907725,5.218437640621603
141,75,475.5359096034773,117279,471.47339049907725,5.218437640621603
141,70,478.62698015389833,109567,471.47339049907725,5.218437640621603
141,65,493.9164606292472,101847,471.47339049907725,5.218437640621603
141,60,496.78033435185125,94126,471.47339049907725,5.218437640621603
141,55,499.1817055492916,86406,471.47339049907725,5.218437640621603
141,50,509.3656579113603,78694,471.47339049907725,5.218437640621603
141,45,532.3167595768215,70974,471.47339049907725,5.218437640621603
141,40,540.7933763137438,63253,471.47339049907725,5.218437640621603
141,35,561.7294400941397,55533,471.47339049907725,5.218437640621603
141,30,631.7587294517348,47821,471.47339049907725,5.218437640621603
141,25,674.5850018825231,40101,471.47339049907725,5.218437640621603
141,20,898.5451258770292,32380,471.47339049907725,5.218437640621603
141,15,1049.925996116122,24660,471.47339049907725,5.218437640621603
141,10,1562.3495068907982,16948,471.47339049907725,5.218437640621603
141,5,2460.354487531872,9228,471.47339049907725,5.218437640621603
142,80,461.501825977262,125000,461.501825977262,5.323950995710742
142,75,465.8609095169916,117279,461.501825977262,5.323950995710742
142,70,468.9031647413524,109567,461.501825977262,5.323950995710742
142,65,482.95189742196607,101847,461.501825977262,5.323950995710742
142,60,485.4449173894874,94126,461.501825977262,5.323950995710742
142,55,487.7995189475713,86406,461.501825977262,5.323950995710742
142,50,498.7259417072184,78694,461.501825977262,5.323950995710742
142,45,522.0999709282773,70974,461.501825977262,5.323950995710742
142,40,530.4577100321459,63253,461.501825977262,5.323950995710742
142,35,550.6099024034477,55533,461.501825977262,5.323950995710742
142,30,620.6215851334339,47821,461.501825977262,5.323950995710742
142,25,663.824112889562,40101,461.501825977262,5.323950995710742
142,20,893.8699426268622,32380,461.501825977262,5.323950995710742
142,15,1044.0198154137488,24660,461.501825977262,5.323950995710742
142,10,1565.688578943577,16948,461.501825977262,5.323950995710742
142,5,2457.0131059339697,9228,461.501825977262,5.323950995710742
143,80,423.8522704126043,125000,423.8522704126043,5.8087674405175855
143,75,428.0159221064695,117279,423.8522704126043,5.8087674405175855
143,70,431.9205475351871,109567,423.8522704126043,5.8087674405175855
143,65,444.2186199002712,101847,423.8522704126043,5.8087674405175855
143,60,447.76753248832375,94126,423.8522704126043,5.8087674405175855
143,55,451.01324081963634,86406,423.8522704126043,5.8087674405175855
143,50,461.8026659247016,78694,423.8522704126043,5.8087674405175855
143,45,489.416302276695,70974,423.8522704126043,5.8087674405175855
143,40,498.0241087631457,63253,423.8522704126043,5.8087674405175855
143,35,516.9174092156147,55533,423.8522704126043,5.8087674405175855
143,30,586.8772852285948,47821,423.8522704126043,5.8087674405175855
143,25,629.2886392425859,40101,423.8522704126043,5.8087674405175855
143,20,868.2280516965062,32380,423.8522704126043,5.8087674405175855
143,15,1022.0396393271592,24660,423.8522704126043,5.8087674405175855
143,10,1565.5686979321956,16948,423.8522704126043,5.8087674405175855
143,5,2462.059267962191,9228,423.8522704126043,5.8087674405175855
145,80,406.1838460039855,125000,406.1838460039855,6.064113495470252
145,75,411.43808990087,117279,406.1838460039855,6.064113495470252
145,70,416.1070356938593,109567,406.1838460039855,6.064113495470252
145,65,425.0397025676576,101847,406.1838460039855,6.064113495470252
145,60,429.4031695547513,94126,406.1838460039855,6.064113495470252
145,55,434.5702079783368,86406,406.1838460039855,6.064113495470252
145,50,443.7268260407951,78694,406.1838460039855,6.064113495470252
145,45,477.2128672664678,70974,406.1838460039855,6.064113495470252
145,40,484.7870138323811,63253,406.1838460039855,6.064113495470252
145,35,499.24359619837975,55533,406.1838460039855,6.064113495470252
145,30,567.3278097583585,47821,406.1838460039855,6.064113495470252
145,25,607.9189935060939,40101,406.1838460039855,6.064113495470252
145,20,850.1538118456998,32380,406.1838460039855,6.064113495470252
145,15,1011.785746612582,24660,406.1838460039855,6.064113495470252
145,10,1567.9231925568656,16948,406.1838460039855,6.064113495470252
145,5,2463.144942194779,9228,406.1838460039855,6.064113495470252
146,80,425.17198535308313,125000,425.17198535308313,5.7975774885776525
146,75,430.3843903159894,117279,425.17198535308313,5.7975774885776525
146,70,435.78039290790224,109567,425.17198535308313,5.7975774885776525
146,65,443.0074259897709,101847,425.17198535308313,5.7975774885776525
146,60,447.6770321475864,94126,425.17198535308313,5.7975774885776525
146,55,452.9295525719818,86406,425.17198535308313,5.7975774885776525
146,50,461.1351252574456,78694,425.17198535308313,5.7975774885776525
146,45,496.8380567212159,70974,425.17198535308313,5.7975774885776525
146,40,504.7244939294284,63253,425.17198535308313,5.7975774885776525
146,35,517.255746020578,55533,425.17198535308313,5.7975774885776525
146,30,581.0516635460745,47821,425.17198535308313,5.7975774885776525
146,25,621.951302351942,40101,425.17198535308313,5.7975774885776525
146,20,863.8723897404192,32380,425.17198535308313,5.7975774885776525
146,15,1022.7037803293564,24660,425.17198535308313,5.7975774885776525
146,10,1578.1089318270317,16948,425.17198535308313,5.7975774885776525
146,5,2464.9675310569023,9228,425.17198535308313,5.7975774885776525
147,80,426.8600798518371,125000,426.8600798518371,5.758292872851024
147,75,430.8550900733017,117279,426.8600798518371,5.758292872851024
147,70,436.9847458457895,109567,426.8600798518371,5.758292872851024
147,65,443.26950121548174,101847,426.8600798518371,5.758292872851024
147,60,448.78222442437215,94126,426.8600798518371,5.758292872851024
147,55,453.8816558879935,86406,426.8600798518371,5.758292872851024
147,50,463.9259170175226,78694,426.8600798518371,5.758292872851024
147,45,501.5052208671826,70974,426.8600798518371,5.758292872851024
147,40,508.3030240467407,63253,426.8600798518371,5.758292872851024
147,35,517.5064755290653,55533,426.8600798518371,5.758292872851024
147,30,580.3406917107185,47821,426.8600798518371,5.758292872851024
147,25,621.0347783688425,40101,426.8600798518371,5.758292872851024
147,20,865.4850406502925,32380,426.8600798518371,5.758292872851024
147,15,1024.367391481211,24660,426.8600798518371,5.758292872851024
147,10,1572.230092581917,16948,426.8600798518371,5.758292872851024
147,5,2457.9853555154527,9228,426.8600798518371,5.758292872851024
148,80,419.51237247470056,125000,419.51237247470056,5.841192877047817
148,75,423.55568030940833,117279,419.51237247470056,5.841192877047817
148,70,432.2119926015336,109567,419.51237247470056,5.841192877047817
148,65,438.3539843685309,101847,419.51237247470056,5.841192877047817
148,60,444.5177656165308,94126,419.51237247470056,5.841192877047817
148,55,449.9900141841281,86406,419.51237247470056,5.841192877047817
148,50,463.2727166965464,78694,419.51237247470056,5.841192877047817
148,45,500.6673649934551,70974,419.51237247470056,5.841192877047817
148,40,505.80280384209294,63253,419.51237247470056,5.841192877047817
148,35,512.7511853668872,55533,419.51237247470056,5.841192877047817
148,30,574.4430849390479,47821,419.51237247470056,5.841192877047817
148,25,614.0942505519113,40101,419.51237247470056,5.841192877047817
148,20,860.8065449191333,32380,419.51237247470056,5.841192877047817
148,15,1016.9031107102744,24660,419.51237247470056,5.841192877047817
148,10,1561.4697968021417,16948,419.51237247470056,5.841192877047817
148,5,2450.452681932652,9228,419.51237247470056,5.841192877047817
150,80,471.98909632358885,125000,471.98909632358885,5.2290437622524575
150,75,480.019072145788,117279,471.98909632358885,5.2290437622524575
150,70,491.96188625277097,109567,471.98909632358885,5.2290437622524575
150,65,494.3619010668576,101847,471.98909632358885,5.2290437622524575
150,60,503.6655238160061,94126,471.98909632358885,5.2290437622524575
150,55,511.7271134913973,86406,471.98909632358885,5.2290437622524575
150,50,524.8514035237882,78694,471.98909632358885,5.2290437622524575
150,45,563.5588977166454,70974,471.98909632358885,5.2290437622524575
150,40,567.2402600684521,63253,471.98909632358885,5.2290437622524575
150,35,573.5806149093805,55533,471.98909632358885,5.2290437622524575
150,30,633.6062040384537,47821,471.98909632358885,5.2290437622524575
150,25,668.616077972226,40101,471.98909632358885,5.2290437622524575
150,20,915.3906844623896,32380,471.98909632358885,5.2290437622524575
150,15,1069.0490481370507,24660,471.98909632358885,5.2290437622524575
150,10,1607.2111479806392,16948,471.98909632358885,5.2290437622524575
150,5,2468.0516399820367,9228,471.98909632358885,5.2290437622524575
151,80,492.776983764552,125000,492.776983764552,5.047927175710206
151,75,503.4161051917179,117279,492.776983764552,5.047927175710206
151,70,515.462781646266,109567,492.776983764552,5.047927175710206
151,65,517.2011914937781,101847,492.776983764552,5.047927175710206
151,60,527.3783249473881,94126,492.776983764552,5.047927175710206
151,55,537.1337661972706,86406,492.776983764552,5.047927175710206
151,50,549.5050264776702,78694,492.776983764552,5.047927175710206
151,45,590.4241835290043,70974,492.776983764552,5.047927175710206
151,40,594.6660926159477,63253,492.776983764552,5.047927175710206
151,35,598.707554041995,55533,492.776983764552,5.047927175710206
151,30,654.8307217108786,47821,492.776983764552,5.047927175710206
151,25,688.0773174744478,40101,492.776983764552,5.047927175710206
151,20,938.131302931715,32380,492.776983764552,5.047927175710206
151,15,1094.894314354033,24660,492.776983764552,5.047927175710206
151,10,1632.247729198847,16948,492.776983764552,5.047927175710206
151,5,2487.502327909589,9228,492.776983764552,5.047927175710206
153,80,1703.3999305432512,125000,1703.3999305432512,1.724884148773527
153,75,1718.2610105773658,117279,1703.3999305432512,1.724884148773527
153,70,1732.4263086708531,109567,1703.3999305432512,1.724884148773527
153,65,1755.5501651016348,101847,1703.3999305432512,1.724884148773527
153,60,1762.319973965685,94126,1703.3999305432512,1.724884148773527
153,55,1779.97952682371,86406,1703.3999305432512,1.724884148773527
153,50,1797.801228730567,78694,1703.3999305432512,1.724884148773527
153,45,1818.1641442935315,70974,1703.3999305432512,1.724884148773527
153,40,1832.0421386242945,63253,1703.3999305432512,1.724884148773527
153,35,1915.522680175526,55533,1703.3999305432512,1.724884148773527
153,30,1936.736889208139,47821,1703.3999305432512,1.724884148773527
153,25,1960.7466397739677,40101,1703.3999305432512,1.724884148773527
153,20,2038.186195523284,32380,1703.3999305432512,1.724884148773527
153,15,2129.8542061648445,24660,1703.3999305432512,1.724884148773527
153,10,2203.1521885887464,16948,1703.3999305432512,1.724884148773527
153,5,2938.167539215981,9228,1703.3999305432512,1.724884148773527
154,80,1490.0802628123918,125000,1490.0802628123918,1.9654061852790723
154,75,1495.2236336295143,117279,1490.0802628123918,1.9654061852790723
154,70,1515.6430009558856,109567,1490.0802628123918,1.9654061852790723
154,65,1519.584779832771,101847,1490.0802628123918,1.9654061852790723
154,60,1531.9771742036685,94126,1490.0802628123918,1.9654061852790723
154,55,1548.7942866920598,86406,1490.0802628123918,1.9654061852790723
154,50,1578.0909048155827,78694,1490.0802628123918,1.9654061852790723
154,45,1602.547755184281,70974,1490.0802628123918,1.9654061852790723
154,40,1612.788313448183,63253,1490.0802628123918,1.9654061852790723
154,35,1628.3056316053355,55533,1490.0802628123918,1.9654061852790723
154,30,1683.6994651560144,47821,1490.0802628123918,1.9654061852790723
154,25,1760.3284157276607,40101,1490.0802628123918,1.9654061852790723
154,20,1805.0918655171613,32380,1490.0802628123918,1.9654061852790723
154,15,1978.84680343009,24660,1490.0802628123918,1.9654061852790723
154,10,2157.5056588111947,16948,1490.0802628123918,1.9654061852790723
154,5,2928.6129650937405,9228,1490.0802628123918,1.9654061852790723
155,80,1465.6886438008553,125000,1465.6886438008553,1.858110470533288
155,75,1484.993594811759,117279,1465.6886438008553,1.858110470533288
155,70,1490.6294554027454,109567,1465.6886438008553,1.858110470533288
155,65,1510.3739905864309,101847,1465.6886438008553,1.858110470533288
155,60,1525.2581458737116,94126,1465.6886438008553,1.858110470533288
155,55,1539.0896424761452,86406,1465.6886438008553,1.858110470533288
155,50,1549.8675286725434,78694,1465.6886438008553,1.858110470533288
155,45,1580.4627445885897,70974,1465.6886438008553,1.858110470533288
155,40,1589.0848109181206,63253,1465.6886438008553,1.858110470533288
155,35,1632.2536623479302,55533,1465.6886438008553,1.858110470533288
155,30,1690.2190719351368,47821,1465.6886438008553,1.858110470533288
155,25,1756.6977456834752,40101,1465.6886438008553,1.858110470533288
155,20,1766.2161592760144,32380,1465.6886438008553,1.858110470533288
155,15,1895.2532160187852,24660,1465.6886438008553,1.858110470533288
155,10,2087.93590220993,16948,1465.6886438008553,1.858110470533288
155,5,2723.4114155881034,9228,1465.6886438008553,1.858110470533288
156,80,1442.954372553643,125000,1442.954372553643,1.7930897723780468
156,75,1476.3758563662827,117279,1442.954372553643,1.7930897723780468
156,70,1483.6649978536802,109567,1442.954372553643,1.7930897723780468
156,65,1528.5832496006026,101847,1442.954372553643,1.7930897723780468
156,60,1561.1572084865163,94126,1442.954372553643,1.7930897723780468
156,55,1589.6052077365885,86406,1442.954372553643,1.7930897723780468
156,50,1600.2914015412875,78694,1442.954372553643,1.7930897723780468
156,45,1669.068290581642,70974,1442.954372553643,1.7930897723780468
156,40,1688.0528027844805,63253,1442.954372553643,1.7930897723780468
156,35,1724.010764996941,55533,1442.954372553643,1.7930897723780468
156,30,1770.676703004725,47821,1442.954372553643,1.7930897723780468
156,25,1829.78165169038,40101,1442.954372553643,1.7930897723780468
156,20,1839.4927062721245,32380,1442.954372553643,1.7930897723780468
156,15,1919.4433500358248,24660,1442.954372553643,1.7930897723780468
156,10,2113.107582671967,16948,1442.954372553643,1.7930897723780468
156,5,2587.346727434119,9228,1442.954372553643,1.7930897723780468
157,80,1450.2910220647786,125000,1450.2910220647786,1.7516658202468245
157,75,1474.2439260404942,117279,1450.2910220647786,1.7516658202468245
157,70,1488.7154565745986,109567,1450.2910220647786,1.7516658202468245
157,65,1517.9731374517164,101847,1450.2910220647786,1.7516658202468245
157,60,1571.3868108668746,94126,1450.2910220647786,1.7516658202468245
157,55,1600.4886594456857,86406,1450.2910220647786,1.7516658202468245
157,50,1614.730035081248,78694,1450.2910220647786,1.7516658202468245
157,45,1666.4296733811543,70974,1450.2910220647786,1.7516658202468245
157,40,1715.0817947039377,63253,1450.2910220647786,1.7516658202468245
157,35,1744.9640013257076,55533,1450.2910220647786,1.7516658202468245
157,30,1796.409401590376,47821,1450.2910220647786,1.7516658202468245
157,25,1847.6992368161075,40101,1450.2910220647786,1.7516658202468245
157,20,1867.7599570974933,32380,1450.2910220647786,1.7516658202468245
157,15,1958.4102462054136,24660,1450.2910220647786,1.7516658202468245
157,10,2161.6950448700163,16948,1450.2910220647786,1.7516658202468245
157,5,2540.425212761706,9228,1450.2910220647786,1.7516658202468245
158,80,1461.6810433218925,125000,1461.6810433218925,1.759014671788707
158,75,1487.0766722805756,117279,1461.6810433218925,1.759014671788707
158,70,1501.7519876203748,109567,1461.6810433218925,1.759014671788707
158,65,1521.496260920974,101847,1461.6810433218925,1.759014671788707
158,60,1584.9495808894728,94126,1461.6810433218925,1.759014671788707
158,55,1608.7490272551372,86406,1461.6810433218925,1.759014671788707
158,50,1630.0311827729015,78694,1461.6810433218925,1.759014671788707
158,45,1645.809296829663,70974,1461.6810433218925,1.759014671788707
158,40,1723.0459098446688,63253,1461.6810433218925,1.759014671788707
158,35,1749.196135252788,55533,1461.6810433218925,1.759014671788707
158,30,1799.737782382902,47821,1461.6810433218925,1.759014671788707
158,25,1855.282948610696,40101,1461.6810433218925,1.759014671788707
158,20,1887.0521190255688,32380,1461.6810433218925,1.759014671788707
158,15,2002.1792986028915,24660,1461.6810433218925,1.759014671788707
158,10,2241.3332321148214,16948,1461.6810433218925,1.759014671788707
158,5,2571.118400678633,9228,1461.6810433218925,1.759014671788707
159,80,1513.1262392945496,125000,1513.1262392945496,1.777131048431537
159,75,1536.2906011041275,117279,1513.1262392945496,1.777131048431537
159,70,1556.8028507585811,109567,1513.1262392945496,1.777131048431537
159,65,1576.3005971566747,101847,1513.1262392945496,1.777131048431537
159,60,1613.070740041756,94126,1513.1262392945496,1.777131048431537
159,55,1646.9740277818314,86406,1513.1262392945496,1.777131048431537
159,50,1674.587179155484,78694,1513.1262392945496,1.777131048431537
159,45,1686.7375576343832,70974,1513.1262392945496,1.777131048431537
159,40,1764.5084328243354,63253,1513.1262392945496,1.777131048431537
159,35,1784.6635055927848,55533,1513.1262392945496,1.777131048431537
159,30,1828.692643954274,47821,1513.1262392945496,1.777131048431537
159,25,1886.367905692512,40101,1513.1262392945496,1.777131048431537
159,20,1923.4155548395663,32380,1513.1262392945496,1.777131048431537
159,15,2075.9155493340254,24660,1513.1262392945496,1.777131048431537
159,10,2360.6321628075784,16948,1513.1262392945496,1.777131048431537
159,5,2689.023620046792,9228,1513.1262392945496,1.777131048431537
160,80,1575.8665410836502,125000,1575.8665410836502,1.8081564676908093
160,75,1600.4559095203997,117279,1575.8665410836502,1.8081564676908093
160,70,1655.5075312111958,109567,1575.8665410836502,1.8081564676908093
160,65,1674.654061821897,101847,1575.8665410836502,1.8081564676908093
160,60,1699.9117007134926,94126,1575.8665410836502,1.8081564676908093
160,55,1739.234761726654,86406,1575.8665410836502,1.8081564676908093
160,50,1771.8309283042584,78694,1575.8665410836502,1.8081564676908093
160,45,1794.8036424322984,70974,1575.8665410836502,1.8081564676908093
160,40,1852.6153228729952,63253,1575.8665410836502,1.8081564676908093
160,35,1872.977729026897,55533,1575.8665410836502,1.8081564676908093
160,30,1903.7020376657752,47821,1575.8665410836502,1.8081564676908093
160,25,1949.012054688402,40101,1575.8665410836502,1.8081564676908093
160,20,1997.4903096551632,32380,1575.8665410836502,1.8081564676908093
160,15,2185.1695486296826,24660,1575.8665410836502,1.8081564676908093
160,10,2492.0295433788124,16948,1575.8665410836502,1.8081564676908093
160,5,2849.4132784779467,9228,1575.8665410836502,1.8081564676908093
161,80,1606.307356289375,125000,1606.307356289375,1.8663554252718
161,75,1646.7429604073468,117279,1606.307356289375,1.8663554252718
161,70,1717.844187825061,109567,1606.307356289375,1.8663554252718
161,65,1740.411907200368,101847,1606.307356289375,1.8663554252718
161,60,1776.3748611164774,94126,1606.307356289375,1.8663554252718
161,55,1813.171933464876,86406,1606.307356289375,1.8663554252718
161,50,1855.451034245704,78694,1606.307356289375,1.8663554252718
161,45,1892.123914391132,70974,1606.307356289375,1.8663554252718
161,40,1938.833511363143,63253,1606.307356289375,1.8663554252718
161,35,1964.832921636365,55533,1606.307356289375,1.8663554252718
161,30,2000.6242078736243,47821,1606.307356289375,1.8663554252718
161,25,2040.2651937133176,40101,1606.307356289375,1.8663554252718
161,20,2094.180183482531,32380,1606.307356289375,1.8663554252718
161,15,2302.4380268686477,24660,1606.307356289375,1.8663554252718
161,10,2593.5945333770983,16948,1606.307356289375,1.8663554252718
161,5,2997.940449064677,9228,1606.307356289375,1.8663554252718
162,80,1596.50067729827,125000,1596.50067729827,1.940698881042748
162,75,1643.5851912137955,117279,1596.50067729827,1.940698881042748
162,70,1713.6343015810785,109567,1596.50067729827,1.940698881042748
162,65,1748.9032298781292,101847,1596.50067729827,1.940698881042748
162,60,1791.447419252485,94126,1596.50067729827,1.940698881042748
162,55,1830.7783380649105,86406,1596.50067729827,1.940698881042748
162,50,1894.0780484747388,78694,1596.50067729827,1.940698881042748
162,45,1941.355744318484,70974,1596.50067729827,1.940698881042748
162,40,2003.7893564451456,63253,1596.50067729827,1.940698881042748
162,35,2036.2851942625325,55533,1596.50067729827,1.940698881042748
162,30,2093.8660423384345,47821,1596.50067729827,1.940698881042748
162,25,2138.75807042921,40101,1596.50067729827,1.940698881042748
162,20,2180.5819635244,32380,1596.50067729827,1.940698881042748
162,15,2393.0726830189897,24660,1596.50067729827,1.940698881042748
162,10,2662.917582411342,16948,1596.50067729827,1.940698881042748
162,5,3098.3270780167413,9228,1596.50067729827,1.940698881042748
163,80,1548.2019146286914,125000,1548.2019146286914,2.0308956014416246
163,75,1582.9276599596212,117279,1548.2019146286914,2.0308956014416246
163,70,1669.238545765748,109567,1548.2019146286914,2.0308956014416246
163,65,1734.6077595967545,101847,1548.2019146286914,2.0308956014416246
163,60,1775.0654333370994,94126,1548.2019146286914,2.0308956014416246
163,55,1850.97071460925,86406,1548.2019146286914,2.0308956014416246
163,50,1915.1928193554984,78694,1548.2019146286914,2.0308956014416246
163,45,1959.424132403484,70974,1548.2019146286914,2.0308956014416246
163,40,2035.7583546760543,63253,1548.2019146286914,2.0308956014416246
163,35,2066.137626778493,55533,1548.2019146286914,2.0308956014416246
163,30,2167.103437489189,47821,1548.2019146286914,2.0308956014416246
163,25,2231.877157276807,40101,1548.2019146286914,2.0308956014416246
163,20,2256.364208381887,32380,1548.2019146286914,2.0308956014416246
163,15,2456.674949874348,24660,1548.2019146286914,2.0308956014416246
163,10,2694.149114732076,16948,1548.2019146286914,2.0308956014416246
163,5,3144.236458562911,9228,1548.2019146286914,2.0308956014416246
164,80,1478.5949989080111,125000,1478.5949989080111,2.1094249448276567
164,75,1500.207681970384,117279,1478.5949989080111,2.1094249448276567
164,70,1583.27470987662,109567,1478.5949989080111,2.1094249448276567
164,65,1678.5662394697954,101847,1478.5949989080111,2.1094249448276567
164,60,1732.7540685564695,94126,1478.5949989080111,2.1094249448276567
164,55,1827.3664334333084,86406,1478.5949989080111,2.1094249448276567
164,50,1871.024873886832,78694,1478.5949989080111,2.1094249448276567
164,45,1887.1044293063449,70974,1478.5949989080111,2.1094249448276567
164,40,1943.283001139183,63253,1478.5949989080111,2.1094249448276567
164,35,1969.197652725297,55533,1478.5949989080111,2.1094249448276567
164,30,2120.316604447283,47821,1478.5949989080111,2.1094249448276567
164,25,2231.394376676418,40101,1478.5949989080111,2.1094249448276567
164,20,2243.7833129458486,32380,1478.5949989080111,2.1094249448276567
164,15,2434.6654723003526,24660,1478.5949989080111,2.1094249448276567
164,10,2633.3274590688748,16948,1478.5949989080111,2.1094249448276567
164,5,3118.9851739939813,9228,1478.5949989080111,2.1094249448276567
165,80,1469.6620301948908,125000,1469.6620301948908,2.147320805805152
165,75,1486.745041706156,117279,1469.6620301948908,2.147320805805152
165,70,1568.5731870107538,109567,1469.6620301948908,2.147320805805152
165,65,1653.5154414617652,101847,1469.6620301948908,2.147320805805152
165,60,1710.8611260815155,94126,1469.6620301948908,2.147320805805152
165,55,1779.9885726684383,86406,1469.6620301948908,2.147320805805152
165,50,1806.953187322231,78694,1469.6620301948908,2.147320805805152
165,45,1815.775683465317,70974,1469.6620301948908,2.147320805805152
165,40,1873.195172868264,63253,1469.6620301948908,2.147320805805152
165,35,1908.924505189265,55533,1469.6620301948908,2.147320805805152
165,30,2079.922176815955,47821,1469.6620301948908,2.147320805805152
165,25,2244.7513850159103,40101,1469.6620301948908,2.147320805805152
165,20,2271.615439168732,32380,1469.6620301948908,2.147320805805152
165,15,2409.193674847287,24660,1469.6620301948908,2.147320805805152
165,10,2580.4752921082454,16948,1469.6620301948908,2.147320805805152
165,5,3155.8358549393283,9228,1469.6620301948908,2.147320805805152
166,80,1563.4624709640882,125000,1563.4624709640882,2.0626366441540918
166,75,1583.0425816041884,117279,1563.4624709640882,2.0626366441540918
166,70,1666.5919251589262,109567,1563.4624709640882,2.0626366441540918
166,65,1744.400733754674,101847,1563.4624709640882,2.0626366441540918
166,60,1789.8074464361068,94126,1563.4624709640882,2.0626366441540918
166,55,1832.1252063661336,86406,1563.4624709640882,2.0626366441540918
166,50,1857.726320859478,78694,1563.4624709640882,2.0626366441540918
166,45,1876.048406219098,70974,1563.4624709640882,2.0626366441540918
166,40,1935.420421157972,63253,1563.4624709640882,2.0626366441540918
166,35,1969.8048404989188,55533,1563.4624709640882,2.0626366441540918
166,30,2122.720902047215,47821,1563.4624709640882,2.0626366441540918
166,25,2342.2554758143983,40101,1563.4624709640882,2.0626366441540918
166,20,2381.7894021318184,32380,1563.4624709640882,2.0626366441540918
166,15,2549.791850566121,24660,1563.4624709640882,2.0626366441540918
166,10,2686.253244620848,16948,1563.4624709640882,2.0626366441540918
166,5,3224.8549843702303,9228,1563.4624709640882,2.0626366441540918
167,80,1468.6397181132147,125000,1468.6397181132147,2.1363303034067536
167,75,1485.7948646215218,117279,1468.6397181132147,2.1363303034067536
167,70,1573.8184643609432,109567,1468.6397181132147,2.1363303034067536
167,65,1648.84702594324,101847,1468.6397181132147,2.1363303034067536
167,60,1692.5350626938225,94126,1468.6397181132147,2.1363303034067536
167,55,1725.5198354313584,86406,1468.6397181132147,2.1363303034067536
167,50,1747.7731071625942,78694,1468.6397181132147,2.1363303034067536
167,45,1772.746439401022,70974,1468.6397181132147,2.1363303034067536
167,40,1832.897845541348,63253,1468.6397181132147,2.1363303034067536
167,35,1883.5705350081107,55533,1468.6397181132147,2.1363303034067536
167,30,2040.3365491873408,47821,1468.6397181132147,2.1363303034067536
167,25,2253.825913912455,40101,1468.6397181132147,2.1363303034067536
167,20,2304.5827560853386,32380,1468.6397181132147,2.1363303034067536
167,15,2469.093391683734,24660,1468.6397181132147,2.1363303034067536
167,10,2590.7575668732084,16948,1468.6397181132147,2.1363303034067536
167,5,3137.4995345920133,9228,1468.6397181132147,2.1363303034067536
168,80,1143.839258482468,125000,1143.839258482468,2.672958173974617
168,75,1165.55615390809,117279,1143.839258482468,2.672958173974617
168,70,1313.2570530626977,109567,1143.839258482468,2.672958173974617
168,65,1393.7246377570707,101847,1143.839258482468,2.672958173974617
168,60,1460.484143902332,94126,1143.839258482468,2.672958173974617
168,55,1512.9290933865502,86406,1143.839258482468,2.672958173974617
168,50,1544.287392568824,78694,1143.839258482468,2.672958173974617
168,45,1558.740383577913,70974,1143.839258482468,2.672958173974617
168,40,1638.6587979542385,63253,1143.839258482468,2.672958173974617
168,35,1721.3727057607489,55533,1143.839258482468,2.672958173974617
168,30,1931.6518907926647,47821,1143.839258482468,2.672958173974617
168,25,2126.185285335885,40101,1143.839258482468,2.672958173974617
168,20,2193.3058699929143,32380,1143.839258482468,2.672958173974617
168,15,2367.0707595210465,24660,1143.839258482468,2.672958173974617
168,10,2482.5201154659017,16948,1143.839258482468,2.672958173974617
168,5,3057.4344956737777,9228,1143.839258482468,2.672958173974617
169,80,737.5172968111895,125000,737.5172968111895,4.032983530683652
169,75,750.4490524375037,117279,737.5172968111895,4.032983530683652
169,70,993.0236417883888,109567,737.5172968111895,4.032983530683652
169,65,1080.243959585429,101847,737.5172968111895,4.032983530683652
169,60,1174.6031777436997,94126,737.5172968111895,4.032983530683652
169,55,1273.4246767144134,86406,737.5172968111895,4.032983530683652
169,50,1324.786636547664,78694,737.5172968111895,4.032983530683652
169,45,1348.6745809997535,70974,737.5172968111895,4.032983530683652
169,40,1470.0217373515643,63253,737.5172968111895,4.032983530683652
169,35,1574.412923795004,55533,737.5172968111895,4.032983530683652
169,30,1836.1736596380167,47821,737.5172968111895,4.032983530683652
169,25,1997.636600787668,40101,737.5172968111895,4.032983530683652
169,20,2079.203503651316,32380,737.5172968111895,4.032983530683652
169,15,2263.5886286356254,24660,737.5172968111895,4.032983530683652
169,10,2374.2627663316966,16948,737.5172968111895,4.032983530683652
169,5,2974.395111633854,9228,737.5172968111895,4.032983530683652
171,80,620.5978966088429,125000,620.5978966088429,4.40130271861688
171,75,634.2272848072673,117279,620.5978966088429,4.40130271861688
171,70,843.4761433453367,109567,620.5978966088429,4.40130271861688
171,65,902.1058775837276,101847,620.5978966088429,4.40130271861688
171,60,964.8056074453076,94126,620.5978966088429,4.40130271861688
171,55,1104.0161257526752,86406,620.5978966088429,4.40130271861688
171,50,1151.0255104968865,78694,620.5978966088429,4.40130271861688
171,45,1175.7187760519291,70974,620.5978966088429,4.40130271861688
171,40,1313.3092028373717,63253,620.5978966088429,4.40130271861688
171,35,1442.9542522732122,55533,620.5978966088429,4.40130271861688
171,30,1662.5550533994856,47821,620.5978966088429,4.40130271861688
171,25,1798.2646897346954,40101,620.5978966088429,4.40130271861688
171,20,1890.7824000563617,32380,620.5978966088429,4.40130271861688
171,15,2015.7915719878567,24660,620.5978966088429,4.40130271861688
171,10,2116.176886026824,16948,620.5978966088429,4.40130271861688
171,5,2731.4392095124176,9228,620.5978966088429,4.40130271861688
172,80,1035.1631252591883,125000,1035.1631252591883,2.280845503474656
172,75,1051.111121942328,117279,1035.1631252591883,2.280845503474656
172,70,1105.9451873407993,109567,1035.1631252591883,2.280845503474656
172,65,1138.0597699277023,101847,1035.1631252591883,2.280845503474656
172,60,1181.4951780426672,94126,1035.1631252591883,2.280845503474656
172,55,1190.8771778301734,86406,1035.1631252591883,2.280845503474656
172,50,1207.5352183558932,78694,1035.1631252591883,2.280845503474656
172,45,1239.918585737601,70974,1035.1631252591883,2.280845503474656
172,40,1263.8082317740598,63253,1035.1631252591883,2.280845503474656
172,35,1318.5886523926888,55533,1035.1631252591883,2.280845503474656
172,30,1426.858524214441,47821,1035.1631252591883,2.280845503474656
172,25,1489.0194902455844,40101,1035.1631252591883,2.280845503474656
172,20,1545.7517517076203,32380,1035.1631252591883,2.280845503474656
172,15,1673.2433126036417,24660,1035.1631252591883,2.280845503474656
172,10,1835.315385263434,16948,1035.1631252591883,2.280845503474656
172,5,2361.047159610192,9228,1035.1631252591883,2.280845503474656
173,80,981.3029807742524,125000,981.3029807742524,1.7307775771217226
173,75,1005.8081773035487,117279,981.3029807742524,1.7307775771217226
173,70,1046.114722697942,109567,981.3029807742524,1.7307775771217226
173,65,1059.686333280392,101847,981.3029807742524,1.7307775771217226
173,60,1066.2156517403728,94126,981.3029807742524,1.7307775771217226
173,55,1074.8478234430252,86406,981.3029807742524,1.7307775771217226
173,50,1080.9859522637892,78694,981.3029807742524,1.7307775771217226
173,45,1116.0461398813832,70974,981.3029807742524,1.7307775771217226
173,40,1151.874248322075,63253,981.3029807742524,1.7307775771217226
173,35,1208.1602507445289,55533,981.3029807742524,1.7307775771217226
173,30,1251.6449832449025,47821,981.3029807742524,1.7307775771217226
173,25,1293.8546236739207,40101,981.3029807742524,1.7307775771217226
173,20,1304.2460710029409,32380,981.3029807742524,1.7307775771217226
173,15,1353.4307423087514,24660,981.3029807742524,1.7307775771217226
173,10,1501.07972132299,16948,981.3029807742524,1.7307775771217226
173,5,1698.4171954867847,9228,981.3029807742524,1.7307775771217226
176,80,1984.9228179188951,125000,1984.9228179188951,1.5040258569256326
176,75,2002.5656885139904,117279,1984.9228179188951,1.5040258569256326
176,70,2010.7188867027048,109567,1984.9228179188951,1.5040258569256326
176,65,2038.9905074339936,101847,1984.9228179188951,1.5040258569256326
176,60,2062.627671923574,94126,1984.9228179188951,1.5040258569256326
176,55,2080.563034862053,86406,1984.9228179188951,1.5040258569256326
176,50,2252.793750762736,78694,1984.9228179188951,1.5040258569256326
176,45,2268.6963662534017,70974,1984.9228179188951,1.5040258569256326
176,40,2291.7445618367747,63253,1984.9228179188951,1.5040258569256326
176,35,2369.754710584873,55533,1984.9228179188951,1.5040258569256326
176,30,2454.8589829639263,47821,1984.9228179188951,1.5040258569256326
176,25,2500.062900391528,40101,1984.9228179188951,1.5040258569256326
176,20,2557.9812406253523,32380,1984.9228179188951,1.5040258569256326
176,15,2585.52875732272,24660,1984.9228179188951,1.5040258569256326
176,10,2738.0173435527745,16948,1984.9228179188951,1.5040258569256326
176,5,2985.375242151708,9228,1984.9228179188951,1.5040258569256326
177,80,2117.4442076067708,125000,2117.4442076067708,1.4766904773340752
177,75,2138.930439719624,117279,2117.4442076067708,1.4766904773340752
177,70,2173.768476850684,109567,2117.4442076067708,1.4766904773340752
177,65,2196.043859126064,101847,2117.4442076067708,1.4766904773340752
177,60,2271.727011475873,94126,2117.4442076067708,1.4766904773340752
177,55,2290.8227367431978,86406,2117.4442076067708,1.4766904773340752
177,50,2337.5912612287507,78694,2117.4442076067708,1.4766904773340752
177,45,2421.315437813645,70974,2117.4442076067708,1.4766904773340752
177,40,2528.637457013236,63253,2117.4442076067708,1.4766904773340752
177,35,2579.880186234263,55533,2117.4442076067708,1.4766904773340752
177,30,2635.3687018631385,47821,2117.4442076067708,1.4766904773340752
177,25,2672.7218749674894,40101,2117.4442076067708,1.4766904773340752
177,20,2702.890167603162,32380,2117.4442076067708,1.4766904773340752
177,15,2750.7344720381648,24660,2117.4442076067708,1.4766904773340752
177,10,2972.9346169133387,16948,2117.4442076067708,1.4766904773340752
177,5,3126.809697659115,9228,2117.4442076067708,1.4766904773340752
179,80,941.4207555575229,125000,941.4207555575229,2.325136455210123
179,75,954.2543009296774,117279,941.4207555575229,2.325136455210123
179,70,977.7556522613746,109567,941.4207555575229,2.325136455210123
179,65,985.1108887540436,101847,941.4207555575229,2.325136455210123
179,60,994.2660061988192,94126,941.4207555575229,2.325136455210123
179,55,1023.7032373536308,86406,941.4207555575229,2.325136455210123
179,50,1039.4176914383895,78694,941.4207555575229,2.325136455210123
179,45,1060.9982090880649,70974,941.4207555575229,2.325136455210123
179,40,1125.263307870915,63253,941.4207555575229,2.325136455210123
179,35,1180.116938235563,55533,941.4207555575229,2.325136455210123
179,30,1231.406964266493,47821,941.4207555575229,2.325136455210123
179,25,1256.0183717082446,40101,941.4207555575229,2.325136455210123
179,20,1260.711342356013,32380,941.4207555575229,2.325136455210123
179,15,1437.6993996362537,24660,941.4207555575229,2.325136455210123
179,10,1825.7621056979808,16948,941.4207555575229,2.325136455210123
179,5,2188.9317184382544,9228,941.4207555575229,2.325136455210123
180,80,976.7672536847894,125000,976.7672536847894,2.370070854085536
180,75,983.0226350980004,117279,976.7672536847894,2.370070854085536
180,70,1007.9462039185124,109567,976.7672536847894,2.370070854085536
180,65,1020.8109948577146,101847,976.7672536847894,2.370070854085536
180,60,1058.5938786845377,94126,976.7672536847894,2.370070854085536
180,55,1064.7995456889334,86406,976.7672536847894,2.370070854085536
180,50,1098.5038213018202,78694,976.7672536847894,2.370070854085536
180,45,1110.5925103486295,70974,976.7672536847894,2.370070854085536
180,40,1156.4173087106835,63253,976.7672536847894,2.370070854085536
180,35,1227.4484489870622,55533,976.7672536847894,2.370070854085536
180,30,1254.6679431443758,47821,976.7672536847894,2.370070854085536
180,25,1341.2374858223618,40101,976.7672536847894,2.370070854085536
180,20,1406.046595750635,32380,976.7672536847894,2.370070854085536
180,15,1825.1519406149428,24660,976.7672536847894,2.370070854085536
180,10,2116.762935082783,16948,976.7672536847894,2.370070854085536
180,5,2315.0075991834924,9228,976.7672536847894,2.370070854085536
181,80,907.8934817411898,125000,907.8934817411898,2.359311330294981
181,75,929.3778897378892,117279,907.8934817411898,2.359311330294981
181,70,961.9198123289216,109567,907.8934817411898,2.359311330294981
181,65,977.508233967128,101847,907.8934817411898,2.359311330294981
181,60,1018.6565544977024,94126,907.8934817411898,2.359311330294981
181,55,1036.638788575944,86406,907.8934817411898,2.359311330294981
181,50,1056.3034066691455,78694,907.8934817411898,2.359311330294981
181,45,1095.1063561095625,70974,907.8934817411898,2.359311330294981
181,40,1146.8271454271865,63253,907.8934817411898,2.359311330294981
181,35,1219.2584241046266,55533,907.8934817411898,2.359311330294981
181,30,1246.917028006937,47821,907.8934817411898,2.359311330294981
181,25,1404.651353920898,40101,907.8934817411898,2.359311330294981
181,20,1474.3050861968445,32380,907.8934817411898,2.359311330294981
181,15,1816.9746455837344,24660,907.8934817411898,2.359311330294981
181,10,1975.297195310162,16948,907.8934817411898,2.359311330294981
181,5,2142.0033781729485,9228,907.8934817411898,2.359311330294981
182,80,888.3859540011979,125000,888.3859540011979,2.182667177866083
182,75,909.4016171116645,117279,888.3859540011979,2.182667177866083
182,70,949.1975295384068,109567,888.3859540011979,2.182667177866083
182,65,958.9358548400436,101847,888.3859540011979,2.182667177866083
182,60,988.013826422462,94126,888.3859540011979,2.182667177866083
182,55,1018.7024923337884,86406,888.3859540011979,2.182667177866083
182,50,1033.820666696795,78694,888.3859540011979,2.182667177866083
182,45,1060.840995366719,70974,888.3859540011979,2.182667177866083
182,40,1095.2223516295085,63253,888.3859540011979,2.182667177866083
182,35,1182.0768315959297,55533,888.3859540011979,2.182667177866083
182,30,1203.0588670881446,47821,888.3859540011979,2.182667177866083
182,25,1372.70516843227,40101,888.3859540011979,2.182667177866083
182,20,1423.5574743258385,32380,888.3859540011979,2.182667177866083
182,15,1690.0819501411302,24660,888.3859540011979,2.182667177866083
182,10,1775.265388861601,16948,888.3859540011979,2.182667177866083
182,5,1939.0508630756624,9228,888.3859540011979,2.182667177866083
183,80,747.2608941889603,125000,747.2608941889603,2.381690712832075
183,75,781.9911611590644,117279,747.2608941889603,2.381690712832075
183,70,817.6041199010225,109567,747.2608941889603,2.381690712832075
183,65,828.8103766258043,101847,747.2608941889603,2.381690712832075
183,60,846.8332616778065,94126,747.2608941889603,2.381690712832075
183,55,892.0934483041946,86406,747.2608941889603,2.381690712832075
183,50,899.6387288983358,78694,747.2608941889603,2.381690712832075
183,45,929.8190746927276,70974,747.2608941889603,2.381690712832075
183,40,958.4606170318134,63253,747.2608941889603,2.381690712832075
183,35,1073.5199133493222,55533,747.2608941889603,2.381690712832075
183,30,1084.2871904061622,47821,747.2608941889603,2.381690712832075
183,25,1268.9204991180457,40101,747.2608941889603,2.381690712832075
183,20,1311.0343073081028,32380,747.2608941889603,2.381690712832075
183,15,1528.8607809819823,24660,747.2608941889603,2.381690712832075
183,10,1597.906896518742,16948,747.2608941889603,2.381690712832075
183,5,1779.7443317524387,9228,747.2608941889603,2.381690712832075
185,80,638.8790276547296,125000,638.8790276547296,2.458603570068981
185,75,662.5691745215962,117279,638.8790276547296,2.458603570068981
185,70,683.4178575551597,109567,638.8790276547296,2.458603570068981
185,65,719.0091957159841,101847,638.8790276547296,2.458603570068981
185,60,734.2168919335052,94126,638.8790276547296,2.458603570068981
185,55,775.6314157273694,86406,638.8790276547296,2.458603570068981
185,50,779.1909174798215,78694,638.8790276547296,2.458603570068981
185,45,796.4363306508658,70974,638.8790276547296,2.458603570068981
185,40,812.9011723070716,63253,638.8790276547296,2.458603570068981
185,35,904.709468008823,55533,638.8790276547296,2.458603570068981
185,30,913.4061898240184,47821,638.8790276547296,2.458603570068981
185,25,1098.3275317572902,40101,638.8790276547296,2.458603570068981
185,20,1132.9804492143037,32380,638.8790276547296,2.458603570068981
185,15,1263.858694770993,24660,638.8790276547296,2.458603570068981
185,10,1321.758657934122,16948,638.8790276547296,2.458603570068981
185,5,1570.7502582341172,9228,638.8790276547296,2.458603570068981
186,80,661.9150655977202,125000,661.9150655977202,2.321452425081752
186,75,676.0036233446333,117279,661.9150655977202,2.321452425081752
186,70,690.1359914575659,109567,661.9150655977202,2.321452425081752
186,65,726.3213363892118,101847,661.9150655977202,2.321452425081752
186,60,740.0403969971444,94126,661.9150655977202,2.321452425081752
186,55,770.996229036491,86406,661.9150655977202,2.321452425081752
186,50,776.4761303139055,78694,661.9150655977202,2.321452425081752
186,45,795.4473214397476,70974,661.9150655977202,2.321452425081752
186,40,807.2064763541987,63253,661.9150655977202,2.321452425081752
186,35,873.0350531796386,55533,661.9150655977202,2.321452425081752
186,30,882.7376072826619,47821,661.9150655977202,2.321452425081752
186,25,1036.2612937085862,40101,661.9150655977202,2.321452425081752
186,20,1067.1645575303105,32380,661.9150655977202,2.321452425081752
186,15,1177.6762303350677,24660,661.9150655977202,2.321452425081752
186,10,1243.491782674968,16948,661.9150655977202,2.321452425081752
186,5,1536.6043342299745,9228,661.9150655977202,2.321452425081752
187,80,601.4841515423232,125000,601.4841515423232,2.537893563880306
187,75,613.2531697620374,117279,601.4841515423232,2.537893563880306
187,70,627.3253188754302,109567,601.4841515423232,2.537893563880306
187,65,666.4121902004396,101847,601.4841515423232,2.537893563880306
187,60,681.6100812325176,94126,601.4841515423232,2.537893563880306
187,55,712.7685963426158,86406,601.4841515423232,2.537893563880306
187,50,720.010144469956,78694,601.4841515423232,2.537893563880306
187,45,746.1613067941231,70974,601.4841515423232,2.537893563880306
187,40,759.7464291026592,63253,601.4841515423232,2.537893563880306
187,35,808.0552845809491,55533,601.4841515423232,2.537893563880306
187,30,819.4024159235394,47821,601.4841515423232,2.537893563880306
187,25,951.9656058800596,40101,601.4841515423232,2.537893563880306
187,20,984.2291971933934,32380,601.4841515423232,2.537893563880306
187,15,1098.3846746906827,24660,601.4841515423232,2.537893563880306
187,10,1188.0471709138485,16948,601.4841515423232,2.537893563880306
187,5,1526.5027569752683,9228,601.4841515423232,2.537893563880306
189,80,582.043606936815,125000,582.043606936815,2.682051287345507
189,75,592.6037415235603,117279,582.043606936815,2.682051287345507
189,70,607.070938628375,109567,582.043606936815,2.682051287345507
189,65,628.1897454274605,101847,582.043606936815,2.682051287345507
189,60,647.9389024855512,94126,582.043606936815,2.682051287345507
189,55,676.5365155814753,86406,582.043606936815,2.682051287345507
189,50,682.3745992892613,78694,582.043606936815,2.682051287345507
189,45,704.9298751476097,70974,582.043606936815,2.682051287345507
189,40,723.5279254598107,63253,582.043606936815,2.682051287345507
189,35,749.7471912232741,55533,582.043606936815,2.682051287345507
189,30,770.7548601227181,47821,582.043606936815,2.682051287345507
189,25,860.8194815786796,40101,582.043606936815,2.682051287345507
189,20,886.3587899619356,32380,582.043606936815,2.682051287345507
189,15,1025.842242982151,24660,582.043606936815,2.682051287345507
189,10,1142.121339477159,16948,582.043606936815,2.682051287345507
189,5,1561.0708052761067,9228,582.043606936815,2.682051287345507
190,80,622.6195992760934,125000,622.6195992760934,2.6032926793092157
190,75,632.1391120480779,117279,622.6195992760934,2.6032926793092157
190,70,644.8653416792152,109567,622.6195992760934,2.6032926793092157
190,65,656.4378853924213,101847,622.6195992760934,2.6032926793092157
190,60,676.2212658952988,94126,622.6195992760934,2.6032926793092157
190,55,692.885371149325,86406,622.6195992760934,2.6032926793092157
190,50,698.2756093872665,78694,622.6195992760934,2.6032926793092157
190,45,719.7065023352985,70974,622.6195992760934,2.6032926793092157
190,40,745.1484966917448,63253,622.6195992760934,2.6032926793092157
190,35,763.2784521189303,55533,622.6195992760934,2.6032926793092157
190,30,786.4491382133905,47821,622.6195992760934,2.6032926793092157
190,25,861.1230662306119,40101,622.6195992760934,2.6032926793092157
190,20,874.530745150531,32380,622.6195992760934,2.6032926793092157
190,15,1036.9991644299116,24660,622.6195992760934,2.6032926793092157
190,10,1151.3129980030253,16948,622.6195992760934,2.6032926793092157
190,5,1620.8610447898911,9228,622.6195992760934,2.6032926793092157
191,80,585.9374012110975,125000,585.9374012110975,2.8657157208682014
191,75,592.606246615585,117279,585.9374012110975,2.8657157208682014
191,70,605.093876775491,109567,585.9374012110975,2.8657157208682014
191,65,610.1211173700035,101847,585.9374012110975,2.8657157208682014
191,60,628.4545841600244,94126,585.9374012110975,2.8657157208682014
191,55,639.3064285035915,86406,585.9374012110975,2.8657157208682014
191,50,651.3668152186746,78694,585.9374012110975,2.8657157208682014
191,45,678.7869580893271,70974,585.9374012110975,2.8657157208682014
191,40,714.8682450189449,63253,585.9374012110975,2.8657157208682014
191,35,726.4318519920758,55533,585.9374012110975,2.8657157208682014
191,30,749.8180016280452,47821,585.9374012110975,2.8657157208682014
191,25,837.0103717299356,40101,585.9374012110975,2.8657157208682014
191,20,845.8873775554752,32380,585.9374012110975,2.8657157208682014
191,15,1044.5109819700292,24660,585.9374012110975,2.8657157208682014
191,10,1158.2763977195066,16948,585.9374012110975,2.8657157208682014
191,5,1679.1300220953008,9228,585.9374012110975,2.8657157208682014
193,80,447.7127864516213,125000,447.7127864516213,4.123563036434534
193,75,459.7254604831833,117279,447.7127864516213,4.123563036434534
193,70,473.0528820407184,109567,447.7127864516213,4.123563036434534
193,65,476.7050610230543,101847,447.7127864516213,4.123563036434534
193,60,500.7439100334636,94126,447.7127864516213,4.123563036434534
193,55,505.92330369870064,86406,447.7127864516213,4.123563036434534
193,50,541.0460673133687,78694,447.7127864516213,4.123563036434534
193,45,582.2572070401155,70974,447.7127864516213,4.123563036434534
193,40,616.6011236355906,63253,447.7127864516213,4.123563036434534
193,35,621.0753478734262,55533,447.7127864516213,4.123563036434534
193,30,660.937804577,47821,447.7127864516213,4.123563036434534
193,25,808.103281444187,40101,447.7127864516213,4.123563036434534
193,20,832.0383110438568,32380,447.7127864516213,4.123563036434534
193,15,1121.604088801843,24660,447.7127864516213,4.123563036434534
193,10,1232.6040744393138,16948,447.7127864516213,4.123563036434534
193,5,1846.1718971510136,9228,447.7127864516213,4.123563036434534
195,80,367.44685303149225,125000,367.44685303149225,5.509557422065526
195,75,400.77789424483353,117279,367.44685303149225,5.509557422065526
195,70,414.5300554856905,109567,367.44685303149225,5.509557422065526
195,65,427.95257177593993,101847,367.44685303149225,5.509557422065526
195,60,473.86419514591074,94126,367.44685303149225,5.509557422065526
195,55,487.3535298068352,86406,367.44685303149225,5.509557422065526
195,50,538.465896017618,78694,367.44685303149225,5.509557422065526
195,45,574.3432388874072,70974,367.44685303149225,5.509557422065526
195,40,604.2871123374972,63253,367.44685303149225,5.509557422065526
195,35,607.8212041570797,55533,367.44685303149225,5.509557422065526
195,30,659.9576108824388,47821,367.44685303149225,5.509557422065526
195,25,871.1868059114702,40101,367.44685303149225,5.509557422065526
195,20,912.1263776476172,32380,367.44685303149225,5.509557422065526
195,15,1248.375760838264,24660,367.44685303149225,5.509557422065526
195,10,1333.0126186195123,16948,367.44685303149225,5.509557422065526
195,5,2024.4695363342785,9228,367.44685303149225,5.509557422065526
197,80,505.82138434418783,125000,505.82138434418783,4.195299991762435
197,75,530.9839791938122,117279,505.82138434418783,4.195299991762435
197,70,541.4470527405451,109567,505.82138434418783,4.195299991762435
197,65,558.9907648378858,101847,505.82138434418783,4.195299991762435
197,60,606.4872612241574,94126,505.82138434418783,4.195299991762435
197,55,626.9235480225385,86406,505.82138434418783,4.195299991762435
197,50,670.352408293757,78694,505.82138434418783,4.195299991762435
197,45,701.297232291286,70974,505.82138434418783,4.195299991762435
197,40,724.0278874098639,63253,505.82138434418783,4.195299991762435
197,35,727.27868834707,55533,505.82138434418783,4.195299991762435
197,30,761.7815184046001,47821,505.82138434418783,4.195299991762435
197,25,953.5218619121016,40101,505.82138434418783,4.195299991762435
197,20,998.6551815963796,32380,505.82138434418783,4.195299991762435
197,15,1328.4402069984526,24660,505.82138434418783,4.195299991762435
197,10,1399.5016567367722,16948,505.82138434418783,4.195299991762435
197,5,2122.072449572435,9228,505.82138434418783,4.195299991762435
198,80,656.4299486146365,125000,656.4299486146365,3.349064525264936
198,75,676.8870127904919,117279,656.4299486146365,3.349064525264936
198,70,683.9505720676242,109567,656.4299486146365,3.349064525264936
198,65,695.1161401938397,101847,656.4299486146365,3.349064525264936
198,60,743.5280061490027,94126,656.4299486146365,3.349064525264936
198,55,766.0762851268584,86406,656.4299486146365,3.349064525264936
198,50,799.3479912808037,78694,656.4299486146365,3.349064525264936
198,45,825.6600137256708,70974,656.4299486146365,3.349064525264936
198,40,839.8406040176335,63253,656.4299486146365,3.349064525264936
198,35,842.9522045561828,55533,656.4299486146365,3.349064525264936
198,30,865.6414575552345,47821,656.4299486146365,3.349064525264936
198,25,1029.4345954244063,40101,656.4299486146365,3.349064525264936
198,20,1075.489036800265,32380,656.4299486146365,3.349064525264936
198,15,1383.484175030777,24660,656.4299486146365,3.349064525264936
198,10,1448.4193593981536,16948,656.4299486146365,3.349064525264936
198,5,2198.4262542267634,9228,656.4299486146365,3.349064525264936
199,80,951.70343782892,125000,951.70343782892,2.5535311319484832
199,75,969.2215010887522,117279,951.70343782892,2.5535311319484832
199,70,975.6032737208236,109567,951.70343782892,2.5535311319484832
199,65,988.6835259783916,101847,951.70343782892,2.5535311319484832
199,60,1016.1249923548252,94126,951.70343782892,2.5535311319484832
199,55,1044.3376993696868,86406,951.70343782892,2.5535311319484832
199,50,1072.717084822826,78694,951.70343782892,2.5535311319484832
199,45,1090.6767182775302,70974,951.70343782892,2.5535311319484832
199,40,1092.9400937586545,63253,951.70343782892,2.5535311319484832
199,35,1100.4514804612434,55533,951.70343782892,2.5535311319484832
199,30,1115.8869869827492,47821,951.70343782892,2.5535311319484832
199,25,1200.1089288749206,40101,951.70343782892,2.5535311319484832
199,20,1236.391774112695,32380,951.70343782892,2.5535311319484832
199,15,1506.669530637389,24660,951.70343782892,2.5535311319484832
199,10,1552.9889936568195,16948,951.70343782892,2.5535311319484832
199,5,2430.204356878545,9228,951.70343782892,2.5535311319484832
200,80,1122.7996018461529,125000,1122.7996018461529,2.4707667727421585
200,75,1128.6256721293948,117279,1122.7996018461529,2.4707667727421585
200,70,1146.683128517664,109567,1122.7996018461529,2.4707667727421585
200,65,1160.7584769377906,101847,1122.7996018461529,2.4707667727421585
200,60,1176.67737009984,94126,1122.7996018461529,2.4707667727421585
200,55,1184.856246673189,86406,1122.7996018461529,2.4707667727421585
200,50,1202.3712680946485,78694,1122.7996018461529,2.4707667727421585
200,45,1213.2481888216892,70974,1122.7996018461529,2.4707667727421585
200,40,1233.9229672528895,63253,1122.7996018461529,2.4707667727421585
200,35,1248.553141072006,55533,1122.7996018461529,2.4707667727421585
200,30,1325.6658349760376,47821,1122.7996018461529,2.4707667727421585
200,25,1355.6754719972396,40101,1122.7996018461529,2.4707667727421585
200,20,1559.220684386864,32380,1122.7996018461529,2.4707667727421585
200,15,1713.833977002803,24660,1122.7996018461529,2.4707667727421585
200,10,1786.7368076025243,16948,1122.7996018461529,2.4707667727421585
200,5,2774.175948689599,9228,1122.7996018461529,2.4707667727421585
201,80,1227.0569059247637,125000,1227.0569059247637,2.374156312593084
201,75,1242.6549290297603,117279,1227.0569059247637,2.374156312593084
201,70,1252.1258559580217,109567,1227.0569059247637,2.374156312593084
201,65,1274.530692226855,101847,1227.0569059247637,2.374156312593084
201,60,1308.442015992399,94126,1227.0569059247637,2.374156312593084
201,55,1316.9608374145666,86406,1227.0569059247637,2.374156312593084
201,50,1325.549793963884,78694,1227.0569059247637,2.374156312593084
201,45,1345.0804936686054,70974,1227.0569059247637,2.374156312593084
201,40,1357.9285166167424,63253,1227.0569059247637,2.374156312593084
201,35,1384.5086116625428,55533,1227.0569059247637,2.374156312593084
201,30,1474.5928473711183,47821,1227.0569059247637,2.374156312593084
201,25,1508.0483042045396,40101,1227.0569059247637,2.374156312593084
201,20,1647.6723407670418,32380,1227.0569059247637,2.374156312593084
201,15,1842.2145250488247,24660,1227.0569059247637,2.374156312593084
201,10,2042.6210424811372,16948,1227.0569059247637,2.374156312593084
201,5,2913.224899112216,9228,1227.0569059247637,2.374156312593084
202,80,1908.727607252256,125000,1908.727607252256,1.7381356598902462
202,75,1920.4237492029888,117279,1908.727607252256,1.7381356598902462
202,70,1968.2035857828805,109567,1908.727607252256,1.7381356598902462
202,65,2014.5781934746783,101847,1908.727607252256,1.7381356598902462
202,60,2024.761349664457,94126,1908.727607252256,1.7381356598902462
202,55,2046.1230663501724,86406,1908.727607252256,1.7381356598902462
202,50,2078.0988225723745,78694,1908.727607252256,1.7381356598902462
202,45,2123.5520123021192,70974,1908.727607252256,1.7381356598902462
202,40,2153.389285288209,63253,1908.727607252256,1.7381356598902462
202,35,2260.937668607401,55533,1908.727607252256,1.7381356598902462
202,30,2267.125350373664,47821,1908.727607252256,1.7381356598902462
202,25,2354.834684735742,40101,1908.727607252256,1.7381356598902462
202,20,2571.352657514426,32380,1908.727607252256,1.7381356598902462
202,15,2648.2616296627484,24660,1908.727607252256,1.7381356598902462
202,10,2807.281294449171,16948,1908.727607252256,1.7381356598902462
202,5,3317.62751918213,9228,1908.727607252256,1.7381356598902462
204,80,2553.698625874912,125000,2553.698625874912,1.8313473612215223
204,75,2575.377384674464,117279,2553.698625874912,1.8313473612215223
204,70,2593.8893073158183,109567,2553.698625874912,1.8313473612215223
204,65,2614.271955605592,101847,2553.698625874912,1.8313473612215223
204,60,2701.5020007652315,94126,2553.698625874912,1.8313473612215223
204,55,2760.2286711115635,86406,2553.698625874912,1.8313473612215223
204,50,2866.28647566362,78694,2553.698625874912,1.8313473612215223
204,45,2933.197711395392,70974,2553.698625874912,1.8313473612215223
204,40,3008.210893074977,63253,2553.698625874912,1.8313473612215223
204,35,3050.055091630138,55533,2553.698625874912,1.8313473612215223
204,30,3178.821069463296,47821,2553.698625874912,1.8313473612215223
204,25,3337.583863333494,40101,2553.698625874912,1.8313473612215223
204,20,3647.309864468809,32380,2553.698625874912,1.8313473612215223
204,15,4123.371327081466,24660,2553.698625874912,1.8313473612215223
204,10,4367.437474798385,16948,2553.698625874912,1.8313473612215223
204,5,4676.709239851048,9228,2553.698625874912,1.8313473612215223
205,80,83.92297753920275,125000,83.92297753920275,2.6317870036579154
205,75,86.64188599145025,117279,83.92297753920275,2.6317870036579154
205,70,88.85118275402802,109567,83.92297753920275,2.6317870036579154
205,65,89.95153345475282,101847,83.92297753920275,2.6317870036579154
205,60,93.04434806649483,94126,83.92297753920275,2.6317870036579154
205,55,93.60463592347106,86406,83.92297753920275,2.6317870036579154
205,50,98.0805074766171,78694,83.92297753920275,2.6317870036579154
205,45,106.84036685318472,70974,83.92297753920275,2.6317870036579154
205,40,108.18089314786688,63253,83.92297753920275,2.6317870036579154
205,35,115.96475030299328,55533,83.92297753920275,2.6317870036579154
205,30,117.77114342286424,47821,83.92297753920275,2.6317870036579154
205,25,128.35585637927798,40101,83.92297753920275,2.6317870036579154
205,20,147.30192941367494,32380,83.92297753920275,2.6317870036579154
205,15,161.0995780920095,24660,83.92297753920275,2.6317870036579154
205,10,165.10932374028982,16948,83.92297753920275,2.6317870036579154
205,5,220.86740159594893,9228,83.92297753920275,2.6317870036579154
206,80,90.2386922173432,125000,90.2386922173432,2.56009052037924
206,75,92.95610382000898,117279,90.2386922173432,2.56009052037924
206,70,95.37853726989384,109567,90.2386922173432,2.56009052037924
206,65,96.43225754649956,101847,90.2386922173432,2.56009052037924
206,60,99.90262508863066,94126,90.2386922173432,2.56009052037924
206,55,100.26872831423582,86406,90.2386922173432,2.56009052037924
206,50,103.36050355906777,78694,90.2386922173432,2.56009052037924
206,45,113.04348364092696,70974,90.2386922173432,2.56009052037924
206,40,115.22075407871736,63253,90.2386922173432,2.56009052037924
206,35,123.9355346471918,55533,90.2386922173432,2.56009052037924
206,30,125.29999291006165,47821,90.2386922173432,2.56009052037924
206,25,137.13558077354406,40101,90.2386922173432,2.56009052037924
206,20,156.53531113283827,32380,90.2386922173432,2.56009052037924
206,15,169.93359310886433,24660,90.2386922173432,2.56009052037924
206,10,176.89271632928563,16948,90.2386922173432,2.56009052037924
206,5,231.01922051704017,9228,90.2386922173432,2.56009052037924
207,80,98.26489204832984,125000,98.26489204832984,2.2776131354437315
207,75,100.468596651546,117279,98.26489204832984,2.2776131354437315
207,70,101.76814912834004,109567,98.26489204832984,2.2776131354437315
207,65,103.0381251963274,101847,98.26489204832984,2.2776131354437315
207,60,105.22974927820044,94126,98.26489204832984,2.2776131354437315
207,55,105.62312195082464,86406,98.26489204832984,2.2776131354437315
207,50,108.0159959177744,78694,98.26489204832984,2.2776131354437315
207,45,117.34082223066648,70974,98.26489204832984,2.2776131354437315
207,40,121.2466569297043,63253,98.26489204832984,2.2776131354437315
207,35,128.46085785819642,55533,98.26489204832984,2.2776131354437315
207,30,129.6668853001391,47821,98.26489204832984,2.2776131354437315
207,25,139.7997539216304,40101,98.26489204832984,2.2776131354437315
207,20,159.66333304706382,32380,98.26489204832984,2.2776131354437315
207,15,170.60488225457837,24660,98.26489204832984,2.2776131354437315
207,10,178.74292895008887,16948,98.26489204832984,2.2776131354437315
207,5,223.80940888223637,9228,98.26489204832984,2.2776131354437315
208,80,99.4889959520888,125000,99.4889959520888,2.110340239065338
208,75,101.49979131784411,117279,99.4889959520888,2.110340239065338
208,70,101.9515810385653,109567,99.4889959520888,2.110340239065338
208,65,103.61811057141024,101847,99.4889959520888,2.110340239065338
208,60,106.07886553684648,94126,99.4889959520888,2.110340239065338
208,55,106.6363499398528,86406,99.4889959520888,2.110340239065338
208,50,110.73609237298476,78694,99.4889959520888,2.110340239065338
208,45,120.71282240131195,70974,99.4889959520888,2.110340239065338
208,40,124.10710529935676,63253,99.4889959520888,2.110340239065338
208,35,128.99130105428708,55533,99.4889959520888,2.110340239065338
208,30,130.8039543025564,47821,99.4889959520888,2.110340239065338
208,25,139.42952004276682,40101,99.4889959520888,2.110340239065338
208,20,156.85300350294213,32380,99.4889959520888,2.110340239065338
208,15,165.0584739523965,24660,99.4889959520888,2.110340239065338
208,10,172.11335738640753,16948,99.4889959520888,2.110340239065338
208,5,209.9556315019015,9228,99.4889959520888,2.110340239065338
209,80,92.95017213011609,125000,92.95017213011609,2.1860049606194
209,75,94.54114062418928,117279,92.95017213011609,2.1860049606194
209,70,95.3306438272447,109567,92.95017213011609,2.1860049606194
209,65,98.1975569132498,101847,92.95017213011609,2.1860049606194
209,60,101.76406867083512,94126,92.95017213011609,2.1860049606194
209,55,102.54540707078846,86406,92.95017213011609,2.1860049606194
209,50,109.25379810316134,78694,92.95017213011609,2.1860049606194
209,45,121.29003145879908,70974,92.95017213011609,2.1860049606194
209,40,123.03394588000162,63253,92.95017213011609,2.1860049606194
209,35,127.4544783158123,55533,92.95017213011609,2.1860049606194
209,30,130.34293613219486,47821,92.95017213011609,2.1860049606194
209,25,138.10367499376576,40101,92.95017213011609,2.1860049606194
209,20,152.14985393587114,32380,92.95017213011609,2.1860049606194
209,15,159.1429624377289,24660,92.95017213011609,2.1860049606194
209,10,165.07202842551132,16948,92.95017213011609,2.1860049606194
209,5,203.18953736686083,9228,92.95017213011609,2.1860049606194
210,80,92.9985839002127,125000,92.9985839002127,2.2529856363549547
210,75,94.73657321090678,117279,92.9985839002127,2.2529856363549547
210,70,96.4074664605922,109567,92.9985839002127,2.2529856363549547
210,65,99.84317880486806,101847,92.9985839002127,2.2529856363549547
210,60,104.09187914108972,94126,92.9985839002127,2.2529856363549547
210,55,105.25196499356257,86406,92.9985839002127,2.2529856363549547
210,50,113.6361254509429,78694,92.9985839002127,2.2529856363549547
210,45,127.06666766789084,70974,92.9985839002127,2.2529856363549547
210,40,128.61421656719398,63253,92.9985839002127,2.2529856363549547
210,35,133.72791387723092,55533,92.9985839002127,2.2529856363549547
210,30,136.87326020846186,47821,92.9985839002127,2.2529856363549547
210,25,144.24735173449753,40101,92.9985839002127,2.2529856363549547
210,20,156.01724294532107,32380,92.9985839002127,2.2529856363549547
210,15,163.2157025534467,24660,92.9985839002127,2.2529856363549547
210,10,170.18884816977177,16948,92.9985839002127,2.2529856363549547
210,5,209.52447372853035,9228,92.9985839002127,2.2529856363549547
212,80,115.9585343332262,125000,115.9585343332262,2.0555409516820813
212,75,118.27402391252453,117279,115.9585343332262,2.0555409516820813
212,70,120.40938903815112,109567,115.9585343332262,2.0555409516820813
212,65,123.24389930349916,101847,115.9585343332262,2.0555409516820813
212,60,127.73354445149354,94126,115.9585343332262,2.0555409516820813
212,55,129.25396650900183,86406,115.9585343332262,2.0555409516820813
212,50,139.3797093362568,78694,115.9585343332262,2.0555409516820813
212,45,154.73902784795675,70974,115.9585343332262,2.0555409516820813
212,40,156.35857558174646,63253,115.9585343332262,2.0555409516820813
212,35,161.62846466215706,55533,115.9585343332262,2.0555409516820813
212,30,165.2843021316984,47821,115.9585343332262,2.0555409516820813
212,25,172.82114191223943,40101,115.9585343332262,2.0555409516820813
212,20,183.66121054490063,32380,115.9585343332262,2.0555409516820813
212,15,191.37345024930045,24660,115.9585343332262,2.0555409516820813
212,10,199.57320674259933,16948,115.9585343332262,2.0555409516820813
212,5,238.35751601897903,9228,115.9585343332262,2.0555409516820813
213,80,134.11998678406567,125000,134.11998678406567,1.9292748782897324
213,75,136.69323197538907,117279,134.11998678406567,1.9292748782897324
213,70,139.12743965666823,109567,134.11998678406567,1.9292748782897324
213,65,141.53610765202123,101847,134.11998678406567,1.9292748782897324
213,60,146.3992472641648,94126,134.11998678406567,1.9292748782897324
213,55,148.01991418249062,86406,134.11998678406567,1.9292748782897324
213,50,158.37533295466548,78694,134.11998678406567,1.9292748782897324
213,45,174.74643682981093,70974,134.11998678406567,1.9292748782897324
213,40,176.17381228183248,63253,134.11998678406567,1.9292748782897324
213,35,181.72959862226983,55533,134.11998678406567,1.9292748782897324
213,30,185.7042892730889,47821,134.11998678406567,1.9292748782897324
213,25,193.43162444205743,40101,134.11998678406567,1.9292748782897324
213,20,204.2599827322828,32380,134.11998678406567,1.9292748782897324
213,15,212.47115487012124,24660,134.11998678406567,1.9292748782897324
213,10,220.31933174233205,16948,134.11998678406567,1.9292748782897324
213,5,258.7543211790488,9228,134.11998678406567,1.9292748782897324
215,80,154.7582065453343,125000,154.7582065453343,1.8521728528417092
215,75,157.5708970460783,117279,154.7582065453343,1.8521728528417092
215,70,159.86906845692852,109567,154.7582065453343,1.8521728528417092
215,65,162.0564958131076,101847,154.7582065453343,1.8521728528417092
215,60,166.92061841384412,94126,154.7582065453343,1.8521728528417092
215,55,168.9346491612299,86406,154.7582065453343,1.8521728528417092
215,50,179.67284927402386,78694,154.7582065453343,1.8521728528417092
215,45,197.491146524277,70974,154.7582065453343,1.8521728528417092
215,40,199.03941495915376,63253,154.7582065453343,1.8521728528417092
215,35,205.32114193369185,55533,154.7582065453343,1.8521728528417092
215,30,209.40562004015155,47821,154.7582065453343,1.8521728528417092
215,25,218.4708696054491,40101,154.7582065453343,1.8521728528417092
215,20,230.13349091244203,32380,154.7582065453343,1.8521728528417092
215,15,239.85309877474157,24660,154.7582065453343,1.8521728528417092
215,10,248.3705662131133,16948,154.7582065453343,1.8521728528417092
215,5,286.63894891773833,9228,154.7582065453343,1.8521728528417092
216,80,163.50625362349996,125000,163.50625362349996,1.8316053096941831
216,75,166.4704666085573,117279,163.50625362349996,1.8316053096941831
216,70,168.7914342282599,109567,163.50625362349996,1.8316053096941831
216,65,170.9369903223134,101847,163.50625362349996,1.8316053096941831
216,60,176.0920005257495,94126,163.50625362349996,1.8316053096941831
216,55,178.28660980313322,86406,163.50625362349996,1.8316053096941831
216,50,189.23158241873733,78694,163.50625362349996,1.8316053096941831
216,45,207.9071156218188,70974,163.50625362349996,1.8316053096941831
216,40,209.60134734969725,63253,163.50625362349996,1.8316053096941831
216,35,216.080689640857,55533,163.50625362349996,1.8316053096941831
216,30,220.25939472571383,47821,163.50625362349996,1.8316053096941831
216,25,229.8878225482137,40101,163.50625362349996,1.8316053096941831
216,20,242.5250285484296,32380,163.50625362349996,1.8316053096941831
216,15,252.70728688111308,24660,163.50625362349996,1.8316053096941831
216,10,261.9855455446494,16948,163.50625362349996,1.8316053096941831
216,5,299.4789223050063,9228,163.50625362349996,1.8316053096941831
217,80,166.21897328523414,125000,166.21897328523414,1.839044938549188
217,75,169.37584774108993,117279,166.21897328523414,1.839044938549188
217,70,171.79336146508362,109567,166.21897328523414,1.839044938549188
217,65,173.84336794039626,101847,166.21897328523414,1.839044938549188
217,60,179.2663644324936,94126,166.21897328523414,1.839044938549188
217,55,181.6080840435752,86406,166.21897328523414,1.839044938549188
217,50,192.86833519481,78694,166.21897328523414,1.839044938549188
217,45,212.26782733026693,70974,166.21897328523414,1.839044938549188
217,40,214.0819476892358,63253,166.21897328523414,1.839044938549188
217,35,220.8108757724497,55533,166.21897328523414,1.839044938549188
217,30,225.0041651735984,47821,166.21897328523414,1.839044938549188
217,25,235.12418837768615,40101,166.21897328523414,1.839044938549188
217,20,248.2677560149707,32380,166.21897328523414,1.839044938549188
217,15,258.84479668863395,24660,166.21897328523414,1.839044938549188
217,10,268.94864014164415,16948,166.21897328523414,1.839044938549188
217,5,305.68416151105254,9228,166.21897328523414,1.839044938549188
219,80,174.02006620786884,125000,174.02006620786884,1.826647043544305
219,75,177.16492083020788,117279,174.02006620786884,1.826647043544305
219,70,179.59454489827095,109567,174.02006620786884,1.826647043544305
219,65,181.35635484433425,101847,174.02006620786884,1.826647043544305
219,60,186.89964905780232,94126,174.02006620786884,1.826647043544305
219,55,189.6472483879896,86406,174.02006620786884,1.826647043544305
219,50,201.1668477302986,78694,174.02006620786884,1.826647043544305
219,45,221.2959054624031,70974,174.02006620786884,1.826647043544305
219,40,223.27954011664173,63253,174.02006620786884,1.826647043544305
219,35,230.2241314301673,55533,174.02006620786884,1.826647043544305
219,30,234.7981994825342,47821,174.02006620786884,1.826647043544305
219,25,245.95611400841796,40101,174.02006620786884,1.826647043544305
219,20,260.2037311705806,32380,174.02006620786884,1.826647043544305
219,15,272.03916161180547,24660,174.02006620786884,1.826647043544305
219,10,283.00191488225653,16948,174.02006620786884,1.826647043544305
219,5,317.8732394559878,9228,174.02006620786884,1.826647043544305
220,80,179.2292203468052,125000,179.2292203468052,1.803915549554832
220,75,182.3277214583519,117279,179.2292203468052,1.803915549554832
220,70,184.8182298587302,109567,179.2292203468052,1.803915549554832
220,65,186.5214545720408,101847,179.2292203468052,1.803915549554832
220,60,191.9467331442408,94126,179.2292203468052,1.803915549554832
220,55,194.83263864971187,86406,179.2292203468052,1.803915549554832
220,50,206.1573531325351,78694,179.2292203468052,1.803915549554832
220,45,226.39335802754752,70974,179.2292203468052,1.803915549554832
220,40,228.4743057337568,63253,179.2292203468052,1.803915549554832
220,35,235.56291859215432,55533,179.2292203468052,1.803915549554832
220,30,240.1719932542839,47821,179.2292203468052,1.803915549554832
220,25,251.36570076291216,40101,179.2292203468052,1.803915549554832
220,20,265.61137312712515,32380,179.2292203468052,1.803915549554832
220,15,277.85685706742856,24660,179.2292203468052,1.803915549554832
220,10,288.8646691508428,16948,179.2292203468052,1.803915549554832
220,5,323.3143775181911,9228,179.2292203468052,1.803915549554832
221,80,180.54975769750877,125000,180.54975769750877,1.7877626058159997
221,75,183.47880878991197,117279,180.54975769750877,1.7877626058159997
221,70,185.9841430405564,109567,180.54975769750877,1.7877626058159997
221,65,187.7223789953437,101847,180.54975769750877,1.7877626058159997
221,60,192.8372980335021,94126,180.54975769750877,1.7877626058159997
221,55,195.6259362489074,86406,180.54975769750877,1.7877626058159997
221,50,206.60283304061983,78694,180.54975769750877,1.7877626058159997
221,45,226.51960588271217,70974,180.54975769750877,1.7877626058159997
221,40,228.6678954321233,63253,180.54975769750877,1.7877626058159997
221,35,235.83799005752957,55533,180.54975769750877,1.7877626058159997
221,30,240.3170943075129,47821,180.54975769750877,1.7877626058159997
221,25,251.08548088133085,40101,180.54975769750877,1.7877626058159997
221,20,265.1741930191384,32380,180.54975769750877,1.7877626058159997
221,15,277.353102346176,24660,180.54975769750877,1.7877626058159997
221,10,288.6769968887809,16948,180.54975769750877,1.7877626058159997
221,5,322.7801053007456,9228,180.54975769750877,1.7877626058159997
222,80,184.3263145118949,125000,184.3263145118949,1.7623384560282371
222,75,187.1941609143835,117279,184.3263145118949,1.7623384560282371
222,70,189.73905208448343,109567,184.3263145118949,1.7623384560282371
222,65,191.4724237979892,101847,184.3263145118949,1.7623384560282371
222,60,196.40376705711407,94126,184.3263145118949,1.7623384560282371
222,55,199.2421526889988,86406,184.3263145118949,1.7623384560282371
222,50,210.10827708794105,78694,184.3263145118949,1.7623384560282371
222,45,229.479716433129,70974,184.3263145118949,1.7623384560282371
222,40,231.4805761165005,63253,184.3263145118949,1.7623384560282371
222,35,238.7090124655333,55533,184.3263145118949,1.7623384560282371
222,30,243.1540011375867,47821,184.3263145118949,1.7623384560282371
222,25,253.55636207237507,40101,184.3263145118949,1.7623384560282371
222,20,267.5876766349489,32380,184.3263145118949,1.7623384560282371
222,15,279.3794396673639,24660,184.3263145118949,1.7623384560282371
222,10,290.9137677459455,16948,184.3263145118949,1.7623384560282371
222,5,324.8453525222681,9228,184.3263145118949,1.7623384560282371
223,80,193.57051262154084,125000,193.57051262154084,1.721296515008409
223,75,196.398044943762,117279,193.57051262154084,1.721296515008409
223,70,199.06541323075132,109567,193.57051262154084,1.721296515008409
223,65,200.80366325292655,101847,193.57051262154084,1.721296515008409
223,60,205.69170047627483,94126,193.57051262154084,1.721296515008409
223,55,208.58775148722643,86406,193.57051262154084,1.721296515008409
223,50,219.2406539292085,78694,193.57051262154084,1.721296515008409
223,45,238.55726281605365,70974,193.57051262154084,1.721296515008409
223,40,240.44200907207525,63253,193.57051262154084,1.721296515008409
223,35,247.916806034168,55533,193.57051262154084,1.721296515008409
223,30,252.4035013102877,47821,193.57051262154084,1.721296515008409
223,25,262.5356817029416,40101,193.57051262154084,1.721296515008409
223,20,276.1171882436159,32380,193.57051262154084,1.721296515008409
223,15,287.9275102551352,24660,193.57051262154084,1.721296515008409
223,10,299.45879485378464,16948,193.57051262154084,1.721296515008409
223,5,333.1922487838495,9228,193.57051262154084,1.721296515008409
224,80,202.1125055643696,125000,202.1125055643696,1.6902775405776702
224,75,205.0233636140324,117279,202.1125055643696,1.6902775405776702
224,70,207.84569435111808,109567,202.1125055643696,1.6902775405776702
224,65,209.70778942789693,101847,202.1125055643696,1.6902775405776702
224,60,214.7761929775006,94126,202.1125055643696,1.6902775405776702
224,55,217.7204926224306,86406,202.1125055643696,1.6902775405776702
224,50,228.23053003253744,78694,202.1125055643696,1.6902775405776702
224,45,247.4581319523045,70974,202.1125055643696,1.6902775405776702
224,40,249.34396734832077,63253,202.1125055643696,1.6902775405776702
224,35,257.15914382373506,55533,202.1125055643696,1.6902775405776702
224,30,261.634781378084,47821,202.1125055643696,1.6902775405776702
224,25,271.6235774477381,40101,202.1125055643696,1.6902775405776702
224,20,284.49404357374846,32380,202.1125055643696,1.6902775405776702
224,15,296.35560140291943,24660,202.1125055643696,1.6902775405776702
224,10,307.7434798926952,16948,202.1125055643696,1.6902775405776702
224,5,341.62622882533327,9228,202.1125055643696,1.6902775405776702
225,80,210.44221780977725,125000,210.44221780977725,1.6601509388589126
225,75,213.3792049983168,117279,210.44221780977725,1.6601509388589126
225,70,216.3338586264795,109567,210.44221780977725,1.6601509388589126
225,65,218.322730200163,101847,210.44221780977725,1.6601509388589126
225,60,223.610061359094,94126,210.44221780977725,1.6601509388589126
225,55,226.60577844313184,86406,210.44221780977725,1.6601509388589126
225,50,236.78883880489408,78694,210.44221780977725,1.6601509388589126
225,45,255.78834529762847,70974,210.44221780977725,1.6601509388589126
225,40,257.7490289278049,63253,210.44221780977725,1.6601509388589126
225,35,265.74506595595386,55533,210.44221780977725,1.6601509388589126
225,30,270.1906976144811,47821,210.44221780977725,1.6601509388589126
225,25,280.03691323203816,40101,210.44221780977725,1.6601509388589126
225,20,292.44145083344745,32380,210.44221780977725,1.6601509388589126
225,15,304.0213305313115,24660,210.44221780977725,1.6601509388589126
225,10,314.9617046625402,16948,210.44221780977725,1.6601509388589126
225,5,349.3658454724535,9228,210.44221780977725,1.6601509388589126
226,80,219.4534912935381,125000,219.4534912935381,1.6451758039836173
226,75,222.4263554829915,117279,219.4534912935381,1.6451758039836173
226,70,225.50013187657763,109567,219.4534912935381,1.6451758039836173
226,65,227.72346038029545,101847,219.4534912935381,1.6451758039836173
226,60,233.4171941260005,94126,219.4534912935381,1.6451758039836173
226,55,236.47119655513748,86406,219.4534912935381,1.6451758039836173
226,50,246.4589386961461,78694,219.4534912935381,1.6451758039836173
226,45,265.582402415495,70974,219.4534912935381,1.6451758039836173
226,40,267.94293260967913,63253,219.4534912935381,1.6451758039836173
226,35,276.2219567217843,55533,219.4534912935381,1.6451758039836173
226,30,280.6454040584367,47821,219.4534912935381,1.6451758039836173
226,25,290.7980093153498,40101,219.4534912935381,1.6451758039836173
226,20,303.17309859360347,32380,219.4534912935381,1.6451758039836173
226,15,315.0279866083184,24660,219.4534912935381,1.6451758039836173
226,10,326.0366886939704,16948,219.4534912935381,1.6451758039836173
226,5,361.0395739758583,9228,219.4534912935381,1.6451758039836173
227,80,221.1859376643543,125000,221.1859376643543,1.6518225379383604
227,75,224.1168031996417,117279,221.1859376643543,1.6518225379383604
227,70,227.18350014221377,109567,221.1859376643543,1.6518225379383604
227,65,229.53985217346843,101847,221.1859376643543,1.6518225379383604
227,60,235.3837475333677,94126,221.1859376643543,1.6518225379383604
227,55,238.41688571884805,86406,221.1859376643543,1.6518225379383604
227,50,248.30784737758745,78694,221.1859376643543,1.6518225379383604
227,45,267.5566611397609,70974,221.1859376643543,1.6518225379383604
227,40,270.35918655283984,63253,221.1859376643543,1.6518225379383604
227,35,278.8312924777981,55533,221.1859376643543,1.6518225379383604
227,30,283.2630725582442,47821,221.1859376643543,1.6518225379383604
227,25,293.8241164976,40101,221.1859376643543,1.6518225379383604
227,20,306.6975063837804,32380,221.1859376643543,1.6518225379383604
227,15,319.0938478196204,24660,221.1859376643543,1.6518225379383604
227,10,330.34016670365486,16948,221.1859376643543,1.6518225379383604
227,5,365.3599169090097,9228,221.1859376643543,1.6518225379383604
228,80,226.1575264854334,125000,226.1575264854334,1.6545065863858226
228,75,229.08747126495703,117279,226.1575264854334,1.6545065863858226
228,70,232.16109141845925,109567,226.1575264854334,1.6545065863858226
228,65,234.6206576520191,101847,226.1575264854334,1.6545065863858226
228,60,240.6041816241761,94126,226.1575264854334,1.6545065863858226
228,55,243.64769828214497,86406,226.1575264854334,1.6545065863858226
228,50,253.524936852284,78694,226.1575264854334,1.6545065863858226
228,45,272.9215674897243,70974,226.1575264854334,1.6545065863858226
228,40,276.4269295857338,63253,226.1575264854334,1.6545065863858226
228,35,285.0948103629926,55533,226.1575264854334,1.6545065863858226
228,30,289.4430528019159,47821,226.1575264854334,1.6545065863858226
228,25,300.5108457056122,40101,226.1575264854334,1.6545065863858226
228,20,313.78545722203404,32380,226.1575264854334,1.6545065863858226
228,15,327.0032485113314,24660,226.1575264854334,1.6545065863858226
228,10,339.01788397321764,16948,226.1575264854334,1.6545065863858226
228,5,374.1791171308757,9228,226.1575264854334,1.6545065863858226
229,80,222.23730509668223,125000,222.23730509668223,1.6838614214599334
229,75,225.18830087526132,117279,222.23730509668223,1.6838614214599334
229,70,228.4765306170491,109567,222.23730509668223,1.6838614214599334
229,65,230.92777764100975,101847,222.23730509668223,1.6838614214599334
229,60,237.29370117550496,94126,222.23730509668223,1.6838614214599334
229,55,240.4851405002996,86406,222.23730509668223,1.6838614214599334
229,50,250.51068798517815,78694,222.23730509668223,1.6838614214599334
229,45,270.3010955892138,70974,222.23730509668223,1.6838614214599334
229,40,274.2124937664683,63253,222.23730509668223,1.6838614214599334
229,35,283.0383052116563,55533,222.23730509668223,1.6838614214599334
229,30,287.4037614630992,47821,222.23730509668223,1.6838614214599334
229,25,299.2928364182137,40101,222.23730509668223,1.6838614214599334
229,20,313.0498798304519,32380,222.23730509668223,1.6838614214599334
229,15,326.6681094391386,24660,222.23730509668223,1.6838614214599334
229,10,339.12149682334547,16948,222.23730509668223,1.6838614214599334
229,5,374.2168244615243,9228,222.23730509668223,1.6838614214599334
230,80,223.4728048033905,125000,223.4728048033905,1.707982416896951
230,75,226.5464100305189,117279,223.4728048033905,1.707982416896951
230,70,230.08718497152375,109567,223.4728048033905,1.707982416896951
230,65,232.46016189071625,101847,223.4728048033905,1.707982416896951
230,60,239.4020406144504,94126,223.4728048033905,1.707982416896951
230,55,242.75800007144056,86406,223.4728048033905,1.707982416896951
230,50,253.1399236202995,78694,223.4728048033905,1.707982416896951
230,45,273.1967088843628,70974,223.4728048033905,1.707982416896951
230,40,277.8455886835984,63253,223.4728048033905,1.707982416896951
230,35,286.9984050406319,55533,223.4728048033905,1.707982416896951
230,30,291.44811797422835,47821,223.4728048033905,1.707982416896951
230,25,304.76576682420045,40101,223.4728048033905,1.707982416896951
230,20,318.93918576300314,32380,223.4728048033905,1.707982416896951
230,15,333.47145492836904,24660,223.4728048033905,1.707982416896951
230,10,346.9086133526921,16948,223.4728048033905,1.707982416896951
230,5,381.6876212588355,9228,223.4728048033905,1.707982416896951
231,80,227.5138580100988,125000,227.5138580100988,1.7338972757200923
231,75,230.9848202258541,117279,227.5138580100988,1.7338972757200923
231,70,234.9249056728564,109567,227.5138580100988,1.7338972757200923
231,65,237.2192923707429,101847,227.5138580100988,1.7338972757200923
231,60,245.00220824997456,94126,227.5138580100988,1.7338972757200923
231,55,248.41158085588293,86406,227.5138580100988,1.7338972757200923
231,50,259.5996510597371,78694,227.5138580100988,1.7338972757200923
231,45,279.9792039428836,70974,227.5138580100988,1.7338972757200923
231,40,285.4900408249072,63253,227.5138580100988,1.7338972757200923
231,35,295.1738239724012,55533,227.5138580100988,1.7338972757200923
231,30,299.68786800056347,47821,227.5138580100988,1.7338972757200923
231,25,315.10187653341245,40101,227.5138580100988,1.7338972757200923
231,20,330.07173033383714,32380,227.5138580100988,1.7338972757200923
231,15,345.6417787440448,24660,227.5138580100988,1.7338972757200923
231,10,360.35403582977415,16948,227.5138580100988,1.7338972757200923
231,5,394.48565859227824,9228,227.5138580100988,1.7338972757200923
232,80,225.09486730078373,125000,225.09486730078373,1.7570446311882666
232,75,228.85350568106583,117279,225.09486730078373,1.7570446311882666
232,70,233.2003255818417,109567,225.09486730078373,1.7570446311882666
232,65,235.4737614969607,101847,225.09486730078373,1.7570446311882666
232,60,243.81062016432,94126,225.09486730078373,1.7570446311882666
232,55,247.2731592047828,86406,225.09486730078373,1.7570446311882666
232,50,258.6986009144471,78694,225.09486730078373,1.7570446311882666
232,45,279.01293724169847,70974,225.09486730078373,1.7570446311882666
232,40,284.88775848173697,63253,225.09486730078373,1.7570446311882666
232,35,294.75075451851603,55533,225.09486730078373,1.7570446311882666
232,30,299.38863008779555,47821,225.09486730078373,1.7570446311882666
232,25,315.6781641533977,40101,225.09486730078373,1.7570446311882666
232,20,330.47713615259227,32380,225.09486730078373,1.7570446311882666
232,15,346.2651192462261,24660,225.09486730078373,1.7570446311882666
232,10,361.64084181541233,16948,225.09486730078373,1.7570446311882666
232,5,395.5017280988774,9228,225.09486730078373,1.7570446311882666
233,80,221.982123628887,125000,221.982123628887,1.7737318068942245
233,75,225.8996902332452,117279,221.982123628887,1.7737318068942245
233,70,230.48717921002915,109567,221.982123628887,1.7737318068942245
233,65,232.69169960399205,101847,221.982123628887,1.7737318068942245
233,60,241.26653082577263,94126,221.982123628887,1.7737318068942245
233,55,244.82041368526023,86406,221.982123628887,1.7737318068942245
233,50,256.41312458352286,78694,221.982123628887,1.7737318068942245
233,45,276.6247015948339,70974,221.982123628887,1.7737318068942245
233,40,282.66338290146905,63253,221.982123628887,1.7737318068942245
233,35,292.5326196221577,55533,221.982123628887,1.7737318068942245
233,30,297.25055434428526,47821,221.982123628887,1.7737318068942245
233,25,314.0153960611892,40101,221.982123628887,1.7737318068942245
233,20,328.4979611472276,32380,221.982123628887,1.7737318068942245
233,15,344.31427871917384,24660,221.982123628887,1.7737318068942245
233,10,360.0482740296944,16948,221.982123628887,1.7737318068942245
233,5,393.7367532424829,9228,221.982123628887,1.7737318068942245
234,80,218.5516100452376,125000,218.5516100452376,1.7910400117581855
234,75,222.80841889712727,117279,218.5516100452376,1.7910400117581855
234,70,227.77764653907013,109567,218.5516100452376,1.7910400117581855
234,65,229.92824268542145,101847,218.5516100452376,1.7910400117581855
234,60,238.8326082526499,94126,218.5516100452376,1.7910400117581855
234,55,242.55356672561615,86406,218.5516100452376,1.7910400117581855
234,50,254.2218666679345,78694,218.5516100452376,1.7910400117581855
234,45,274.3379660585677,70974,218.5516100452376,1.7910400117581855
234,40,280.2673472242819,63253,218.5516100452376,1.7910400117581855
234,35,290.3509970244708,55533,218.5516100452376,1.7910400117581855
234,30,295.22410390635804,47821,218.5516100452376,1.7910400117581855
234,25,312.29697444088475,40101,218.5516100452376,1.7910400117581855
234,20,326.6017508163484,32380,218.5516100452376,1.7910400117581855
234,15,341.92349835376666,24660,218.5516100452376,1.7910400117581855
234,10,357.9286668446953,16948,218.5516100452376,1.7910400117581855
234,5,391.4346782251927,9228,218.5516100452376,1.7910400117581855
235,80,213.01293362323284,125000,213.01293362323284,1.807918472205204
235,75,217.4702740796362,117279,213.01293362323284,1.807918472205204
235,70,222.6615329059424,109567,213.01293362323284,1.807918472205204
235,65,224.8221281112835,101847,213.01293362323284,1.807918472205204
235,60,233.64552082637485,94126,213.01293362323284,1.807918472205204
235,55,237.53103563368808,86406,213.01293362323284,1.807918472205204
235,50,249.3247741923369,78694,213.01293362323284,1.807918472205204
235,45,268.94674921398206,70974,213.01293362323284,1.807918472205204
235,40,274.6500182034912,63253,213.01293362323284,1.807918472205204
235,35,284.8056238063977,55533,213.01293362323284,1.807918472205204
235,30,289.5952317476743,47821,213.01293362323284,1.807918472205204
235,25,306.4907463188817,40101,213.01293362323284,1.807918472205204
235,20,321.07490432035087,32380,213.01293362323284,1.807918472205204
235,15,335.98900826250906,24660,213.01293362323284,1.807918472205204
235,10,351.46386431997314,16948,213.01293362323284,1.807918472205204
235,5,385.1100175160637,9228,213.01293362323284,1.807918472205204
236,80,208.2250529651131,125000,208.2250529651131,1.809395502058621
236,75,212.7733751469689,117279,208.2250529651131,1.809395502058621
236,70,218.1011353840322,109567,208.2250529651131,1.809395502058621
236,65,220.2812780912082,101847,208.2250529651131,1.809395502058621
236,60,228.8408288593927,94126,208.2250529651131,1.809395502058621
236,55,232.8651338232685,86406,208.2250529651131,1.809395502058621
236,50,244.5696432415271,78694,208.2250529651131,1.809395502058621
236,45,263.730051811126,70974,208.2250529651131,1.809395502058621
236,40,269.0147578648409,63253,208.2250529651131,1.809395502058621
236,35,278.9473997961637,55533,208.2250529651131,1.809395502058621
236,30,283.5838168694834,47821,208.2250529651131,1.809395502058621
236,25,299.75308426011435,40101,208.2250529651131,1.809395502058621
236,20,313.7597306973218,32380,208.2250529651131,1.809395502058621
236,15,327.93994696478165,24660,208.2250529651131,1.809395502058621
236,10,342.9150380735508,16948,208.2250529651131,1.809395502058621
236,5,376.7614742509937,9228,208.2250529651131,1.809395502058621
237,80,203.8642858544079,125000,203.8642858544079,1.807724040900601
237,75,208.48633790913536,117279,203.8642858544079,1.807724040900601
237,70,213.98911094534236,109567,203.8642858544079,1.807724040900601
237,65,216.28520741792977,101847,203.8642858544079,1.807724040900601
237,60,224.66180492064083,94126,203.8642858544079,1.807724040900601
237,55,228.88577043216,86406,203.8642858544079,1.807724040900601
237,50,240.47162370750848,78694,203.8642858544079,1.807724040900601
237,45,258.99579019110035,70974,203.8642858544079,1.807724040900601
237,40,263.85443585703075,63253,203.8642858544079,1.807724040900601
237,35,273.576703542389,55533,203.8642858544079,1.807724040900601
237,30,278.1471552299662,47821,203.8642858544079,1.807724040900601
237,25,293.28110971156985,40101,203.8642858544079,1.807724040900601
237,20,306.34426261561026,32380,203.8642858544079,1.807724040900601
237,15,319.88515017095017,24660,203.8642858544079,1.807724040900601
237,10,334.3491507746506,16948,203.8642858544079,1.807724040900601
237,5,368.5303706200455,9228,203.8642858544079,1.807724040900601
238,80,199.4744654208152,125000,199.4744654208152,1.8055707183154583
238,75,204.0843871698968,117279,199.4744654208152,1.8055707183154583
238,70,209.8221073716029,109567,199.4744654208152,1.8055707183154583
238,65,212.23515738679316,101847,199.4744654208152,1.8055707183154583
238,60,220.8281056165852,94126,199.4744654208152,1.8055707183154583
238,55,225.0931222513964,86406,199.4744654208152,1.8055707183154583
238,50,236.42710119530227,78694,199.4744654208152,1.8055707183154583
238,45,254.3811270199548,70974,199.4744654208152,1.8055707183154583
238,40,258.8704599309095,63253,199.4744654208152,1.8055707183154583
238,35,268.4220040980922,55533,199.4744654208152,1.8055707183154583
238,30,272.92130272143174,47821,199.4744654208152,1.8055707183154583
238,25,286.7469758258922,40101,199.4744654208152,1.8055707183154583
238,20,298.8908990280888,32380,199.4744654208152,1.8055707183154583
238,15,311.5822013567264,24660,199.4744654208152,1.8055707183154583
238,10,325.68390930869856,16948,199.4744654208152,1.8055707183154583
238,5,360.1652538154534,9228,199.4744654208152,1.8055707183154583
239,80,194.0989462273622,125000,194.0989462273622,1.793663895951093
239,75,198.5415860027495,117279,194.0989462273622,1.793663895951093
239,70,204.3864954046909,109567,194.0989462273622,1.793663895951093
239,65,206.85644619299416,101847,194.0989462273622,1.793663895951093
239,60,215.1917437477156,94126,194.0989462273622,1.793663895951093
239,55,219.73919548629888,86406,194.0989462273622,1.793663895951093
239,50,230.62087690442317,78694,194.0989462273622,1.793663895951093
239,45,247.75990004525576,70974,194.0989462273622,1.793663895951093
239,40,251.62644477523557,63253,194.0989462273622,1.793663895951093
239,35,260.7665746570457,55533,194.0989462273622,1.793663895951093
239,30,265.02274624727767,47821,194.0989462273622,1.793663895951093
239,25,277.0325776482115,40101,194.0989462273622,1.793663895951093
239,20,287.8733876975075,32380,194.0989462273622,1.793663895951093
239,15,299.6467677777272,24660,194.0989462273622,1.793663895951093
239,10,312.882924298721,16948,194.0989462273622,1.793663895951093
239,5,348.1482720901722,9228,194.0989462273622,1.793663895951093
241,80,187.2022290779996,125000,187.2022290779996,1.76136265643975
241,75,191.35980163752657,117279,187.2022290779996,1.76136265643975
241,70,197.5642211403161,109567,187.2022290779996,1.76136265643975
241,65,200.46623648096892,101847,187.2022290779996,1.76136265643975
241,60,208.68852939879417,94126,187.2022290779996,1.76136265643975
241,55,213.3027174869911,86406,187.2022290779996,1.76136265643975
241,50,222.6940081551488,78694,187.2022290779996,1.76136265643975
241,45,237.97671804961303,70974,187.2022290779996,1.76136265643975
241,40,241.26174667374755,63253,187.2022290779996,1.76136265643975
241,35,250.04324169841644,55533,187.2022290779996,1.76136265643975
241,30,253.85504309042972,47821,187.2022290779996,1.76136265643975
241,25,262.6848362624048,40101,187.2022290779996,1.76136265643975
241,20,271.2953618835687,32380,187.2022290779996,1.76136265643975
241,15,281.2127797797919,24660,187.2022290779996,1.76136265643975
241,10,293.1826814059262,16948,187.2022290779996,1.76136265643975
241,5,329.73101550026803,9228,187.2022290779996,1.76136265643975
242,80,180.87867117716223,125000,180.87867117716223,1.7489708137207194
242,75,184.93972007348268,117279,180.87867117716223,1.7489708137207194
242,70,191.28892927114825,109567,180.87867117716223,1.7489708137207194
242,65,194.300487392688,101847,180.87867117716223,1.7489708137207194
242,60,202.4979682298438,94126,180.87867117716223,1.7489708137207194
242,55,207.162182235409,86406,180.87867117716223,1.7489708137207194
242,50,215.64852511961087,78694,180.87867117716223,1.7489708137207194
242,45,229.68743432243667,70974,180.87867117716223,1.7489708137207194
242,40,232.52102287413385,63253,180.87867117716223,1.7489708137207194
242,35,240.91072896753025,55533,180.87867117716223,1.7489708137207194
242,30,244.47415708634287,47821,180.87867117716223,1.7489708137207194
242,25,251.56547318332628,40101,180.87867117716223,1.7489708137207194
242,20,258.9618537694341,32380,180.87867117716223,1.7489708137207194
242,15,267.7972537205907,24660,180.87867117716223,1.7489708137207194
242,10,278.9879969101852,16948,180.87867117716223,1.7489708137207194
242,5,316.35151671344386,9228,180.87867117716223,1.7489708137207194
243,80,179.34107344961745,125000,179.34107344961745,1.7193680288330986
243,75,183.0926796834316,117279,179.34107344961745,1.7193680288330986
243,70,189.4817948003464,109567,179.34107344961745,1.7193680288330986
243,65,192.59300453184875,101847,179.34107344961745,1.7193680288330986
243,60,200.6033916345951,94126,179.34107344961745,1.7193680288330986
243,55,205.2874918898198,86406,179.34107344961745,1.7193680288330986
243,50,212.8100786067699,78694,179.34107344961745,1.7193680288330986
243,45,225.9489219264252,70974,179.34107344961745,1.7193680288330986
243,40,228.55228406417476,63253,179.34107344961745,1.7193680288330986
243,35,236.49148250240583,55533,179.34107344961745,1.7193680288330986
243,30,239.7855341994694,47821,179.34107344961745,1.7193680288330986
243,25,245.41051955761773,40101,179.34107344961745,1.7193680288330986
243,20,251.72089565765927,32380,179.34107344961745,1.7193680288330986
243,15,259.7003359829533,24660,179.34107344961745,1.7193680288330986
243,10,270.186367635787,16948,179.34107344961745,1.7193680288330986
243,5,308.3533079458807,9228,179.34107344961745,1.7193680288330986
244,80,172.76065859472206,125000,172.76065859472206,1.7232249682456775
244,75,176.64751701249605,117279,172.76065859472206,1.7232249682456775
244,70,183.301271200552,109567,172.76065859472206,1.7232249682456775
244,65,186.57446255036336,101847,172.76065859472206,1.7232249682456775
244,60,194.70622073860375,94126,172.76065859472206,1.7232249682456775
244,55,199.1440422113328,86406,172.76065859472206,1.7232249682456775
244,50,205.8265049136961,78694,172.76065859472206,1.7232249682456775
244,45,218.1390400093456,70974,172.76065859472206,1.7232249682456775
244,40,220.33159109404423,63253,172.76065859472206,1.7232249682456775
244,35,227.9224009973859,55533,172.76065859472206,1.7232249682456775
244,30,231.0253444107275,47821,172.76065859472206,1.7232249682456775
244,25,235.81428555892472,40101,172.76065859472206,1.7232249682456775
244,20,242.00231516787983,32380,172.76065859472206,1.7232249682456775
244,15,249.28999113142436,24660,172.76065859472206,1.7232249682456775
244,10,258.80709522736714,16948,172.76065859472206,1.7232249682456775
244,5,297.7054804209923,9228,172.76065859472206,1.7232249682456775
245,80,169.8340542773686,125000,169.8340542773686,1.7344370831028808
245,75,174.1336114471267,117279,169.8340542773686,1.7344370831028808
245,70,181.49789469355284,109567,169.8340542773686,1.7344370831028808
245,65,185.14612571918852,101847,169.8340542773686,1.7344370831028808
245,60,193.77418141093355,94126,169.8340542773686,1.7344370831028808
245,55,197.50220043593228,86406,169.8340542773686,1.7344370831028808
245,50,203.61934685812372,78694,169.8340542773686,1.7344370831028808
245,45,215.16186838888405,70974,169.8340542773686,1.7344370831028808
245,40,217.11338020998724,63253,169.8340542773686,1.7344370831028808
245,35,224.09343880843025,55533,169.8340542773686,1.7344370831028808
245,30,227.28364033579305,47821,169.8340542773686,1.7344370831028808
245,25,232.4674740453358,40101,169.8340542773686,1.7344370831028808
245,20,239.57948641533537,32380,169.8340542773686,1.7344370831028808
245,15,246.67094229356215,24660,169.8340542773686,1.7344370831028808
245,10,255.1749922347656,16948,169.8340542773686,1.7344370831028808
245,5,294.56648171237555,9228,169.8340542773686,1.7344370831028808
247,80,201.20348474120465,125000,201.20348474120465,1.558512511405878
247,75,203.29615057550168,117279,201.20348474120465,1.558512511405878
247,70,207.22621272005023,109567,201.20348474120465,1.558512511405878
247,65,210.4655454458957,101847,201.20348474120465,1.558512511405878
247,60,216.8339973501308,94126,201.20348474120465,1.558512511405878
247,55,219.37411124319863,86406,201.20348474120465,1.558512511405878
247,50,226.40112032129304,78694,201.20348474120465,1.558512511405878
247,45,231.16614665742787,70974,201.20348474120465,1.558512511405878
247,40,236.1869864417065,63253,201.20348474120465,1.558512511405878
247,35,241.26906857533757,55533,201.20348474120465,1.558512511405878
247,30,246.64639253187323,47821,201.20348474120465,1.558512511405878
247,25,253.47717250388277,40101,201.20348474120465,1.558512511405878
247,20,260.60036458623625,32380,201.20348474120465,1.558512511405878
247,15,266.70672133516706,24660,201.20348474120465,1.558512511405878
247,10,274.16052402006727,16948,201.20348474120465,1.558512511405878
247,5,313.5781483076291,9228,201.20348474120465,1.558512511405878
248,80,241.83489802776532,125000,241.83489802776532,1.4438927842722034
248,75,244.79427158989589,117279,241.83489802776532,1.4438927842722034
248,70,247.84658006159555,109567,241.83489802776532,1.4438927842722034
248,65,252.17202971445084,101847,241.83489802776532,1.4438927842722034
248,60,255.95605988332835,94126,241.83489802776532,1.4438927842722034
248,55,257.860919762038,86406,241.83489802776532,1.4438927842722034
248,50,263.4590946580765,78694,241.83489802776532,1.4438927842722034
248,45,266.0546700439499,70974,241.83489802776532,1.4438927842722034
248,40,272.3414469847076,63253,241.83489802776532,1.4438927842722034
248,35,277.4527666710909,55533,241.83489802776532,1.4438927842722034
248,30,286.4915678055765,47821,241.83489802776532,1.4438927842722034
248,25,292.7454274335461,40101,241.83489802776532,1.4438927842722034
248,20,298.7938711922065,32380,241.83489802776532,1.4438927842722034
248,15,303.9871810620724,24660,241.83489802776532,1.4438927842722034
248,10,311.49428351515405,16948,241.83489802776532,1.4438927842722034
248,5,349.1836642474945,9228,241.83489802776532,1.4438927842722034
249,80,270.6071315232928,125000,270.6071315232928,1.3703849294868973
249,75,273.3375008696183,117279,270.6071315232928,1.3703849294868973
249,70,276.2503534035632,109567,270.6071315232928,1.3703849294868973
249,65,280.60692903221207,101847,270.6071315232928,1.3703849294868973
249,60,283.2276860179268,94126,270.6071315232928,1.3703849294868973
249,55,284.39023516950965,86406,270.6071315232928,1.3703849294868973
249,50,289.4178716658425,78694,270.6071315232928,1.3703849294868973
249,45,292.0737484663164,70974,270.6071315232928,1.3703849294868973
249,40,295.11395086064607,63253,270.6071315232928,1.3703849294868973
249,35,299.95405331876293,55533,270.6071315232928,1.3703849294868973
249,30,308.2050360221874,47821,270.6071315232928,1.3703849294868973
249,25,311.2452041537011,40101,270.6071315232928,1.3703849294868973
249,20,313.7767707609212,32380,270.6071315232928,1.3703849294868973
249,15,317.3147504336669,24660,270.6071315232928,1.3703849294868973
249,10,330.4470221906396,16948,270.6071315232928,1.3703849294868973
249,5,370.8359348511991,9228,270.6071315232928,1.3703849294868973
250,80,303.2654108559625,125000,303.2654108559625,1.3123520875199426
250,75,306.47596375235446,117279,303.2654108559625,1.3123520875199426
250,70,310.15657987608057,109567,303.2654108559625,1.3123520875199426
250,65,313.7468657396784,101847,303.2654108559625,1.3123520875199426
250,60,316.17905533508724,94126,303.2654108559625,1.3123520875199426
250,55,317.1671484708813,86406,303.2654108559625,1.3123520875199426
250,50,322.1072641809818,78694,303.2654108559625,1.3123520875199426
250,45,324.037359541197,70974,303.2654108559625,1.3123520875199426
250,40,327.3313259534504,63253,303.2654108559625,1.3123520875199426
250,35,332.1479720606498,55533,303.2654108559625,1.3123520875199426
250,30,338.733728475028,47821,303.2654108559625,1.3123520875199426
250,25,340.02125868276266,40101,303.2654108559625,1.3123520875199426
250,20,341.81808842877723,32380,303.2654108559625,1.3123520875199426
250,15,344.1887952235848,24660,303.2654108559625,1.3123520875199426
250,10,359.69970367707754,16948,303.2654108559625,1.3123520875199426
250,5,397.9909950094154,9228,303.2654108559625,1.3123520875199426
252,80,359.5662160399031,125000,359.5662160399031,1.321533811689862
252,75,363.16439425206806,117279,359.5662160399031,1.321533811689862
252,70,367.0861390842956,109567,359.5662160399031,1.321533811689862
252,65,369.574836514606,101847,359.5662160399031,1.321533811689862
252,60,371.1662585220535,94126,359.5662160399031,1.321533811689862
252,55,372.48216444029055,86406,359.5662160399031,1.321533811689862
252,50,374.9624088534045,78694,359.5662160399031,1.321533811689862
252,45,375.84259974906286,70974,359.5662160399031,1.321533811689862
252,40,377.1496154908543,63253,359.5662160399031,1.321533811689862
252,35,380.334959474412,55533,359.5662160399031,1.321533811689862
252,30,383.7044976613923,47821,359.5662160399031,1.321533811689862
252,25,389.39163078651416,40101,359.5662160399031,1.321533811689862
252,20,404.8307106173176,32380,359.5662160399031,1.321533811689862
252,15,406.7516910118728,24660,359.5662160399031,1.321533811689862
252,10,438.58704587295614,16948,359.5662160399031,1.321533811689862
252,5,475.1789120381136,9228,359.5662160399031,1.321533811689862
253,80,379.7940905660853,125000,379.7940905660853,1.3515262997226634
253,75,384.65147551776414,117279,379.7940905660853,1.3515262997226634
253,70,389.0650894549842,109567,379.7940905660853,1.3515262997226634
253,65,391.0504417459904,101847,379.7940905660853,1.3515262997226634
253,60,392.5904876445768,94126,379.7940905660853,1.3515262997226634
253,55,393.4987573467532,86406,379.7940905660853,1.3515262997226634
253,50,395.339859035312,78694,379.7940905660853,1.3515262997226634
253,45,395.9925759327392,70974,379.7940905660853,1.3515262997226634
253,40,396.2691752221774,63253,379.7940905660853,1.3515262997226634
253,35,399.0775894181529,55533,379.7940905660853,1.3515262997226634
253,30,400.893618192357,47821,379.7940905660853,1.3515262997226634
253,25,408.80809552273183,40101,379.7940905660853,1.3515262997226634
253,20,433.7314208386988,32380,379.7940905660853,1.3515262997226634
253,15,436.32232736746175,24660,379.7940905660853,1.3515262997226634
253,10,475.11040586067793,16948,379.7940905660853,1.3515262997226634
253,5,513.3017018793154,9228,379.7940905660853,1.3515262997226634
255,80,417.1624002822338,125000,417.1624002822338,1.4491626443105532
255,75,419.3345663332578,117279,417.1624002822338,1.4491626443105532
255,70,421.8302970472523,109567,417.1624002822338,1.4491626443105532
255,65,422.21148327669295,101847,417.1624002822338,1.4491626443105532
255,60,422.9714320793688,94126,417.1624002822338,1.4491626443105532
255,55,423.7334144920497,86406,417.1624002822338,1.4491626443105532
255,50,423.8789330651276,78694,417.1624002822338,1.4491626443105532
255,45,424.02574889045343,70974,417.1624002822338,1.4491626443105532
255,40,425.1699456542572,63253,417.1624002822338,1.4491626443105532
255,35,428.4813239223473,55533,417.1624002822338,1.4491626443105532
255,30,429.3518407022181,47821,417.1624002822338,1.4491626443105532
255,25,450.99688717110433,40101,417.1624002822338,1.4491626443105532
255,20,517.0950338930575,32380,417.1624002822338,1.4491626443105532
255,15,522.725165935388,24660,417.1624002822338,1.4491626443105532
255,10,568.7001430004233,16948,417.1624002822338,1.4491626443105532
255,5,604.5361670999395,9228,417.1624002822338,1.4491626443105532
258,80,333.16426815522533,125000,333.16426815522533,1.86595536493558
258,75,333.6991475463929,117279,333.16426815522533,1.86595536493558
258,70,333.8421239168372,109567,333.16426815522533,1.86595536493558
258,65,333.9410552331857,101847,333.16426815522533,1.86595536493558
258,60,333.8774744139931,94126,333.16426815522533,1.86595536493558
258,55,334.25580348409363,86406,333.16426815522533,1.86595536493558
258,50,335.68098198434205,78694,333.16426815522533,1.86595536493558
258,45,338.4367119360951,70974,333.16426815522533,1.86595536493558
258,40,342.80524376051136,63253,333.16426815522533,1.86595536493558
258,35,349.5789129344575,55533,333.16426815522533,1.86595536493558
258,30,352.98670535587485,47821,333.16426815522533,1.86595536493558
258,25,393.56615522406497,40101,333.16426815522533,1.86595536493558
258,20,512.3433732122189,32380,333.16426815522533,1.86595536493558
258,15,521.1081483598975,24660,333.16426815522533,1.86595536493558
258,10,582.4409557680003,16948,333.16426815522533,1.86595536493558
258,5,621.6696535690788,9228,333.16426815522533,1.86595536493558
259,80,225.3538717159643,125000,225.3538717159643,2.614183269955745
259,75,225.3722286219353,117279,225.3538717159643,2.614183269955745
259,70,225.6807930189728,109567,225.3538717159643,2.614183269955745
259,65,227.2008660259192,101847,225.3538717159643,2.614183269955745
259,60,228.43237567853112,94126,225.3538717159643,2.614183269955745
259,55,229.2097560135817,86406,225.3538717159643,2.614183269955745
259,50,233.05231775798185,78694,225.3538717159643,2.614183269955745
259,45,240.79966687721983,70974,225.3538717159643,2.614183269955745
259,40,249.2076479650668,63253,225.3538717159643,2.614183269955745
259,35,259.2595869531447,55533,225.3538717159643,2.614183269955745
259,30,263.8809053148668,47821,225.3538717159643,2.614183269955745
259,25,319.75587519033724,40101,225.3538717159643,2.614183269955745
259,20,467.0771877150523,32380,225.3538717159643,2.614183269955745
259,15,477.3426401730054,24660,225.3538717159643,2.614183269955745
259,10,546.3557215713472,16948,225.3538717159643,2.614183269955745
259,5,589.116321259627,9228,225.3538717159643,2.614183269955745
260,80,134.0749560748713,125000,134.0749560748713,4.275476505717987
260,75,134.3303969688875,117279,134.0749560748713,4.275476505717987
260,70,135.96500487982337,109567,134.0749560748713,4.275476505717987
260,65,139.5016632507587,101847,134.0749560748713,4.275476505717987
260,60,142.775774115776,94126,134.0749560748713,4.275476505717987
260,55,144.21659058130965,86406,134.0749560748713,4.275476505717987
260,50,150.26375937448725,78694,134.0749560748713,4.275476505717987
260,45,163.91497805178594,70974,134.0749560748713,4.275476505717987
260,40,175.36173864596358,63253,134.0749560748713,4.275476505717987
260,35,188.8566354608263,55533,134.0749560748713,4.275476505717987
260,30,194.6267110811553,47821,134.0749560748713,4.275476505717987
260,25,264.10315637553293,40101,134.0749560748713,4.275476505717987
260,20,440.98038161424006,32380,134.0749560748713,4.275476505717987
260,15,452.75620629700734,24660,134.0749560748713,4.275476505717987
260,10,528.7706842065829,16948,134.0749560748713,4.275476505717987
260,5,573.2343247032833,9228,134.0749560748713,4.275476505717987
261,80,90.91944273002429,125000,90.91944273002429,6.152601040509808
261,75,91.51444158279544,117279,90.91944273002429,6.152601040509808
261,70,93.90676870377476,109567,90.91944273002429,6.152601040509808
261,65,98.36763701511768,101847,90.91944273002429,6.152601040509808
261,60,102.52714483183232,94126,90.91944273002429,6.152601040509808
261,55,104.47347322122454,86406,90.91944273002429,6.152601040509808
261,50,111.69960533838596,78694,90.91944273002429,6.152601040509808
261,45,128.283240529672,70974,90.91944273002429,6.152601040509808
261,40,141.5452357784316,63253,90.91944273002429,6.152601040509808
261,35,156.76827931731916,55533,90.91944273002429,6.152601040509808
261,30,162.94622109462568,47821,90.91944273002429,6.152601040509808
261,25,238.08765298196647,40101,90.91944273002429,6.152601040509808
261,20,423.31592498532535,32380,90.91944273002429,6.152601040509808
261,15,435.23058178704,24660,90.91944273002429,6.152601040509808
261,10,513.6476231418433,16948,90.91944273002429,6.152601040509808
261,5,559.3910579433192,9228,90.91944273002429,6.152601040509808
262,80,63.57534956850747,125000,63.57534956850747,8.682938768690242
262,75,64.45227371374318,117279,63.57534956850747,8.682938768690242
262,70,67.45122891639006,109567,63.57534956850747,8.682938768690242
262,65,72.5111058301895,101847,63.57534956850747,8.682938768690242
262,60,77.36177857804532,94126,63.57534956850747,8.682938768690242
262,55,79.61872068763374,86406,63.57534956850747,8.682938768690242
262,50,87.80460430482486,78694,63.57534956850747,8.682938768690242
262,45,105.91045786426152,70974,63.57534956850747,8.682938768690242
262,40,120.23435072785588,63253,63.57534956850747,8.682938768690242
262,35,136.11244176954392,55533,63.57534956850747,8.682938768690242
262,30,142.76451442184234,47821,63.57534956850747,8.682938768690242
262,25,221.38105783129123,40101,63.57534956850747,8.682938768690242
262,20,412.5815489205483,32380,63.57534956850747,8.682938768690242
262,15,424.532414957853,24660,63.57534956850747,8.682938768690242
262,10,505.0153549980077,16948,63.57534956850747,8.682938768690242
262,5,552.0208675014279,9228,63.57534956850747,8.682938768690242
263,80,44.8771594433072,125000,44.8771594433072,12.107360224522417
263,75,45.87722629966146,117279,44.8771594433072,12.107360224522417
263,70,49.15500349966136,109567,44.8771594433072,12.107360224522417
263,65,54.53402041166604,101847,44.8771594433072,12.107360224522417
263,60,59.85706485401634,94126,44.8771594433072,12.107360224522417
263,55,62.18948250758711,86406,44.8771594433072,12.107360224522417
263,50,70.75678446534434,78694,44.8771594433072,12.107360224522417
263,45,89.70229298264339,70974,44.8771594433072,12.107360224522417
263,40,104.73527710516116,63253,44.8771594433072,12.107360224522417
263,35,121.19474535197612,55533,44.8771594433072,12.107360224522417
263,30,127.66415410279862,47821,44.8771594433072,12.107360224522417
263,25,208.79825945426649,40101,44.8771594433072,12.107360224522417
263,20,402.3400715271396,32380,44.8771594433072,12.107360224522417
263,15,414.0600637253802,24660,44.8771594433072,12.107360224522417
263,10,495.5443718313261,16948,44.8771594433072,12.107360224522417
263,5,543.3439352334482,9228,44.8771594433072,12.107360224522417
264,80,34.198897012913406,125000,34.198897012913406,15.843703674101338
264,75,35.18355777189295,117279,34.198897012913406,15.843703674101338
264,70,38.620236576909925,109567,34.198897012913406,15.843703674101338
264,65,44.21913125409619,101847,34.198897012913406,15.843703674101338
264,60,49.86890871844288,94126,34.198897012913406,15.843703674101338
264,55,52.11177871447155,86406,34.198897012913406,15.843703674101338
264,50,60.88270841854347,78694,34.198897012913406,15.843703674101338
264,45,80.51899935425513,70974,34.198897012913406,15.843703674101338
264,40,95.9601188190385,63253,34.198897012913406,15.843703674101338
264,35,113.0292608695037,55533,34.198897012913406,15.843703674101338
264,30,119.72567181607094,47821,34.198897012913406,15.843703674101338
264,25,202.47699881346043,40101,34.198897012913406,15.843703674101338
264,20,399.1850200921929,32380,34.198897012913406,15.843703674101338
264,15,410.96494814946647,24660,34.198897012913406,15.843703674101338
264,10,493.5097737712328,16948,34.198897012913406,15.843703674101338
264,5,541.8371902537094,9228,34.198897012913406,15.843703674101338
265,80,27.817575762340727,125000,27.817575762340727,19.422153894796825
265,75,28.827147687059124,117279,27.817575762340727,19.422153894796825
265,70,32.31229220037894,109567,27.817575762340727,19.422153894796825
265,65,38.01619853322859,101847,27.817575762340727,19.422153894796825
265,60,43.78867596532714,94126,27.817575762340727,19.422153894796825
265,55,45.9823280659293,86406,27.817575762340727,19.422153894796825
265,50,54.890956957885805,78694,27.817575762340727,19.422153894796825
265,45,74.91218813269977,70974,27.817575762340727,19.422153894796825
265,40,90.65100848950262,63253,27.817575762340727,19.422153894796825
265,35,108.10728778966111,55533,27.817575762340727,19.422153894796825
265,30,114.8180413409952,47821,27.817575762340727,19.422153894796825
265,25,198.89237040664247,40101,27.817575762340727,19.422153894796825
265,20,396.8914483999664,32380,27.817575762340727,19.422153894796825
265,15,408.6600307279298,24660,27.817575762340727,19.422153894796825
265,10,491.6101899723069,16948,27.817575762340727,19.422153894796825
265,5,540.2772374363517,9228,27.817575762340727,19.422153894796825
267,80,24.456696545502343,125000,24.456696545502343,22.164529969024912
267,75,25.478319559506502,117279,24.456696545502343,22.164529969024912
267,70,29.002403040924072,109567,24.456696545502343,22.164529969024912
267,65,34.71282730031324,101847,24.456696545502343,22.164529969024912
267,60,40.553805869509766,94126,24.456696545502343,22.164529969024912
267,55,42.65184565137782,86406,24.456696545502343,22.164529969024912
267,50,51.608464419469925,78694,24.456696545502343,22.164529969024912
267,45,72.16859441814907,70974,24.456696545502343,22.164529969024912
267,40,88.1767845474144,63253,24.456696545502343,22.164529969024912
267,35,106.0386023704337,55533,24.456696545502343,22.164529969024912
267,30,112.86422060640022,47821,24.456696545502343,22.164529969024912
267,25,198.4633442271385,40101,24.456696545502343,22.164529969024912
267,20,398.06669282479936,32380,24.456696545502343,22.164529969024912
267,15,409.9081665698611,24660,24.456696545502343,22.164529969024912
267,10,493.012896149666,16948,24.456696545502343,22.164529969024912
267,5,542.0711835261347,9228,24.456696545502343,22.164529969024912
268,80,24.233528932214657,125000,24.233528932214657,22.406464398313616
268,75,25.24747772984268,117279,24.233528932214657,22.406464398313616
268,70,28.74918454864303,109567,24.233528932214657,22.406464398313616
268,65,34.476545749833804,101847,24.233528932214657,22.406464398313616
268,60,40.30852437305831,94126,24.233528932214657,22.406464398313616
268,55,42.36779647455364,86406,24.233528932214657,22.406464398313616
268,50,51.30678976600017,78694,24.233528932214657,22.406464398313616
268,45,71.98509996997223,70974,24.233528932214657,22.406464398313616
268,40,88.0248616837603,63253,24.233528932214657,22.406464398313616
268,35,106.03735920024404,55533,24.233528932214657,22.406464398313616
268,30,112.87749037142147,47821,24.233528932214657,22.406464398313616
268,25,198.92469048870169,40101,24.233528932214657,22.406464398313616
268,20,398.8607127587,32380,24.233528932214657,22.406464398313616
268,15,410.74872423038585,24660,24.233528932214657,22.406464398313616
268,10,493.80613523601374,16948,24.233528932214657,22.406464398313616
268,5,542.9877032651707,9228,24.233528932214657,22.406464398313616
269,80,24.019699135838927,125000,24.019699135838927,22.65098824827988
269,75,25.04135923806765,117279,24.019699135838927,22.65098824827988
269,70,28.51781595062157,109567,24.019699135838927,22.65098824827988
269,65,34.30110598092774,101847,24.019699135838927,22.65098824827988
269,60,40.12438638202319,94126,24.019699135838927,22.65098824827988
269,55,42.19710601199189,86406,24.019699135838927,22.65098824827988
269,50,51.18817522407007,78694,24.019699135838927,22.65098824827988
269,45,71.98180335230566,70974,24.019699135838927,22.65098824827988
269,40,88.08799101876411,63253,24.019699135838927,22.65098824827988
269,35,106.16861447993216,55533,24.019699135838927,22.65098824827988
269,30,113.0099591562194,47821,24.019699135838927,22.65098824827988
269,25,199.5716754484915,40101,24.019699135838927,22.65098824827988
269,20,399.6519640531913,32380,24.019699135838927,22.65098824827988
269,15,411.6892994012897,24660,24.019699135838927,22.65098824827988
269,10,494.72822983823227,16948,24.019699135838927,22.65098824827988
269,5,544.0699228531058,9228,24.019699135838927,22.65098824827988
271,80,23.793417710852044,125000,23.793417710852044,22.8952175911806
271,75,24.830897715204173,117279,23.793417710852044,22.8952175911806
271,70,28.271299851975527,109567,23.793417710852044,22.8952175911806
271,65,34.11830172355731,101847,23.793417710852044,22.8952175911806
271,60,40.014423657766336,94126,23.793417710852044,22.8952175911806
271,55,42.11040027786397,86406,23.793417710852044,22.8952175911806
271,50,51.214157333472976,78694,23.793417710852044,22.8952175911806
271,45,72.29658769077307,70974,23.793417710852044,22.8952175911806
271,40,88.44579989531069,63253,23.793417710852044,22.8952175911806
271,35,106.6224440073921,55533,23.793417710852044,22.8952175911806
271,30,113.53327185882588,47821,23.793417710852044,22.8952175911806
271,25,200.59077929539845,40101,23.793417710852044,22.8952175911806
271,20,400.08710943507367,32380,23.793417710852044,22.8952175911806
271,15,412.1632408313978,24660,23.793417710852044,22.8952175911806
271,10,495.418343082688,16948,23.793417710852044,22.8952175911806
271,5,544.7554757278077,9228,23.793417710852044,22.8952175911806
272,80,23.75637770258959,125000,23.75637770258959,22.935840605299664
272,75,24.79451069433341,117279,23.75637770258959,22.935840605299664
272,70,28.2319070091382,109567,23.75637770258959,22.935840605299664
272,65,34.091239747457045,101847,23.75637770258959,22.935840605299664
272,60,40.00590648917166,94126,23.75637770258959,22.935840605299664
272,55,42.11481867605583,86406,23.75637770258959,22.935840605299664
272,50,51.262594626057535,78694,23.75637770258959,22.935840605299664
272,45,72.45406041551908,70974,23.75637770258959,22.935840605299664
272,40,88.59164731781578,63253,23.75637770258959,22.935840605299664
272,35,106.76886947595148,55533,23.75637770258959,22.935840605299664
272,30,113.70656793588358,47821,23.75637770258959,22.935840605299664
272,25,200.7659548924356,40101,23.75637770258959,22.935840605299664
272,20,400.1190415994029,32380,23.75637770258959,22.935840605299664
272,15,412.1931238973176,24660,23.75637770258959,22.935840605299664
272,10,495.5611124556687,16948,23.75637770258959,22.935840605299664
272,5,544.8724923458898,9228,23.75637770258959,22.935840605299664
273,80,23.759259817989275,125000,23.759259817989275,22.93290062044117
273,75,24.797988628545948,117279,23.759259817989275,22.93290062044117
273,70,28.23571904313187,109567,23.759259817989275,22.93290062044117
273,65,34.095072800653455,101847,23.759259817989275,22.93290062044117
273,60,40.00950934571495,94126,23.759259817989275,22.93290062044117
273,55,42.11814816522152,86406,23.759259817989275,22.93290062044117
273,50,51.26661639891147,78694,23.759259817989275,22.93290062044117
273,45,72.45733254911804,70974,23.759259817989275,22.93290062044117
273,40,88.59641569976996,63253,23.759259817989275,22.93290062044117
273,35,106.77325760370424,55533,23.759259817989275,22.93290062044117
273,30,113.70979243752112,47821,23.759259817989275,22.93290062044117
273,25,200.7707627780233,40101,23.759259817989275,22.93290062044117
273,20,400.11713735019566,32380,23.759259817989275,22.93290062044117
273,15,412.191767762926,24660,23.759259817989275,22.93290062044117
273,10,495.5567373782861,16948,23.759259817989275,22.93290062044117
273,5,544.8687442211892,9228,23.759259817989275,22.93290062044117
274,80,23.759135153441022,125000,23.759135153441022,22.93303441069283
274,75,24.797837583161478,117279,23.759135153441022,22.93303441069283
274,70,28.235516902986184,109567,23.759135153441022,22.93303441069283
274,65,34.094846026383294,101847,23.759135153441022,22.93303441069283
274,60,40.00933942478956,94126,23.759135153441022,22.93303441069283
274,55,42.11795354149559,86406,23.759135153441022,22.93303441069283
274,50,51.26647035481651,78694,23.759135153441022,22.93303441069283
274,45,72.4572409527229,70974,23.759135153441022,22.93303441069283
274,40,88.59644944852856,63253,23.759135153441022,22.93303441069283
274,35,106.77336103852376,55533,23.759135153441022,22.93303441069283
274,30,113.70991290771995,47821,23.759135153441022,22.93303441069283
274,25,200.77125435668367,40101,23.759135153441022,22.93303441069283
274,20,400.1178305329505,32380,23.759135153441022,22.93303441069283
274,15,412.1922138509669,24660,23.759135153441022,22.93303441069283
274,10,495.55723470643744,16948,23.759135153441022,22.93303441069283
274,5,544.8690640421647,9228,23.759135153441022,22.93303441069283
275,80,23.759259817989275,125000,23.759259817989275,22.93290062044117
275,75,24.797988628545948,117279,23.759259817989275,22.93290062044117
275,70,28.23571904313187,109567,23.759259817989275,22.93290062044117
275,65,34.095072800653455,101847,23.759259817989275,22.93290062044117
275,60,40.00950934571495,94126,23.759259817989275,22.93290062044117
275,55,42.11814816522152,86406,23.759259817989275,22.93290062044117
275,50,51.26661639891147,78694,23.759259817989275,22.93290062044117
275,45,72.45733254911804,70974,23.759259817989275,22.93290062044117
275,40,88.59641569976996,63253,23.759259817989275,22.93290062044117
275,35,106.77325760370424,55533,23.759259817989275,22.93290062044117
275,30,113.70979243752112,47821,23.759259817989275,22.93290062044117
275,25,200.7707627780233,40101,23.759259817989275,22.93290062044117
275,20,400.11713735019566,32380,23.759259817989275,22.93290062044117
275,15,412.191767762926,24660,23.759259817989275,22.93290062044117
275,10,495.5567373782861,16948,23.759259817989275,22.93290062044117
275,5,544.8687442211892,9228,23.759259817989275,22.93290062044117
276,80,23.75891480818289,125000,23.75891480818289,22.933334139852796
276,75,24.797432573228622,117279,23.75891480818289,22.933334139852796
276,70,28.23505540641128,109567,23.75891480818289,22.933334139852796
276,65,34.09444151127283,101847,23.75891480818289,22.933334139852796
276,60,40.00903073604544,94126,23.75891480818289,22.933334139852796
276,55,42.11776160019389,86406,23.75891480818289,22.933334139852796
276,50,51.266152392353895,78694,23.75891480818289,22.933334139852796
276,45,72.4573278625914,70974,23.75891480818289,22.933334139852796
276,40,88.59634770359318,63253,23.75891480818289,22.933334139852796
276,35,106.77340355603296,55533,23.75891480818289,22.933334139852796
276,30,113.71029445254108,47821,23.75891480818289,22.933334139852796
276,25,200.77132665915343,40101,23.75891480818289,22.933334139852796
276,20,400.1188743747472,32380,23.75891480818289,22.933334139852796
276,15,412.1933646429793,24660,23.75891480818289,22.933334139852796
276,10,495.5591608912063,16948,23.75891480818289,22.933334139852796
276,5,544.8711320963548,9228,23.75891480818289,22.933334139852796
277,80,23.760633818543816,125000,23.760633818543816,22.931537513540064
277,75,24.799372338712203,117279,23.760633818543816,22.931537513540064
277,70,28.237177805777225,109567,23.760633818543816,22.931537513540064
277,65,34.09656117419157,101847,23.760633818543816,22.931537513540064
277,60,40.010846716701415,94126,23.760633818543816,22.931537513540064
277,55,42.11946701690631,86406,23.760633818543816,22.931537513540064
277,50,51.26821773731146,78694,23.760633818543816,22.931537513540064
277,45,72.45868959591857,70974,23.760633818543816,22.931537513540064
277,40,88.59804515733431,63253,23.760633818543816,22.931537513540064
277,35,106.77482803508704,55533,23.760633818543816,22.931537513540064
277,30,113.71106475132665,47821,23.760633818543816,22.931537513540064
277,25,200.7718343828354,40101,23.760633818543816,22.931537513540064
277,20,400.1174815596461,32380,23.760633818543816,22.931537513540064
277,15,412.1921096677243,24660,23.760633818543816,22.931537513540064
277,10,495.5562660755937,16948,23.760633818543816,22.931537513540064
277,5,544.8678657554262,9228,23.760633818543816,22.931537513540064
278,80,23.76142861897672,125000,23.76142861897672,22.93060668666075
278,75,24.80024972179917,117279,23.76142861897672,22.93060668666075
278,70,28.238136320377286,109567,23.76142861897672,22.93060668666075
278,65,34.09741641650824,101847,23.76142861897672,22.93060668666075
278,60,40.01143880399193,94126,23.76142861897672,22.93060668666075
278,55,42.12004968178277,86406,23.76142861897672,22.93060668666075
278,50,51.26875030340473,78694,23.76142861897672,22.93060668666075
278,45,72.45882838169823,70974,23.76142861897672,22.93060668666075
278,40,88.59818387739453,63253,23.76142861897672,22.93060668666075
278,35,106.77446653907027,55533,23.76142861897672,22.93060668666075
278,30,113.71049373437774,47821,23.76142861897672,22.93060668666075
278,25,200.7704345113468,40101,23.76142861897672,22.93060668666075
278,20,400.11403925870815,32380,23.76142861897672,22.93060668666075
278,15,412.1889048511411,24660,23.76142861897672,22.93060668666075
278,10,495.5522376567857,16948,23.76142861897672,22.93060668666075
278,5,544.8639739749196,9228,23.76142861897672,22.93060668666075
279,80,23.76142861897672,125000,23.76142861897672,22.93060668666075
279,75,24.80024972179917,117279,23.76142861897672,22.93060668666075
279,70,28.238136320377286,109567,23.76142861897672,22.93060668666075
279,65,34.09741641650824,101847,23.76142861897672,22.93060668666075
279,60,40.01143880399193,94126,23.76142861897672,22.93060668666075
279,55,42.12004968178277,86406,23.76142861897672,22.93060668666075
279,50,51.26875030340473,78694,23.76142861897672,22.93060668666075
279,45,72.45882838169823,70974,23.76142861897672,22.93060668666075
279,40,88.59818387739453,63253,23.76142861897672,22.93060668666075
279,35,106.77446653907027,55533,23.76142861897672,22.93060668666075
279,30,113.71049373437774,47821,23.76142861897672,22.93060668666075
279,25,200.7704345113468,40101,23.76142861897672,22.93060668666075
279,20,400.11403925870815,32380,23.76142861897672,22.93060668666075
279,15,412.1889048511411,24660,23.76142861897672,22.93060668666075
279,10,495.5522376567857,16948,23.76142861897672,22.93060668666075
279,5,544.8639739749196,9228,23.76142861897672,22.93060668666075
280,80,23.76145362762629,125000,23.76145362762629,22.9303967273929
280,75,24.800109019477425,117279,23.76145362762629,22.9303967273929
280,70,28.2376528196636,109567,23.76145362762629,22.9303967273929
280,65,34.097154512391775,101847,23.76145362762629,22.9303967273929
280,60,40.01171326646778,94126,23.76145362762629,22.9303967273929
280,55,42.1204328093249,86406,23.76145362762629,22.9303967273929
280,50,51.26819207514515,78694,23.76145362762629,22.9303967273929
280,45,72.45856169442403,70974,23.76145362762629,22.9303967273929
280,40,88.598711678044,63253,23.76145362762629,22.9303967273929
280,35,106.77573189135292,55533,23.76145362762629,22.9303967273929
280,30,113.71219188108476,47821,23.76145362762629,22.9303967273929
280,25,200.77153084580368,40101,23.76145362762629,22.9303967273929
280,20,400.1111381807285,32380,23.76145362762629,22.9303967273929
280,15,412.1861762547628,24660,23.76145362762629,22.9303967273929
280,10,495.5485615863472,16948,23.76145362762629,22.9303967273929
280,5,544.8595585010202,9228,23.76145362762629,22.9303967273929
281,80,23.760924879202506,125000,23.760924879202506,22.931046167869766
281,75,24.79954001265065,117279,23.760924879202506,22.931046167869766
281,70,28.237035661991683,109567,23.760924879202506,22.931046167869766
281,65,34.09659677930687,101847,23.760924879202506,22.931046167869766
281,60,40.01136482543995,94126,23.760924879202506,22.931046167869766
281,55,42.12008822549081,86406,23.760924879202506,22.931046167869766
281,50,51.26791323294323,78694,23.760924879202506,22.931046167869766
281,45,72.45868753231184,70974,23.760924879202506,22.931046167869766
281,40,88.59890806301941,63253,23.760924879202506,22.931046167869766
281,35,106.7762696278232,55533,23.760924879202506,22.931046167869766
281,30,113.71286738579056,47821,23.760924879202506,22.931046167869766
281,25,200.77301894887205,40101,23.760924879202506,22.931046167869766
281,20,400.1141261046337,32380,23.760924879202506,22.931046167869766
281,15,412.1890021386292,24660,23.760924879202506,22.931046167869766
281,10,495.5519582277561,16948,23.760924879202506,22.931046167869766
281,5,544.8628653962779,9228,23.760924879202506,22.931046167869766
282,80,23.76145362762629,125000,23.76145362762629,22.9303967273929
282,75,24.800109019477425,117279,23.76145362762629,22.9303967273929
282,70,28.2376528196636,109567,23.76145362762629,22.9303967273929
282,65,34.097154512391775,101847,23.76145362762629,22.9303967273929
282,60,40.01171326646778,94126,23.76145362762629,22.9303967273929
282,55,42.1204328093249,86406,23.76145362762629,22.9303967273929
282,50,51.26819207514515,78694,23.76145362762629,22.9303967273929
282,45,72.45856169442403,70974,23.76145362762629,22.9303967273929
282,40,88.598711678044,63253,23.76145362762629,22.9303967273929
282,35,106.77573189135292,55533,23.76145362762629,22.9303967273929
282,30,113.71219188108476,47821,23.76145362762629,22.9303967273929
282,25,200.77153084580368,40101,23.76145362762629,22.9303967273929
282,20,400.1111381807285,32380,23.76145362762629,22.9303967273929
282,15,412.1861762547628,24660,23.76145362762629,22.9303967273929
282,10,495.5485615863472,16948,23.76145362762629,22.9303967273929
282,5,544.8595585010202,9228,23.76145362762629,22.9303967273929
283,80,23.760837393579177,125000,23.760837393579177,22.93117103158616
283,75,24.799478184363448,117279,23.760837393579177,22.93117103158616
283,70,28.236947252963745,109567,23.760837393579177,22.93117103158616
283,65,34.09648312588413,101847,23.760837393579177,22.93117103158616
283,60,40.01112281593149,94126,23.760837393579177,22.93117103158616
283,55,42.11984925486,86406,23.760837393579177,22.93117103158616
283,50,51.26779652444561,78694,23.760837393579177,22.93117103158616
283,45,72.45841648316403,70974,23.760837393579177,22.93117103158616
283,40,88.59845896789888,63253,23.760837393579177,22.93117103158616
283,35,106.77573219293583,55533,23.760837393579177,22.93117103158616
283,30,113.7122993722641,47821,23.760837393579177,22.93117103158616
283,25,200.7722069979988,40101,23.760837393579177,22.93117103158616
283,20,400.1145498637308,32380,23.760837393579177,22.93117103158616
283,15,412.1893967829565,24660,23.760837393579177,22.93117103158616
283,10,495.552675687577,16948,23.760837393579177,22.93117103158616
283,5,544.863826125872,9228,23.760837393579177,22.93117103158616
284,80,23.75967553903769,125000,23.75967553903769,22.93191444108216
284,75,24.79815958459592,117279,23.75967553903769,22.93191444108216
284,70,28.235594157662817,109567,23.75967553903769,22.93191444108216
284,65,34.095006574330384,101847,23.75967553903769,22.93191444108216
284,60,40.00960073601174,94126,23.75967553903769,22.93191444108216
284,55,42.11844825619517,86406,23.75967553903769,22.93191444108216
284,50,51.26600403284976,78694,23.75967553903769,22.93191444108216
284,45,72.45619495478806,70974,23.75967553903769,22.93191444108216
284,40,88.59555816001814,63253,23.75967553903769,22.93191444108216
284,35,106.77231876941838,55533,23.75967553903769,22.93191444108216
284,30,113.70887080218868,47821,23.75967553903769,22.93191444108216
284,25,200.76718412247672,40101,23.75967553903769,22.93191444108216
284,20,400.1067837088156,32380,23.75967553903769,22.93191444108216
284,15,412.1817942426514,24660,23.75967553903769,22.93191444108216
284,10,495.5437284326508,16948,23.75967553903769,22.93191444108216
284,5,544.854846609085,9228,23.75967553903769,22.93191444108216
285,80,23.760259575560983,125000,23.760259575560983,22.931262121451898
285,75,24.798808944118903,117279,23.760259575560983,22.931262121451898
285,70,28.23631685718925,109567,23.760259575560983,22.931262121451898
285,65,34.095653771465386,101847,23.760259575560983,22.931262121451898
285,60,40.01006445210091,94126,23.760259575560983,22.931262121451898
285,55,42.118911137068736,86406,23.760259575560983,22.931262121451898
285,50,51.26649580584208,78694,23.760259575560983,22.931262121451898
285,45,72.45648202573496,70974,23.760259575560983,22.931262121451898
285,40,88.59592392574264,63253,23.760259575560983,22.931262121451898
285,35,106.77232682672842,55533,23.760259575560983,22.931262121451898
285,30,113.70871048320676,47821,23.760259575560983,22.931262121451898
285,25,200.76675056492448,40101,23.760259575560983,22.931262121451898
285,20,400.10513286668805,32380,23.760259575560983,22.931262121451898
285,15,412.18023614831645,24660,23.760259575560983,22.931262121451898
285,10,495.5415712964831,16948,23.760259575560983,22.931262121451898
285,5,544.8527404009263,9228,23.760259575560983,22.931262121451898
286,80,23.75913355153488,125000,23.75913355153488,22.932700695283263
286,75,24.79757476578261,117279,23.75913355153488,22.932700695283263
286,70,28.235002636492048,109567,23.75913355153488,22.932700695283263
286,65,34.094360701607634,101847,23.75913355153488,22.932700695283263
286,60,40.00887833648946,94126,23.75913355153488,22.932700695283263
286,55,42.1176454569416,86406,23.75913355153488,22.932700695283263
286,50,51.26553195288998,78694,23.75913355153488,22.932700695283263
286,45,72.45597079062266,70974,23.75913355153488,22.932700695283263
286,40,88.59482901961287,63253,23.75913355153488,22.932700695283263
286,35,106.77181016694136,55533,23.75913355153488,22.932700695283263
286,30,113.70835263157328,47821,23.75913355153488,22.932700695283263
286,25,200.76798393837265,40101,23.75913355153488,22.932700695283263
286,20,400.1118503925094,32380,23.75913355153488,22.932700695283263
286,15,412.1863314459815,24660,23.75913355153488,22.932700695283263
286,10,495.5496005329754,16948,23.75913355153488,22.932700695283263
286,5,544.8610985166118,9228,23.75913355153488,22.932700695283263
287,80,23.759534098078525,125000,23.759534098078525,22.93222915386939
287,75,24.798016597436582,117279,23.759534098078525,22.93222915386939
287,70,28.23551992575136,109567,23.759534098078525,22.93222915386939
287,65,34.09484316319976,101847,23.759534098078525,22.93222915386939
287,60,40.0091999477377,94126,23.759534098078525,22.93222915386939
287,55,42.11796479972669,86406,23.759534098078525,22.93222915386939
287,50,51.26585081892337,78694,23.759534098078525,22.93222915386939
287,45,72.45603752367454,70974,23.759534098078525,22.93222915386939
287,40,88.5948741304843,63253,23.759534098078525,22.93222915386939
287,35,106.77156654622137,55533,23.759534098078525,22.93222915386939
287,30,113.70800108997818,47821,23.759534098078525,22.93222915386939
287,25,200.76710854941908,40101,23.759534098078525,22.93222915386939
287,20,400.1099176490024,32380,23.759534098078525,22.93222915386939
287,15,412.18465224323165,24660,23.759534098078525,22.93222915386939
287,10,495.54742528125377,16948,23.759534098078525,22.93222915386939
287,5,544.8590805263102,9228,23.759534098078525,22.93222915386939
288,80,23.759026213246464,125000,23.759026213246464,22.93278478347068
288,75,24.797456674748997,117279,23.759026213246464,22.93278478347068
288,70,28.23486250427178,109567,23.759026213246464,22.93278478347068
288,65,34.09421714069309,101847,23.759026213246464,22.93278478347068
288,60,40.00876381451573,94126,23.759026213246464,22.93278478347068
288,55,42.11751045205767,86406,23.759026213246464,22.93278478347068
288,50,51.2652916471855,78694,23.759026213246464,22.93278478347068
288,45,72.45576153819725,70974,23.759026213246464,22.93278478347068
288,40,88.59450581296743,63253,23.759026213246464,22.93278478347068
288,35,106.77152360459014,55533,23.759026213246464,22.93278478347068
288,30,113.70811681138504,47821,23.759026213246464,22.93278478347068
288,25,200.76743763884943,40101,23.759026213246464,22.93278478347068
288,20,400.1110998575605,32380,23.759026213246464,22.93278478347068
288,15,412.1857063023517,24660,23.759026213246464,22.93278478347068
288,10,495.5490665541887,16948,23.759026213246464,22.93278478347068
288,5,544.8606348132195,9228,23.759026213246464,22.93278478347068
290,80,23.75889001294833,125000,23.75889001294833,22.93297151563413
290,75,24.7973997381799,117279,23.75889001294833,22.93297151563413
290,70,28.23475686019721,109567,23.75889001294833,22.93297151563413
290,65,34.09402616470585,101847,23.75889001294833,22.93297151563413
290,60,40.00841175451642,94126,23.75889001294833,22.93297151563413
290,55,42.11710285088293,86406,23.75889001294833,22.93297151563413
290,50,51.26508788869428,78694,23.75889001294833,22.93297151563413
290,45,72.45524384033651,70974,23.75889001294833,22.93297151563413
290,40,88.5937811626422,63253,23.75889001294833,22.93297151563413
290,35,106.77075941168948,55533,23.75889001294833,22.93297151563413
290,30,113.70721818228652,47821,23.75889001294833,22.93297151563413
290,25,200.76650012673028,40101,23.75889001294833,22.93297151563413
290,20,400.11197616079176,32380,23.75889001294833,22.93297151563413
290,15,412.1864101446996,24660,23.75889001294833,22.93297151563413
290,10,495.5501445936221,16948,23.75889001294833,22.93297151563413
290,5,544.8619479100282,9228,23.75889001294833,22.93297151563413
292,80,23.75968255508208,125000,23.75968255508208,22.93227146997617
292,75,24.798337225002548,117279,23.75968255508208,22.93227146997617
292,70,28.235875513811035,109567,23.75968255508208,22.93227146997617
292,65,34.09500490577912,101847,23.75968255508208,22.93227146997617
292,60,40.00893780356994,94126,23.75968255508208,22.93227146997617
292,55,42.11761232392914,86406,23.75968255508208,22.93227146997617
292,50,51.26612074139704,78694,23.75968255508208,22.93227146997617
292,45,72.45589953531912,70974,23.75968255508208,22.93227146997617
292,40,88.5943402480693,63253,23.75968255508208,22.93227146997617
292,35,106.77054848261884,55533,23.75968255508208,22.93227146997617
292,30,113.70675305739604,47821,23.75968255508208,22.93227146997617
292,25,200.76588740730207,40101,23.75968255508208,22.93227146997617
292,20,400.1127418471447,32380,23.75968255508208,22.93227146997617
292,15,412.18758503355855,24660,23.75968255508208,22.93227146997617
292,10,495.55086767858086,16948,23.75968255508208,22.93227146997617
292,5,544.8634903935994,9228,23.75968255508208,22.93227146997617
293,80,23.75551632127684,125000,23.75551632127684,22.936502457125123
293,75,24.79401407445136,117279,23.75551632127684,22.936502457125123
293,70,28.231082863808783,109567,23.75551632127684,22.936502457125123
293,65,34.09027810731576,101847,23.75551632127684,22.936502457125123
293,60,40.00363995931357,94126,23.75551632127684,22.936502457125123
293,55,42.112152385122094,86406,23.75551632127684,22.936502457125123
293,50,51.261433325470726,78694,23.75551632127684,22.936502457125123
293,45,72.45142131661832,70974,23.75551632127684,22.936502457125123
293,40,88.58767736012331,63253,23.75551632127684,22.936502457125123
293,35,106.76345244768189,55533,23.75551632127684,22.936502457125123
293,30,113.70011614323336,47821,23.75551632127684,22.936502457125123
293,25,200.75988745401813,40101,23.75551632127684,22.936502457125123
293,20,400.112322787278,32380,23.75551632127684,22.936502457125123
293,15,412.1864144995016,24660,23.75551632127684,22.936502457125123
293,10,495.5542221055373,16948,23.75551632127684,22.936502457125123
293,5,544.8684584732421,9228,23.75551632127684,22.936502457125123
294,80,23.761848077810992,125000,23.761848077810992,22.92892644221588
294,75,24.80073405701411,117279,23.761848077810992,22.92892644221588
294,70,28.238505182996317,109567,23.761848077810992,22.92892644221588
294,65,34.09612156788602,101847,23.761848077810992,22.92892644221588
294,60,40.00720741234723,94126,23.761848077810992,22.92892644221588
294,55,42.11550926657282,86406,23.761848077810992,22.92892644221588
294,50,51.26670719157983,78694,23.761848077810992,22.92892644221588
294,45,72.45346388089366,70974,23.761848077810992,22.92892644221588
294,40,88.59199255753212,63253,23.761848077810992,22.92892644221588
294,35,106.7644634650706,55533,23.761848077810992,22.92892644221588
294,30,113.69792498425036,47821,23.761848077810992,22.92892644221588
294,25,200.75171635817048,40101,23.761848077810992,22.92892644221588
294,20,400.0889056955223,32380,23.761848077810992,22.92892644221588
294,15,412.16451145243394,24660,23.761848077810992,22.92892644221588
294,10,495.5218062035613,16948,23.761848077810992,22.92892644221588
294,5,544.8336667072371,9228,23.761848077810992,22.92892644221588
295,80,23.76289041756461,125000,23.76289041756461,22.927424344406887
295,75,24.8017996476767,117279,23.76289041756461,22.927424344406887
295,70,28.23977238384945,109567,23.76289041756461,22.927424344406887
295,65,34.096841801368925,101847,23.76289041756461,22.927424344406887
295,60,40.0074771170097,94126,23.76289041756461,22.927424344406887
295,55,42.11558198925519,86406,23.76289041756461,22.927424344406887
295,50,51.26700353355935,78694,23.76289041756461,22.927424344406887
295,45,72.45261579680125,70974,23.76289041756461,22.927424344406887
295,40,88.59134634963802,63253,23.76289041756461,22.927424344406887
295,35,106.76281073368058,55533,23.76289041756461,22.927424344406887
295,30,113.69555669796875,47821,23.76289041756461,22.927424344406887
295,25,200.7471652711956,40101,23.76289041756461,22.927424344406887
295,20,400.0805320002158,32380,23.76289041756461,22.927424344406887
295,15,412.1563295370012,24660,23.76289041756461,22.927424344406887
295,10,495.5108276116397,16948,23.76289041756461,22.927424344406887
295,5,544.8218722531439,9228,23.76289041756461,22.927424344406887
296,80,23.764010044112787,125000,23.764010044112787,22.92608963137921
296,75,24.803032806252062,117279,23.764010044112787,22.92608963137921
296,70,28.241081145667223,109567,23.764010044112787,22.92608963137921
296,65,34.09797164497802,101847,23.764010044112787,22.92608963137921
296,60,40.008181263664206,94126,23.764010044112787,22.92608963137921
296,55,42.116313296081856,86406,23.764010044112787,22.92608963137921
296,50,51.2677875129146,78694,23.764010044112787,22.92608963137921
296,45,72.45286742389692,70974,23.764010044112787,22.92608963137921
296,40,88.59168870621923,63253,23.764010044112787,22.92608963137921
296,35,106.7623605174053,55533,23.764010044112787,22.92608963137921
296,30,113.69467551069482,47821,23.764010044112787,22.92608963137921
296,25,200.74538940183717,40101,23.764010044112787,22.92608963137921
296,20,400.0758844942313,32380,23.764010044112787,22.92608963137921
296,15,412.1517867747529,24660,23.764010044112787,22.92608963137921
296,10,495.50487314787085,16948,23.764010044112787,22.92608963137921
296,5,544.8158242723256,9228,23.764010044112787,22.92608963137921
297,80,23.759822474716096,125000,23.759822474716096,22.93117813630001
297,75,24.798640654719534,117279,23.759822474716096,22.93117813630001
297,70,28.236210682543035,109567,23.759822474716096,22.93117813630001
297,65,34.09412202697798,101847,23.759822474716096,22.93117813630001
297,60,40.00565671065781,94126,23.759822474716096,22.93117813630001
297,55,42.11408799335992,86406,23.759822474716096,22.93117813630001
297,50,51.26513617351651,78694,23.759822474716096,22.93117813630001
297,45,72.45274432450053,70974,23.759822474716096,22.93117813630001
297,40,88.59095653429839,63253,23.759822474716096,22.93117813630001
297,35,106.76443166083912,55533,23.759822474716096,22.93117813630001
297,30,113.69843300167418,47821,23.759822474716096,22.93117813630001
297,25,200.7536271730883,40101,23.759822474716096,22.93117813630001
297,20,400.0939945561529,32380,23.759822474716096,22.93117813630001
297,15,412.1691408497544,24660,23.759822474716096,22.93117813630001
297,10,495.5287229579575,16948,23.759822474716096,22.93117813630001
297,5,544.8407216545793,9228,23.759822474716096,22.93117813630001
300,80,23.76263351151314,125000,23.76263351151314,22.92808149969436
300,75,24.80146845765463,117279,23.76263351151314,22.92808149969436
300,70,28.238932341739325,109567,23.76263351151314,22.92808149969436
300,65,34.09656023127402,101847,23.76263351151314,22.92808149969436
300,60,40.0079344384048,94126,23.76263351151314,22.92808149969436
300,55,42.11634119543666,86406,23.76263351151314,22.92808149969436
300,50,51.26797116698511,78694,23.76263351151314,22.92808149969436
300,45,72.4544547990681,70974,23.76263351151314,22.92808149969436
300,40,88.59332451002666,63253,23.76263351151314,22.92808149969436
300,35,106.76581037269958,55533,23.76263351151314,22.92808149969436
300,30,113.6991131895779,47821,23.76263351151314,22.92808149969436
300,25,200.7516690908201,40101,23.76263351151314,22.92808149969436
300,20,400.0883892445617,32380,23.76263351151314,22.92808149969436
300,15,412.16345694027126,24660,23.76263351151314,22.92808149969436
300,10,495.5204890339104,16948,23.76263351151314,22.92808149969436
300,5,544.8315977993416,9228,23.76263351151314,22.92808149969436
301,80,23.7645056827507,125000,23.7645056827507,22.92573454928275
301,75,24.803541691375575,117279,23.7645056827507,22.92573454928275
301,70,28.241188743043,109567,23.7645056827507,22.92573454928275
301,65,34.098524161430696,101847,23.7645056827507,22.92573454928275
301,60,40.00932258175641,94126,23.7645056827507,22.92573454928275
301,55,42.11775267965271,86406,23.7645056827507,22.92573454928275
301,50,51.26914583701669,78694,23.7645056827507,22.92573454928275
301,45,72.45441386241109,70974,23.7645056827507,22.92573454928275
301,40,88.59299930196914,63253,23.7645056827507,22.92573454928275
301,35,106.7641618560147,55533,23.7645056827507,22.92573454928275
301,30,113.69699029816655,47821,23.7645056827507,22.92573454928275
301,25,200.74727862567084,40101,23.7645056827507,22.92573454928275
301,20,400.0777885604221,32380,23.7645056827507,22.92573454928275
301,15,412.1530539859506,24660,23.7645056827507,22.92573454928275
301,10,495.5078604440448,16948,23.7645056827507,22.92573454928275
301,5,544.818748977664,9228,23.7645056827507,22.92573454928275
302,80,23.76401165765676,125000,23.76401165765676,22.92627711290545
302,75,24.802995595236094,117279,23.76401165765676,22.92627711290545
302,70,28.240545089292773,109567,23.76401165765676,22.92627711290545
302,65,34.09791196287996,101847,23.76401165765676,22.92627711290545
302,60,40.00890021270217,94126,23.76401165765676,22.92627711290545
302,55,42.11731209930025,86406,23.76401165765676,22.92627711290545
302,50,51.268600393317016,78694,23.76401165765676,22.92627711290545
302,45,72.45415155084041,70974,23.76401165765676,22.92627711290545
302,40,88.59264460610827,63253,23.76401165765676,22.92627711290545
302,35,106.76413247552486,55533,23.76401165765676,22.92627711290545
302,30,113.6971194648977,47821,23.76401165765676,22.92627711290545
302,25,200.7476211192016,40101,23.76401165765676,22.92627711290545
302,20,400.0789841409124,32380,23.76401165765676,22.92627711290545
302,15,412.1541213929253,24660,23.76401165765676,22.92627711290545
302,10,495.509515031471,16948,23.76401165765676,22.92627711290545
302,5,544.8203165777543,9228,23.76401165765676,22.92627711290545
303,80,23.76432693855608,125000,23.76432693855608,22.925872934236555
303,75,24.80337700504429,117279,23.76432693855608,22.925872934236555
303,70,28.24097469484915,109567,23.76432693855608,22.925872934236555
303,65,34.09831049144848,101847,23.76432693855608,22.925872934236555
303,60,40.009116437812445,94126,23.76432693855608,22.925872934236555
303,55,42.11763063826654,86406,23.76432693855608,22.925872934236555
303,50,51.26914176498711,78694,23.76432693855608,22.925872934236555
303,45,72.45425595946796,70974,23.76432693855608,22.925872934236555
303,40,88.59274171784548,63253,23.76432693855608,22.925872934236555
303,35,106.7637257908017,55533,23.76432693855608,22.925872934236555
303,30,113.69658262465092,47821,23.76432693855608,22.925872934236555
303,25,200.7460759716257,40101,23.76432693855608,22.925872934236555
303,20,400.07674195978944,32380,23.76432693855608,22.925872934236555
303,15,412.1521950865991,24660,23.76432693855608,22.925872934236555
303,10,495.5069849213139,16948,23.76432693855608,22.925872934236555
303,5,544.8179397609915,9228,23.76432693855608,22.925872934236555
304,80,23.76440254298546,125000,23.76440254298546,22.92601607503041
304,75,24.80340653926293,117279,23.76440254298546,22.92601607503041
304,70,28.24102861457645,109567,23.76440254298546,22.92601607503041
304,65,34.098461752164624,101847,23.76440254298546,22.92601607503041
304,60,40.00949881275918,94126,23.76440254298546,22.92601607503041
304,55,42.11794301803701,86406,23.76440254298546,22.92601607503041
304,50,51.26928517837436,78694,23.76440254298546,22.92601607503041
304,45,72.45491463015225,70974,23.76440254298546,22.92601607503041
304,40,88.59358354527721,63253,23.76440254298546,22.92601607503041
304,35,106.76533632721338,55533,23.76440254298546,22.92601607503041
304,30,113.69841404420028,47821,23.76440254298546,22.92601607503041
304,25,200.74932139281876,40101,23.76440254298546,22.92601607503041
304,20,400.0816579460395,32380,23.76440254298546,22.92601607503041
304,15,412.1567100533502,24660,23.76440254298546,22.92601607503041
304,10,495.51234272863536,16948,23.76440254298546,22.92601607503041
304,5,544.8230747139783,9228,23.76440254298546,22.92601607503041
305,80,23.764005360588254,125000,23.764005360588254,22.92637216728357
305,75,24.80303384540117,117279,23.764005360588254,22.92637216728357
305,70,28.240601542321063,109567,23.764005360588254,22.92637216728357
305,65,34.09803227900998,101847,23.764005360588254,22.92637216728357
305,60,40.00909340723503,94126,23.764005360588254,22.92637216728357
305,55,42.11766692555918,86406,23.764005360588254,22.92637216728357
305,50,51.26922829752827,78694,23.764005360588254,22.92637216728357
305,45,72.45475789584259,70974,23.764005360588254,22.92637216728357
305,40,88.59326587973838,63253,23.764005360588254,22.92637216728357
305,35,106.7647636638965,55533,23.764005360588254,22.92637216728357
305,30,113.69789178292147,47821,23.764005360588254,22.92637216728357
305,25,200.74791765429856,40101,23.764005360588254,22.92637216728357
305,20,400.08049723228027,32380,23.764005360588254,22.92637216728357
305,15,412.15583094790185,24660,23.764005360588254,22.92637216728357
305,10,495.5115526990976,16948,23.764005360588254,22.92637216728357
305,5,544.8224310821682,9228,23.764005360588254,22.92637216728357
306,80,23.764005360588254,125000,23.764005360588254,22.92637216728357
306,75,24.80303384540117,117279,23.764005360588254,22.92637216728357
306,70,28.240601542321063,109567,23.764005360588254,22.92637216728357
306,65,34.09803227900998,101847,23.764005360588254,22.92637216728357
306,60,40.00909340723503,94126,23.764005360588254,22.92637216728357
306,55,42.11766692555918,86406,23.764005360588254,22.92637216728357
306,50,51.26922829752827,78694,23.764005360588254,22.92637216728357
306,45,72.45475789584259,70974,23.764005360588254,22.92637216728357
306,40,88.59326587973838,63253,23.764005360588254,22.92637216728357
306,35,106.7647636638965,55533,23.764005360588254,22.92637216728357
306,30,113.69789178292147,47821,23.764005360588254,22.92637216728357
306,25,200.74791765429856,40101,23.764005360588254,22.92637216728357
306,20,400.08049723228027,32380,23.764005360588254,22.92637216728357
306,15,412.15583094790185,24660,23.764005360588254,22.92637216728357
306,10,495.5115526990976,16948,23.764005360588254,22.92637216728357
306,5,544.8224310821682,9228,23.764005360588254,22.92637216728357
307,80,23.764005360588254,125000,23.764005360588254,22.92637216728357
307,75,24.80303384540117,117279,23.764005360588254,22.92637216728357
307,70,28.240601542321063,109567,23.764005360588254,22.92637216728357
307,65,34.09803227900998,101847,23.764005360588254,22.92637216728357
307,60,40.00909340723503,94126,23.764005360588254,22.92637216728357
307,55,42.11766692555918,86406,23.764005360588254,22.92637216728357
307,50,51.26922829752827,78694,23.764005360588254,22.92637216728357
307,45,72.45475789584259,70974,23.764005360588254,22.92637216728357
307,40,88.59326587973838,63253,23.764005360588254,22.92637216728357
307,35,106.7647636638965,55533,23.764005360588254,22.92637216728357
307,30,113.69789178292147,47821,23.764005360588254,22.92637216728357
307,25,200.74791765429856,40101,23.764005360588254,22.92637216728357
307,20,400.08049723228027,32380,23.764005360588254,22.92637216728357
307,15,412.15583094790185,24660,23.764005360588254,22.92637216728357
307,10,495.5115526990976,16948,23.764005360588254,22.92637216728357
307,5,544.8224310821682,9228,23.764005360588254,22.92637216728357
308,80,23.762755753549385,125000,23.762755753549385,22.928170931834572
308,75,24.80175940424317,117279,23.762755753549385,22.928170931834572
308,70,28.239487775912327,109567,23.762755753549385,22.928170931834572
308,65,34.09707692532026,101847,23.762755753549385,22.928170931834572
308,60,40.00854538298377,94126,23.762755753549385,22.928170931834572
308,55,42.11714204985133,86406,23.762755753549385,22.928170931834572
308,50,51.26887554388562,78694,23.762755753549385,22.928170931834572
308,45,72.4556240374735,70974,23.762755753549385,22.928170931834572
308,40,88.5942172513384,63253,23.762755753549385,22.928170931834572
308,35,106.76681754200968,55533,23.762755753549385,22.928170931834572
308,30,113.70027414204112,47821,23.762755753549385,22.928170931834572
308,25,200.75343323704004,40101,23.762755753549385,22.928170931834572
308,20,400.0929156997118,32380,23.762755753549385,22.928170931834572
308,15,412.1680699036479,24660,23.762755753549385,22.928170931834572
308,10,495.52581266248615,16948,23.762755753549385,22.928170931834572
308,5,544.8365257288158,9228,23.762755753549385,22.928170931834572
310,80,23.762381253719983,125000,23.762381253719983,22.928606217778533
310,75,24.80133558946541,117279,23.762381253719983,22.928606217778533
310,70,28.23908024112723,109567,23.762381253719983,22.928606217778533
310,65,34.09667164515962,101847,23.762381253719983,22.928606217778533
310,60,40.00821487193127,94126,23.762381253719983,22.928606217778533
310,55,42.11677279373917,86406,23.762381253719983,22.928606217778533
310,50,51.26881717682345,78694,23.762381253719983,22.928606217778533
310,45,72.4555726344891,70974,23.762381253719983,22.928606217778533
310,40,88.59409180076047,63253,23.762381253719983,22.928606217778533
310,35,106.76664482517064,55533,23.762381253719983,22.928606217778533
310,30,113.70012370370186,47821,23.762381253719983,22.928606217778533
310,25,200.7536507295636,40101,23.762381253719983,22.928606217778533
310,20,400.0945783509897,32380,23.762381253719983,22.928606217778533
310,15,412.1697293602419,24660,23.762381253719983,22.928606217778533
310,10,495.5274755759176,16948,23.762381253719983,22.928606217778533
310,5,544.8382825632681,9228,23.762381253719983,22.928606217778533
311,80,17.808690383416995,125000,17.808690383416995,17.558260743505247
311,75,18.28343937862904,117279,17.808690383416995,17.558260743505247
311,70,20.030174088256384,109567,17.808690383416995,17.558260743505247
311,65,22.836033363104363,101847,17.808690383416995,17.558260743505247
311,60,26.035353368132505,94126,17.808690383416995,17.558260743505247
311,55,26.791047685218317,86406,17.808690383416995,17.558260743505247
311,50,31.654224984290547,78694,17.808690383416995,17.558260743505247
311,45,42.8938827023492,70974,17.808690383416995,17.558260743505247
311,40,51.43860532414296,63253,17.808690383416995,17.558260743505247
311,35,62.56933737627333,55533,17.808690383416995,17.558260743505247
311,30,66.38339766476165,47821,17.808690383416995,17.558260743505247
311,25,111.38007378462238,40101,17.808690383416995,17.558260743505247
311,20,211.1321368063948,32380,17.808690383416995,17.558260743505247
311,15,214.99267365155484,24660,17.808690383416995,17.558260743505247
311,10,263.84253050690944,16948,17.808690383416995,17.558260743505247
311,5,312.68962925239003,9228,17.808690383416995,17.558260743505247
312,80,21.050790029397508,125000,21.050790029397508,13.118380131868456
312,75,21.337364402878457,117279,21.050790029397508,13.118380131868456
312,70,22.9037599611939,109567,21.050790029397508,13.118380131868456
312,65,24.564091164013337,101847,21.050790029397508,13.118380131868456
312,60,26.77131102791272,94126,21.050790029397508,13.118380131868456
312,55,27.27077535783838,86406,21.050790029397508,13.118380131868456
312,50,31.6154198542936,78694,21.050790029397508,13.118380131868456
312,45,40.52656703478635,70974,21.050790029397508,13.118380131868456
312,40,48.337433130529725,63253,21.050790029397508,13.118380131868456
312,35,58.93806565610348,55533,21.050790029397508,13.118380131868456
312,30,62.392951490806254,47821,21.050790029397508,13.118380131868456
312,25,100.3394335500902,40101,21.050790029397508,13.118380131868456
312,20,175.82165423888682,32380,21.050790029397508,13.118380131868456
312,15,178.84539788293645,24660,21.050790029397508,13.118380131868456
312,10,217.64650088268888,16948,21.050790029397508,13.118380131868456
312,5,276.15226568178286,9228,21.050790029397508,13.118380131868456
313,80,26.414807501081487,125000,26.414807501081487,9.666610812984285
313,75,26.579783480614577,117279,26.414807501081487,9.666610812984285
313,70,28.015098722221897,109567,26.414807501081487,9.666610812984285
313,65,29.158874853457,101847,26.414807501081487,9.666610812984285
313,60,30.808428520648143,94126,26.414807501081487,9.666610812984285
313,55,31.13082101220947,86406,26.414807501081487,9.666610812984285
313,50,35.078125965378035,78694,26.414807501081487,9.666610812984285
313,45,42.23146927329714,70974,26.414807501081487,9.666610812984285
313,40,49.103989351241104,63253,26.414807501081487,9.666610812984285
313,35,59.04726083406855,55533,26.414807501081487,9.666610812984285
313,30,61.90318418190035,47821,26.414807501081487,9.666610812984285
313,25,92.79221474576008,40101,26.414807501081487,9.666610812984285
313,20,151.8037717289828,32380,26.414807501081487,9.666610812984285
313,15,154.04895699123887,24660,26.414807501081487,9.666610812984285
313,10,186.8880044759236,16948,26.414807501081487,9.666610812984285
313,5,255.34166381285272,9228,26.414807501081487,9.666610812984285
315,80,49.8853058228932,125000,49.8853058228932,4.377840711762922
315,75,50.0760374773231,117279,49.8853058228932,4.377840711762922
315,70,51.22607185854307,109567,49.8853058228932,4.377840711762922
315,65,51.9188632565749,101847,49.8853058228932,4.377840711762922
315,60,54.11200040209276,94126,49.8853058228932,4.377840711762922
315,55,54.57818718566662,86406,49.8853058228932,4.377840711762922
315,50,57.77007455018545,78694,49.8853058228932,4.377840711762922
315,45,61.49669179312717,70974,49.8853058228932,4.377840711762922
315,40,66.82466947882047,63253,49.8853058228932,4.377840711762922
315,35,74.94422204681749,55533,49.8853058228932,4.377840711762922
315,30,77.64051711967208,47821,49.8853058228932,4.377840711762922
315,25,96.18869096178736,40101,49.8853058228932,4.377840711762922
315,20,130.5384027318389,32380,49.8853058228932,4.377840711762922
315,15,133.51358733478787,24660,49.8853058228932,4.377840711762922
315,10,150.6257706456768,16948,49.8853058228932,4.377840711762922
315,5,218.38992275020584,9228,49.8853058228932,4.377840711762922
316,80,69.22728683035123,125000,69.22728683035123,3.0468635715516097
316,75,69.52499010020803,117279,69.22728683035123,3.0468635715516097
316,70,70.37155674781278,109567,69.22728683035123,3.0468635715516097
316,65,70.56326904174674,101847,69.22728683035123,3.0468635715516097
316,60,73.08843707899474,94126,69.22728683035123,3.0468635715516097
316,55,73.93469932338458,86406,69.22728683035123,3.0468635715516097
316,50,75.49120221339655,78694,69.22728683035123,3.0468635715516097
316,45,78.27109316073867,70974,69.22728683035123,3.0468635715516097
316,40,83.07429157018112,63253,69.22728683035123,3.0468635715516097
316,35,88.14110848817273,55533,69.22728683035123,3.0468635715516097
316,30,91.3495314702949,47821,69.22728683035123,3.0468635715516097
316,25,105.11332064420112,40101,69.22728683035123,3.0468635715516097
316,20,132.1944763787465,32380,69.22728683035123,3.0468635715516097
316,15,137.5048730333622,24660,69.22728683035123,3.0468635715516097
316,10,148.726924730741,16948,69.22728683035123,3.0468635715516097
316,5,210.92609840075167,9228,69.22728683035123,3.0468635715516097
317,80,87.74956535686981,125000,87.74956535686981,2.4379265800410383
317,75,88.24465349291272,117279,87.74956535686981,2.4379265800410383
317,70,89.43538139721372,109567,87.74956535686981,2.4379265800410383
317,65,89.99398047129479,101847,87.74956535686981,2.4379265800410383
317,60,91.91950199713844,94126,87.74956535686981,2.4379265800410383
317,55,93.305125681689,86406,87.74956535686981,2.4379265800410383
317,50,94.70251321977275,78694,87.74956535686981,2.4379265800410383
317,45,95.71208794347308,70974,87.74956535686981,2.4379265800410383
317,40,100.6730981052577,63253,87.74956535686981,2.4379265800410383
317,35,104.71874486274788,55533,87.74956535686981,2.4379265800410383
317,30,108.8249272998328,47821,87.74956535686981,2.4379265800410383
317,25,119.87111811684544,40101,87.74956535686981,2.4379265800410383
317,20,137.15100894347302,32380,87.74956535686981,2.4379265800410383
317,15,147.45506375147963,24660,87.74956535686981,2.4379265800410383
317,10,159.30669280638193,16948,87.74956535686981,2.4379265800410383
317,5,213.9269977705612,9228,87.74956535686981,2.4379265800410383
318,80,117.33390765837518,125000,117.33390765837518,2.1314806629652305
318,75,119.2613948352574,117279,117.33390765837518,2.1314806629652305
318,70,121.45884835779655,109567,117.33390765837518,2.1314806629652305
318,65,121.73430106904809,101847,117.33390765837518,2.1314806629652305
318,60,122.77154046405455,94126,117.33390765837518,2.1314806629652305
318,55,125.30605394991412,86406,117.33390765837518,2.1314806629652305
318,50,128.48237652865322,78694,117.33390765837518,2.1314806629652305
318,45,128.7984059227203,70974,117.33390765837518,2.1314806629652305
318,40,133.6618538358214,63253,117.33390765837518,2.1314806629652305
318,35,137.671523012091,55533,117.33390765837518,2.1314806629652305
318,30,143.14550641266382,47821,117.33390765837518,2.1314806629652305
318,25,153.86628816244513,40101,117.33390765837518,2.1314806629652305
318,20,168.01532868539277,32380,117.33390765837518,2.1314806629652305
318,15,182.18936255061456,24660,117.33390765837518,2.1314806629652305
318,10,201.29460910287835,16948,117.33390765837518,2.1314806629652305
318,5,250.09495528397468,9228,117.33390765837518,2.1314806629652305
319,80,169.5153580025753,125000,169.5153580025753,1.831111811143932
319,75,172.96652260653048,117279,169.5153580025753,1.831111811143932
319,70,176.00264862072706,109567,169.5153580025753,1.831111811143932
319,65,176.783047702855,101847,169.5153580025753,1.831111811143932
319,60,177.5513836087721,94126,169.5153580025753,1.831111811143932
319,55,179.61123040663054,86406,169.5153580025753,1.831111811143932
319,50,183.7264920354302,78694,169.5153580025753,1.831111811143932
319,45,183.98851405876852,70974,169.5153580025753,1.831111811143932
319,40,188.9847314578363,63253,169.5153580025753,1.831111811143932
319,35,193.31746893759967,55533,169.5153580025753,1.831111811143932
319,30,200.17480740449292,47821,169.5153580025753,1.831111811143932
319,25,211.9493525041236,40101,169.5153580025753,1.831111811143932
319,20,222.7325212488381,32380,169.5153580025753,1.831111811143932
319,15,240.97171168998213,24660,169.5153580025753,1.831111811143932
319,10,269.78533191701365,16948,169.5153580025753,1.831111811143932
319,5,310.4015742088077,9228,169.5153580025753,1.831111811143932
320,80,218.81109131704912,125000,218.81109131704912,1.7097819432907662
320,75,221.96244727765773,117279,218.81109131704912,1.7097819432907662
320,70,226.3919530076592,109567,218.81109131704912,1.7097819432907662
320,65,228.4852040352968,101847,218.81109131704912,1.7097819432907662
320,60,231.9896349176325,94126,218.81109131704912,1.7097819432907662
320,55,233.4613812770149,86406,218.81109131704912,1.7097819432907662
320,50,237.09544997939796,78694,218.81109131704912,1.7097819432907662
320,45,243.34529470122487,70974,218.81109131704912,1.7097819432907662
320,40,246.3406762805448,63253,218.81109131704912,1.7097819432907662
320,35,249.951524675174,55533,218.81109131704912,1.7097819432907662
320,30,258.78686192577175,47821,218.81109131704912,1.7097819432907662
320,25,269.49113275694134,40101,218.81109131704912,1.7097819432907662
320,20,282.5160044325596,32380,218.81109131704912,1.7097819432907662
320,15,301.8010517064474,24660,218.81109131704912,1.7097819432907662
320,10,341.5416549706724,16948,218.81109131704912,1.7097819432907662
320,5,374.1192529256375,9228,218.81109131704912,1.7097819432907662
323,80,556.472616810226,125000,556.472616810226,1.6594280052565695
323,75,558.8824275790056,117279,556.472616810226,1.6594280052565695
323,70,568.2891457469193,109567,556.472616810226,1.6594280052565695
323,65,591.1501933474989,101847,556.472616810226,1.6594280052565695
323,60,604.6926093753756,94126,556.472616810226,1.6594280052565695
323,55,612.6993600342236,86406,556.472616810226,1.6594280052565695
323,50,615.6717855557142,78694,556.472616810226,1.6594280052565695
323,45,621.0088892883102,70974,556.472616810226,1.6594280052565695
323,40,630.1717268287669,63253,556.472616810226,1.6594280052565695
323,35,633.4765336146257,55533,556.472616810226,1.6594280052565695
323,30,651.4459947493903,47821,556.472616810226,1.6594280052565695
323,25,685.122499201077,40101,556.472616810226,1.6594280052565695
323,20,735.0670288576717,32380,556.472616810226,1.6594280052565695
323,15,756.7984971869586,24660,556.472616810226,1.6594280052565695
323,10,842.8941772831348,16948,556.472616810226,1.6594280052565695
323,5,923.4262444932968,9228,556.472616810226,1.6594280052565695
324,80,854.7835978897813,125000,854.7835978897813,1.605459290975331
324,75,861.677105024382,117279,854.7835978897813,1.605459290975331
324,70,876.5823759195724,109567,854.7835978897813,1.605459290975331
324,65,905.049296723378,101847,854.7835978897813,1.605459290975331
324,60,915.803620147056,94126,854.7835978897813,1.605459290975331
324,55,934.4867719636754,86406,854.7835978897813,1.605459290975331
324,50,937.4988385328784,78694,854.7835978897813,1.605459290975331
324,45,946.5548830018768,70974,854.7835978897813,1.605459290975331
324,40,956.739785829869,63253,854.7835978897813,1.605459290975331
324,35,965.5809737711916,55533,854.7835978897813,1.605459290975331
324,30,991.9026142891856,47821,854.7835978897813,1.605459290975331
324,25,1029.5124436985798,40101,854.7835978897813,1.605459290975331
324,20,1120.447524602101,32380,854.7835978897813,1.605459290975331
324,15,1135.880258640525,24660,854.7835978897813,1.605459290975331
324,10,1227.8561291690676,16948,854.7835978897813,1.605459290975331
324,5,1372.320269005471,9228,854.7835978897813,1.605459290975331
325,80,1101.6239125383947,125000,1101.6239125383947,1.697287320726678
325,75,1108.1804955049276,117279,1101.6239125383947,1.697287320726678
325,70,1119.5103019908615,109567,1101.6239125383947,1.697287320726678
325,65,1139.2120047458409,101847,1101.6239125383947,1.697287320726678
325,60,1150.1437575075313,94126,1101.6239125383947,1.697287320726678
325,55,1168.577853563398,86406,1101.6239125383947,1.697287320726678
325,50,1183.153752564819,78694,1101.6239125383947,1.697287320726678
325,45,1194.8421278965627,70974,1101.6239125383947,1.697287320726678
325,40,1215.8678835493683,63253,1101.6239125383947,1.697287320726678
325,35,1244.2160412030578,55533,1101.6239125383947,1.697287320726678
325,30,1258.5622419937658,47821,1101.6239125383947,1.697287320726678
325,25,1308.0466062225453,40101,1101.6239125383947,1.697287320726678
325,20,1443.7764628648174,32380,1101.6239125383947,1.697287320726678
325,15,1481.546632534449,24660,1101.6239125383947,1.697287320726678
325,10,1580.4696332429546,16948,1101.6239125383947,1.697287320726678
325,5,1869.7722989607323,9228,1101.6239125383947,1.697287320726678
326,80,1022.9747783474904,125000,1022.9747783474904,1.8165732070935736
326,75,1035.6152941105197,117279,1022.9747783474904,1.8165732070935736
326,70,1039.9604136041846,109567,1022.9747783474904,1.8165732070935736
326,65,1047.4162759011692,101847,1022.9747783474904,1.8165732070935736
326,60,1067.675004680083,94126,1022.9747783474904,1.8165732070935736
326,55,1079.3133466456302,86406,1022.9747783474904,1.8165732070935736
326,50,1110.8267311930597,78694,1022.9747783474904,1.8165732070935736
326,45,1125.9194050523386,70974,1022.9747783474904,1.8165732070935736
326,40,1157.106804648398,63253,1022.9747783474904,1.8165732070935736
326,35,1187.446574367175,55533,1022.9747783474904,1.8165732070935736
326,30,1202.8068491272354,47821,1022.9747783474904,1.8165732070935736
326,25,1244.4796981051484,40101,1022.9747783474904,1.8165732070935736
326,20,1313.095637435939,32380,1022.9747783474904,1.8165732070935736
326,15,1416.4964972264513,24660,1022.9747783474904,1.8165732070935736
326,10,1537.7222158742643,16948,1022.9747783474904,1.8165732070935736
326,5,1858.3085738785385,9228,1022.9747783474904,1.8165732070935736
327,80,989.1397740304726,125000,989.1397740304726,1.92984734035482
327,75,1006.6915425043028,117279,989.1397740304726,1.92984734035482
327,70,1015.2642942679906,109567,989.1397740304726,1.92984734035482
327,65,1025.9907747465818,101847,989.1397740304726,1.92984734035482
327,60,1042.0518124530263,94126,989.1397740304726,1.92984734035482
327,55,1045.550014761444,86406,989.1397740304726,1.92984734035482
327,50,1077.9890071995546,78694,989.1397740304726,1.92984734035482
327,45,1100.3099483269789,70974,989.1397740304726,1.92984734035482
327,40,1136.9983238917273,63253,989.1397740304726,1.92984734035482
327,35,1165.1925862285302,55533,989.1397740304726,1.92984734035482
327,30,1206.010992920338,47821,989.1397740304726,1.92984734035482
327,25,1255.7539452561414,40101,989.1397740304726,1.92984734035482
327,20,1285.3133413777048,32380,989.1397740304726,1.92984734035482
327,15,1433.5740630764813,24660,989.1397740304726,1.92984734035482
327,10,1563.523424491104,16948,989.1397740304726,1.92984734035482
327,5,1908.8887621518752,9228,989.1397740304726,1.92984734035482
328,80,1047.745983617103,125000,1047.745983617103,1.9660485179333125
328,75,1060.9447991480515,117279,1047.745983617103,1.9660485179333125
328,70,1073.130501106445,109567,1047.745983617103,1.9660485179333125
328,65,1084.6217539904533,101847,1047.745983617103,1.9660485179333125
328,60,1099.8423045020231,94126,1047.745983617103,1.9660485179333125
328,55,1113.4963310413164,86406,1047.745983617103,1.9660485179333125
328,50,1156.374219900548,78694,1047.745983617103,1.9660485179333125
328,45,1186.2709214935994,70974,1047.745983617103,1.9660485179333125
328,40,1232.9056075538288,63253,1047.745983617103,1.9660485179333125
328,35,1279.091787985495,55533,1047.745983617103,1.9660485179333125
328,30,1322.9347375341852,47821,1047.745983617103,1.9660485179333125
328,25,1361.2716728634305,40101,1047.745983617103,1.9660485179333125
328,20,1388.7639517481032,32380,1047.745983617103,1.9660485179333125
328,15,1542.1444519558809,24660,1047.745983617103,1.9660485179333125
328,10,1694.9386283996791,16948,1047.745983617103,1.9660485179333125
328,5,2059.9194382609867,9228,1047.745983617103,1.9660485179333125
329,80,1198.4877386819308,125000,1198.4877386819308,1.7423946358554612
329,75,1210.0065224673335,117279,1198.4877386819308,1.7423946358554612
329,70,1238.994945903411,109567,1198.4877386819308,1.7423946358554612
329,65,1247.0903389469536,101847,1198.4877386819308,1.7423946358554612
329,60,1266.7677078418164,94126,1198.4877386819308,1.7423946358554612
329,55,1281.9040055468254,86406,1198.4877386819308,1.7423946358554612
329,50,1295.493400426306,78694,1198.4877386819308,1.7423946358554612
329,45,1332.1158826466924,70974,1198.4877386819308,1.7423946358554612
329,40,1386.744474548438,63253,1198.4877386819308,1.7423946358554612
329,35,1435.647497294733,55533,1198.4877386819308,1.7423946358554612
329,30,1460.911264356282,47821,1198.4877386819308,1.7423946358554612
329,25,1506.8279194819854,40101,1198.4877386819308,1.7423946358554612
329,20,1543.3748093971444,32380,1198.4877386819308,1.7423946358554612
329,15,1694.8395240419711,24660,1198.4877386819308,1.7423946358554612
329,10,1779.7217518648486,16948,1198.4877386819308,1.7423946358554612
329,5,2088.2386070179377,9228,1198.4877386819308,1.7423946358554612
330,80,1151.3422304547037,125000,1151.3422304547037,1.8316495510523167
330,75,1161.0416073567756,117279,1151.3422304547037,1.8316495510523167
330,70,1166.2344675762563,109567,1151.3422304547037,1.8316495510523167
330,65,1176.848880177611,101847,1151.3422304547037,1.8316495510523167
330,60,1213.929577184227,94126,1151.3422304547037,1.8316495510523167
330,55,1219.3530313910449,86406,1151.3422304547037,1.8316495510523167
330,50,1235.0572101323578,78694,1151.3422304547037,1.8316495510523167
330,45,1251.522269134421,70974,1151.3422304547037,1.8316495510523167
330,40,1349.9895466022797,63253,1151.3422304547037,1.8316495510523167
330,35,1397.3541740612498,55533,1151.3422304547037,1.8316495510523167
330,30,1416.2376269896874,47821,1151.3422304547037,1.8316495510523167
330,25,1469.517572295997,40101,1151.3422304547037,1.8316495510523167
330,20,1518.1684154101663,32380,1151.3422304547037,1.8316495510523167
330,15,1569.2576528020986,24660,1151.3422304547037,1.8316495510523167
330,10,1768.7966279709362,16948,1151.3422304547037,1.8316495510523167
330,5,2108.855479519932,9228,1151.3422304547037,1.8316495510523167
333,80,1245.7807980815523,125000,1245.7807980815523,2.082710563546495
333,75,1253.8590534196453,117279,1245.7807980815523,2.082710563546495
333,70,1265.5354264483517,109567,1245.7807980815523,2.082710563546495
333,65,1277.2636446246604,101847,1245.7807980815523,2.082710563546495
333,60,1292.9856494571295,94126,1245.7807980815523,2.082710563546495
333,55,1306.5681448721512,86406,1245.7807980815523,2.082710563546495
333,50,1329.6336612604284,78694,1245.7807980815523,2.082710563546495
333,45,1366.8753383066846,70974,1245.7807980815523,2.082710563546495
333,40,1393.8743822962915,63253,1245.7807980815523,2.082710563546495
333,35,1429.6743800278368,55533,1245.7807980815523,2.082710563546495
333,30,1480.59620810585,47821,1245.7807980815523,2.082710563546495
333,25,1515.1540562778043,40101,1245.7807980815523,2.082710563546495
333,20,1613.829033814961,32380,1245.7807980815523,2.082710563546495
333,15,1684.7119207645326,24660,1245.7807980815523,2.082710563546495
333,10,1922.404466214301,16948,1245.7807980815523,2.082710563546495
333,5,2594.600828027832,9228,1245.7807980815523,2.082710563546495
334,80,1401.7746047071366,125000,1401.7746047071366,1.961802783433206
334,75,1413.6817014761923,117279,1401.7746047071366,1.961802783433206
334,70,1419.5943189580569,109567,1401.7746047071366,1.961802783433206
334,65,1431.8982115431404,101847,1401.7746047071366,1.961802783433206
334,60,1458.4063381443011,94126,1401.7746047071366,1.961802783433206
334,55,1470.887571979579,86406,1401.7746047071366,1.961802783433206
334,50,1498.9557330321877,78694,1401.7746047071366,1.961802783433206
334,45,1510.8861826135517,70974,1401.7746047071366,1.961802783433206
334,40,1581.9758071538529,63253,1401.7746047071366,1.961802783433206
334,35,1605.6024235469308,55533,1401.7746047071366,1.961802783433206
334,30,1680.721933225821,47821,1401.7746047071366,1.961802783433206
334,25,1709.9579331508585,40101,1401.7746047071366,1.961802783433206
334,20,1837.984383562948,32380,1401.7746047071366,1.961802783433206
334,15,1867.9956762135769,24660,1401.7746047071366,1.961802783433206
334,10,2091.616561874732,16948,1401.7746047071366,1.961802783433206
334,5,2750.005321260443,9228,1401.7746047071366,1.961802783433206
335,80,1535.8275561374692,125000,1535.8275561374692,1.7741528552683343
335,75,1538.1423076720528,117279,1535.8275561374692,1.7741528552683343
335,70,1547.2529004960747,109567,1535.8275561374692,1.7741528552683343
335,65,1565.6910940336718,101847,1535.8275561374692,1.7741528552683343
335,60,1579.7938938107504,94126,1535.8275561374692,1.7741528552683343
335,55,1594.415607075788,86406,1535.8275561374692,1.7741528552683343
335,50,1603.3665809373967,78694,1535.8275561374692,1.7741528552683343
335,45,1626.1518368077964,70974,1535.8275561374692,1.7741528552683343
335,40,1642.8076043314854,63253,1535.8275561374692,1.7741528552683343
335,35,1665.493584776992,55533,1535.8275561374692,1.7741528552683343
335,30,1728.2607912070514,47821,1535.8275561374692,1.7741528552683343
335,25,1787.6359145126542,40101,1535.8275561374692,1.7741528552683343
335,20,1873.891086914948,32380,1535.8275561374692,1.7741528552683343
335,15,1885.1371681614344,24660,1535.8275561374692,1.7741528552683343
335,10,2090.8430107231043,16948,1535.8275561374692,1.7741528552683343
335,5,2724.792843921079,9228,1535.8275561374692,1.7741528552683343
336,80,1517.7572947779083,125000,1517.7572947779083,1.7157424210088497
336,75,1531.020512041585,117279,1517.7572947779083,1.7157424210088497
336,70,1537.531853943868,109567,1517.7572947779083,1.7157424210088497
336,65,1548.401297141538,101847,1517.7572947779083,1.7157424210088497
336,60,1563.432534768486,94126,1517.7572947779083,1.7157424210088497
336,55,1572.1223129814823,86406,1517.7572947779083,1.7157424210088497
336,50,1597.108566531712,78694,1517.7572947779083,1.7157424210088497
336,45,1610.9661434625064,70974,1517.7572947779083,1.7157424210088497
336,40,1624.404030049328,63253,1517.7572947779083,1.7157424210088497
336,35,1646.164086080552,55533,1517.7572947779083,1.7157424210088497
336,30,1681.6281358127346,47821,1517.7572947779083,1.7157424210088497
336,25,1734.583693961334,40101,1517.7572947779083,1.7157424210088497
336,20,1751.227753096099,32380,1517.7572947779083,1.7157424210088497
336,15,1767.6026288056185,24660,1517.7572947779083,1.7157424210088497
336,10,2015.0661296655685,16948,1517.7572947779083,1.7157424210088497
336,5,2604.0805754460907,9228,1517.7572947779083,1.7157424210088497
337,80,1499.947740013812,125000,1499.947740013812,1.7574437833931214
337,75,1508.2402764355547,117279,1499.947740013812,1.7574437833931214
337,70,1512.1526599601605,109567,1499.947740013812,1.7574437833931214
337,65,1520.7427348631743,101847,1499.947740013812,1.7574437833931214
337,60,1542.5014775469551,94126,1499.947740013812,1.7574437833931214
337,55,1552.5251654004412,86406,1499.947740013812,1.7574437833931214
337,50,1575.3883406392076,78694,1499.947740013812,1.7574437833931214
337,45,1588.006044756799,70974,1499.947740013812,1.7574437833931214
337,40,1602.60169575713,63253,1499.947740013812,1.7574437833931214
337,35,1619.5561246731963,55533,1499.947740013812,1.7574437833931214
337,30,1663.8017127814126,47821,1499.947740013812,1.7574437833931214
337,25,1687.2364655668446,40101,1499.947740013812,1.7574437833931214
337,20,1699.0493038654174,32380,1499.947740013812,1.7574437833931214
337,15,1726.9034337076794,24660,1499.947740013812,1.7574437833931214
337,10,2111.0882993360565,16948,1499.947740013812,1.7574437833931214
337,5,2636.073831101836,9228,1499.947740013812,1.7574437833931214
338,80,1497.5649455264088,125000,1497.5649455264088,1.7023014229321198
338,75,1513.9176716745933,117279,1497.5649455264088,1.7023014229321198
338,70,1530.4566098456307,109567,1497.5649455264088,1.7023014229321198
338,65,1544.877674054426,101847,1497.5649455264088,1.7023014229321198
338,60,1561.5248204006882,94126,1497.5649455264088,1.7023014229321198
338,55,1572.2763547126033,86406,1497.5649455264088,1.7023014229321198
338,50,1598.91508110956,78694,1497.5649455264088,1.7023014229321198
338,45,1629.38840164782,70974,1497.5649455264088,1.7023014229321198
338,40,1635.955868960726,63253,1497.5649455264088,1.7023014229321198
338,35,1655.1120270771885,55533,1497.5649455264088,1.7023014229321198
338,30,1693.8947714757646,47821,1497.5649455264088,1.7023014229321198
338,25,1715.7044265774014,40101,1497.5649455264088,1.7023014229321198
338,20,1735.4436203144144,32380,1497.5649455264088,1.7023014229321198
338,15,1802.554943037219,24660,1497.5649455264088,1.7023014229321198
338,10,2094.1799322985657,16948,1497.5649455264088,1.7023014229321198
338,5,2549.3069377028683,9228,1497.5649455264088,1.7023014229321198
339,80,1449.8233183018606,125000,1449.8233183018606,1.6766348611039876
339,75,1473.9651589765272,117279,1449.8233183018606,1.6766348611039876
339,70,1499.9292541449515,109567,1449.8233183018606,1.6766348611039876
339,65,1514.948004927328,101847,1449.8233183018606,1.6766348611039876
339,60,1538.0215363101186,94126,1449.8233183018606,1.6766348611039876
339,55,1550.521046389352,86406,1449.8233183018606,1.6766348611039876
339,50,1578.9990287509893,78694,1449.8233183018606,1.6766348611039876
339,45,1635.7675302665302,70974,1449.8233183018606,1.6766348611039876
339,40,1643.3213494855763,63253,1449.8233183018606,1.6766348611039876
339,35,1652.242118533855,55533,1449.8233183018606,1.6766348611039876
339,30,1685.6048907227666,47821,1449.8233183018606,1.6766348611039876
339,25,1704.656030891381,40101,1449.8233183018606,1.6766348611039876
339,20,1729.471921608504,32380,1449.8233183018606,1.6766348611039876
339,15,1815.8560785229809,24660,1449.8233183018606,1.6766348611039876
339,10,2044.1529188231304,16948,1449.8233183018606,1.6766348611039876
339,5,2430.8243179063625,9228,1449.8233183018606,1.6766348611039876
340,80,1379.4699604386606,125000,1379.4699604386606,1.7062517376892747
340,75,1398.4337534239655,117279,1379.4699604386606,1.7062517376892747
340,70,1410.527268260768,109567,1379.4699604386606,1.7062517376892747
340,65,1420.8027335211366,101847,1379.4699604386606,1.7062517376892747
340,60,1462.8750127967337,94126,1379.4699604386606,1.7062517376892747
340,55,1495.198398901445,86406,1379.4699604386606,1.7062517376892747
340,50,1532.4501383609452,78694,1379.4699604386606,1.7062517376892747
340,45,1611.365737522538,70974,1379.4699604386606,1.7062517376892747
340,40,1630.0228865334082,63253,1379.4699604386606,1.7062517376892747
340,35,1641.671704509037,55533,1379.4699604386606,1.7062517376892747
340,30,1661.2922984673835,47821,1379.4699604386606,1.7062517376892747
340,25,1698.7754009010912,40101,1379.4699604386606,1.7062517376892747
340,20,1726.6286709113929,32380,1379.4699604386606,1.7062517376892747
340,15,1787.1507033635098,24660,1379.4699604386606,1.7062517376892747
340,10,1983.42400135,16948,1379.4699604386606,1.7062517376892747
340,5,2353.72301708862,9228,1379.4699604386606,1.7062517376892747
341,80,1345.4714067738732,125000,1345.4714067738732,1.6401456024574748
341,75,1359.2700019443128,117279,1345.4714067738732,1.6401456024574748
341,70,1370.2462784827603,109567,1345.4714067738732,1.6401456024574748
341,65,1378.5516168838012,101847,1345.4714067738732,1.6401456024574748
341,60,1419.81097899334,94126,1345.4714067738732,1.6401456024574748
341,55,1454.4890340838003,86406,1345.4714067738732,1.6401456024574748
341,50,1464.7324126539183,78694,1345.4714067738732,1.6401456024574748
341,45,1541.2020803079315,70974,1345.4714067738732,1.6401456024574748
341,40,1567.8957148290656,63253,1345.4714067738732,1.6401456024574748
341,35,1583.0671876008803,55533,1345.4714067738732,1.6401456024574748
341,30,1598.988940653776,47821,1345.4714067738732,1.6401456024574748
341,25,1643.829633831885,40101,1345.4714067738732,1.6401456024574748
341,20,1669.502838860379,32380,1345.4714067738732,1.6401456024574748
341,15,1733.1761889894062,24660,1345.4714067738732,1.6401456024574748
341,10,1889.1095064274853,16948,1345.4714067738732,1.6401456024574748
341,5,2206.7690110524404,9228,1345.4714067738732,1.6401456024574748
342,80,1239.95604581526,125000,1239.95604581526,1.5684562364418793
342,75,1255.8175260181542,117279,1239.95604581526,1.5684562364418793
342,70,1289.0776981125014,109567,1239.95604581526,1.5684562364418793
342,65,1296.6131699300463,101847,1239.95604581526,1.5684562364418793
342,60,1316.170615271998,94126,1239.95604581526,1.5684562364418793
342,55,1369.0954023200638,86406,1239.95604581526,1.5684562364418793
342,50,1379.333803103485,78694,1239.95604581526,1.5684562364418793
342,45,1440.5686113810966,70974,1239.95604581526,1.5684562364418793
342,40,1468.910900301175,63253,1239.95604581526,1.5684562364418793
342,35,1504.0539964561212,55533,1239.95604581526,1.5684562364418793
342,30,1515.812408974089,47821,1239.95604581526,1.5684562364418793
342,25,1569.8558124231636,40101,1239.95604581526,1.5684562364418793
342,20,1585.8828893449138,32380,1239.95604581526,1.5684562364418793
342,15,1639.4954376577937,24660,1239.95604581526,1.5684562364418793
342,10,1735.6114604531535,16948,1239.95604581526,1.5684562364418793
342,5,1944.8167929727567,9228,1239.95604581526,1.5684562364418793
344,80,1032.170220469553,125000,1032.170220469553,1.5211721052900151
344,75,1050.8549197127272,117279,1032.170220469553,1.5211721052900151
344,70,1068.001172045205,109567,1032.170220469553,1.5211721052900151
344,65,1099.5545707889742,101847,1032.170220469553,1.5211721052900151
344,60,1143.747457373781,94126,1032.170220469553,1.5211721052900151
344,55,1163.947995168931,86406,1032.170220469553,1.5211721052900151
344,50,1228.445917918525,78694,1032.170220469553,1.5211721052900151
344,45,1234.8589725480545,70974,1032.170220469553,1.5211721052900151
344,40,1248.381611178087,63253,1032.170220469553,1.5211721052900151
344,35,1256.2129979130168,55533,1032.170220469553,1.5211721052900151
344,30,1281.3133471843937,47821,1032.170220469553,1.5211721052900151
344,25,1330.6406141905943,40101,1032.170220469553,1.5211721052900151
344,20,1342.8710655219104,32380,1032.170220469553,1.5211721052900151
344,15,1376.7961581453771,24660,1032.170220469553,1.5211721052900151
344,10,1450.6711891509242,16948,1032.170220469553,1.5211721052900151
344,5,1570.108547289329,9228,1032.170220469553,1.5211721052900151
345,80,1014.2760648016446,125000,1014.2760648016446,1.4416125598611853
345,75,1024.829431425411,117279,1014.2760648016446,1.4416125598611853
345,70,1040.9451734232125,109567,1014.2760648016446,1.4416125598611853
345,65,1068.737191415221,101847,1014.2760648016446,1.4416125598611853
345,60,1095.1287477432588,94126,1014.2760648016446,1.4416125598611853
345,55,1110.37303853105,86406,1014.2760648016446,1.4416125598611853
345,50,1169.8733617949374,78694,1014.2760648016446,1.4416125598611853
345,45,1175.4727955457347,70974,1014.2760648016446,1.4416125598611853
345,40,1181.0824048215836,63253,1014.2760648016446,1.4416125598611853
345,35,1186.0784801454702,55533,1014.2760648016446,1.4416125598611853
345,30,1202.7338172885345,47821,1014.2760648016446,1.4416125598611853
345,25,1249.6599626841428,40101,1014.2760648016446,1.4416125598611853
345,20,1258.3375648853971,32380,1014.2760648016446,1.4416125598611853
345,15,1272.5903906565225,24660,1014.2760648016446,1.4416125598611853
345,10,1358.0684820688848,16948,1014.2760648016446,1.4416125598611853
345,5,1462.1931141846285,9228,1014.2760648016446,1.4416125598611853
347,80,851.2678706850376,125000,851.2678706850376,1.4610469112906326
347,75,861.5507359213755,117279,851.2678706850376,1.4610469112906326
347,70,887.8512853570511,109567,851.2678706850376,1.4610469112906326
347,65,902.6632253981364,101847,851.2678706850376,1.4610469112906326
347,60,922.4010973372618,94126,851.2678706850376,1.4610469112906326
347,55,929.5741841796269,86406,851.2678706850376,1.4610469112906326
347,50,937.0224913839088,78694,851.2678706850376,1.4610469112906326
347,45,950.932336892124,70974,851.2678706850376,1.4610469112906326
347,40,964.9648954254064,63253,851.2678706850376,1.4610469112906326
347,35,975.0794411436502,55533,851.2678706850376,1.4610469112906326
347,30,1001.4673083296648,47821,851.2678706850376,1.4610469112906326
347,25,1039.5262309856034,40101,851.2678706850376,1.4610469112906326
347,20,1062.2253267315432,32380,851.2678706850376,1.4610469112906326
347,15,1071.230665543323,24660,851.2678706850376,1.4610469112906326
347,10,1182.0462819416823,16948,851.2678706850376,1.4610469112906326
347,5,1243.7422931453275,9228,851.2678706850376,1.4610469112906326
348,80,824.5901243247022,125000,824.5901243247022,1.461453200834996
348,75,826.0195038777375,117279,824.5901243247022,1.461453200834996
348,70,847.0205661825163,109567,824.5901243247022,1.461453200834996
348,65,858.6466873512416,101847,824.5901243247022,1.461453200834996
348,60,873.8173396186108,94126,824.5901243247022,1.461453200834996
348,55,878.4137337841687,86406,824.5901243247022,1.461453200834996
348,50,884.4904835776265,78694,824.5901243247022,1.461453200834996
348,45,895.4926697592568,70974,824.5901243247022,1.461453200834996
348,40,910.1389158507152,63253,824.5901243247022,1.461453200834996
348,35,919.0293420744772,55533,824.5901243247022,1.461453200834996
348,30,940.5251091480142,47821,824.5901243247022,1.461453200834996
348,25,983.831212610988,40101,824.5901243247022,1.461453200834996
348,20,1007.0459722803477,32380,824.5901243247022,1.461453200834996
348,15,1018.7123707580412,24660,824.5901243247022,1.461453200834996
348,10,1145.9970942523469,16948,824.5901243247022,1.461453200834996
348,5,1205.0998765712632,9228,824.5901243247022,1.461453200834996
349,80,821.6810533257017,125000,821.6810533257017,1.4958945743156675
349,75,823.5332117367803,117279,821.6810533257017,1.4958945743156675
349,70,836.7903922536324,109567,821.6810533257017,1.4958945743156675
349,65,846.7719143327329,101847,821.6810533257017,1.4958945743156675
349,60,854.2659954327509,94126,821.6810533257017,1.4958945743156675
349,55,863.8269984131548,86406,821.6810533257017,1.4958945743156675
349,50,873.4194694021006,78694,821.6810533257017,1.4958945743156675
349,45,886.611026994109,70974,821.6810533257017,1.4958945743156675
349,40,905.0762950370212,63253,821.6810533257017,1.4958945743156675
349,35,916.459157130048,55533,821.6810533257017,1.4958945743156675
349,30,927.6926140186204,47821,821.6810533257017,1.4958945743156675
349,25,986.0505329461304,40101,821.6810533257017,1.4958945743156675
349,20,1004.3811170845696,32380,821.6810533257017,1.4958945743156675
349,15,1024.0375691109484,24660,821.6810533257017,1.4958945743156675
349,10,1148.8578621049946,16948,821.6810533257017,1.4958945743156675
349,5,1229.1482294879,9228,821.6810533257017,1.4958945743156675
350,80,834.6995407277705,125000,834.6995407277705,1.5282179472964783
350,75,837.7666082316123,117279,834.6995407277705,1.5282179472964783
350,70,844.197087238233,109567,834.6995407277705,1.5282179472964783
350,65,857.883702111341,101847,834.6995407277705,1.5282179472964783
350,60,863.4683217530736,94126,834.6995407277705,1.5282179472964783
350,55,874.0727105121116,86406,834.6995407277705,1.5282179472964783
350,50,884.4136599297485,78694,834.6995407277705,1.5282179472964783
350,45,897.1172686173031,70974,834.6995407277705,1.5282179472964783
350,40,918.4052148212994,63253,834.6995407277705,1.5282179472964783
350,35,924.9430775009866,55533,834.6995407277705,1.5282179472964783
350,30,934.2344051859676,47821,834.6995407277705,1.5282179472964783
350,25,1010.9846786992812,40101,834.6995407277705,1.5282179472964783
350,20,1031.26329645567,32380,834.6995407277705,1.5282179472964783
350,15,1065.5721013603895,24660,834.6995407277705,1.5282179472964783
350,10,1172.912721082207,16948,834.6995407277705,1.5282179472964783
350,5,1275.6028187403067,9228,834.6995407277705,1.5282179472964783
351,80,873.1778636604145,125000,873.1778636604145,1.5250296712506886
351,75,879.37695091845,117279,873.1778636604145,1.5250296712506886
351,70,886.5733429364387,109567,873.1778636604145,1.5250296712506886
351,65,902.7693478265994,101847,873.1778636604145,1.5250296712506886
351,60,908.5799720836096,94126,873.1778636604145,1.5250296712506886
351,55,914.1562766630386,86406,873.1778636604145,1.5250296712506886
351,50,920.292361621078,78694,873.1778636604145,1.5250296712506886
351,45,930.8218508211204,70974,873.1778636604145,1.5250296712506886
351,40,950.5405387514718,63253,873.1778636604145,1.5250296712506886
351,35,954.2516397335984,55533,873.1778636604145,1.5250296712506886
351,30,958.3940214352976,47821,873.1778636604145,1.5250296712506886
351,25,1050.0617508475173,40101,873.1778636604145,1.5250296712506886
351,20,1073.7919296885027,32380,873.1778636604145,1.5250296712506886
351,15,1112.6156363912685,24660,873.1778636604145,1.5250296712506886
351,10,1213.8444658692592,16948,873.1778636604145,1.5250296712506886
351,5,1331.6221503614204,9228,873.1778636604145,1.5250296712506886
352,80,865.133462031489,125000,865.133462031489,1.540626237504587
352,75,872.1376346572536,117279,865.133462031489,1.540626237504587
352,70,882.267431477403,109567,865.133462031489,1.540626237504587
352,65,899.2754060870819,101847,865.133462031489,1.540626237504587
352,60,904.5967597497672,94126,865.133462031489,1.540626237504587
352,55,907.3359422543436,86406,865.133462031489,1.540626237504587
352,50,912.7175495640736,78694,865.133462031489,1.540626237504587
352,45,921.8514216700174,70974,865.133462031489,1.540626237504587
352,40,938.7358705126088,63253,865.133462031489,1.540626237504587
352,35,943.1732475386808,55533,865.133462031489,1.540626237504587
352,30,947.1952826737196,47821,865.133462031489,1.540626237504587
352,25,1038.0983319858503,40101,865.133462031489,1.540626237504587
352,20,1060.7807341123655,32380,865.133462031489,1.540626237504587
352,15,1099.566569016574,24660,865.133462031489,1.540626237504587
352,10,1201.4661714711006,16948,865.133462031489,1.540626237504587
352,5,1332.8473105488904,9228,865.133462031489,1.540626237504587
353,80,841.8057969793252,125000,841.8057969793252,1.5856582744958456
353,75,852.9398599003737,117279,841.8057969793252,1.5856582744958456
353,70,866.1045450518815,109567,841.8057969793252,1.5856582744958456
353,65,882.3308748964557,101847,841.8057969793252,1.5856582744958456
353,60,888.9198719991529,94126,841.8057969793252,1.5856582744958456
353,55,893.4451867817321,86406,841.8057969793252,1.5856582744958456
353,50,897.4575306210078,78694,841.8057969793252,1.5856582744958456
353,45,906.4106904908076,70974,841.8057969793252,1.5856582744958456
353,40,921.6108810993256,63253,841.8057969793252,1.5856582744958456
353,35,929.8424210857322,55533,841.8057969793252,1.5856582744958456
353,30,936.4881180749422,47821,841.8057969793252,1.5856582744958456
353,25,1023.7486686727824,40101,841.8057969793252,1.5856582744958456
353,20,1052.5781452121028,32380,841.8057969793252,1.5856582744958456
353,15,1100.2569887742657,24660,841.8057969793252,1.5856582744958456
353,10,1198.7183915737908,16948,841.8057969793252,1.5856582744958456
353,5,1334.816327498837,9228,841.8057969793252,1.5856582744958456
354,80,829.256131640231,125000,829.256131640231,1.633084391121909
354,75,844.9432371718673,117279,829.256131640231,1.633084391121909
354,70,855.6347928978827,109567,829.256131640231,1.633084391121909
354,65,870.1183006323128,101847,829.256131640231,1.633084391121909
354,60,879.9427997044423,94126,829.256131640231,1.633084391121909
354,55,891.0692722959056,86406,829.256131640231,1.633084391121909
354,50,894.6523909015802,78694,829.256131640231,1.633084391121909
354,45,903.8810473797416,70974,829.256131640231,1.633084391121909
354,40,916.3012405153056,63253,829.256131640231,1.633084391121909
354,35,931.901865116216,55533,829.256131640231,1.633084391121909
354,30,941.991434704028,47821,829.256131640231,1.633084391121909
354,25,1026.0564327703564,40101,829.256131640231,1.633084391121909
354,20,1060.9088344709678,32380,829.256131640231,1.633084391121909
354,15,1123.4524990135596,24660,829.256131640231,1.633084391121909
354,10,1211.9527834738435,16948,829.256131640231,1.633084391121909
354,5,1354.2452448237964,9228,829.256131640231,1.633084391121909
355,80,809.9133459278695,125000,809.9133459278695,1.6930346748910643
355,75,830.0311131568635,117279,809.9133459278695,1.6930346748910643
355,70,838.594873666776,109567,809.9133459278695,1.6930346748910643
355,65,854.3487351050956,101847,809.9133459278695,1.6930346748910643
355,60,864.7901115612846,94126,809.9133459278695,1.6930346748910643
355,55,876.7014718932975,86406,809.9133459278695,1.6930346748910643
355,50,882.9806262767441,78694,809.9133459278695,1.6930346748910643
355,45,893.7520250786929,70974,809.9133459278695,1.6930346748910643
355,40,904.7980315407464,63253,809.9133459278695,1.6930346748910643
355,35,930.477225799406,55533,809.9133459278695,1.6930346748910643
355,30,943.4810795798788,47821,809.9133459278695,1.6930346748910643
355,25,1022.3314923630552,40101,809.9133459278695,1.6930346748910643
355,20,1063.5366590636693,32380,809.9133459278695,1.6930346748910643
355,15,1133.2181051194398,24660,809.9133459278695,1.6930346748910643
355,10,1215.9218806002057,16948,809.9133459278695,1.6930346748910643
355,5,1371.2113783129248,9228,809.9133459278695,1.6930346748910643
356,80,801.9337159917111,125000,801.9337159917111,1.7444697446165318
356,75,828.1021271564334,117279,801.9337159917111,1.7444697446165318
356,70,835.0800251088293,109567,801.9337159917111,1.7444697446165318
356,65,855.6216144779913,101847,801.9337159917111,1.7444697446165318
356,60,867.0457344979378,94126,801.9337159917111,1.7444697446165318
356,55,877.7476052496673,86406,801.9337159917111,1.7444697446165318
356,50,885.3658976371139,78694,801.9337159917111,1.7444697446165318
356,45,897.54271081885,70974,801.9337159917111,1.7444697446165318
356,40,906.9900382291114,63253,801.9337159917111,1.7444697446165318
356,35,938.9173047683267,55533,801.9337159917111,1.7444697446165318
356,30,952.9470804059216,47821,801.9337159917111,1.7444697446165318
356,25,1025.756626808674,40101,801.9337159917111,1.7444697446165318
356,20,1079.5319654294565,32380,801.9337159917111,1.7444697446165318
356,15,1151.84043573671,24660,801.9337159917111,1.7444697446165318
356,10,1225.6659831284785,16948,801.9337159917111,1.7444697446165318
356,5,1398.9491047354466,9228,801.9337159917111,1.7444697446165318
357,80,788.569909087822,125000,788.569909087822,1.8156299286637008
357,75,814.941578408609,117279,788.569909087822,1.8156299286637008
357,70,822.1981160586731,109567,788.569909087822,1.8156299286637008
357,65,847.9685605301818,101847,788.569909087822,1.8156299286637008
357,60,861.9089330100795,94126,788.569909087822,1.8156299286637008
357,55,872.6955617511717,86406,788.569909087822,1.8156299286637008
357,50,879.0633617757537,78694,788.569909087822,1.8156299286637008
357,45,890.7608478378879,70974,788.569909087822,1.8156299286637008
357,40,899.8186347714417,63253,788.569909087822,1.8156299286637008
357,35,939.2577846536278,55533,788.569909087822,1.8156299286637008
357,30,955.82647213247,47821,788.569909087822,1.8156299286637008
357,25,1023.1752265651616,40101,788.569909087822,1.8156299286637008
357,20,1090.1334767166386,32380,788.569909087822,1.8156299286637008
357,15,1166.604756834556,24660,788.569909087822,1.8156299286637008
357,10,1234.479451847321,16948,788.569909087822,1.8156299286637008
357,5,1431.7511277834633,9228,788.569909087822,1.8156299286637008
358,80,784.4908808500008,125000,784.4908808500008,1.855510492078073
358,75,808.0037113029558,117279,784.4908808500008,1.855510492078073
358,70,814.8643675580852,109567,784.4908808500008,1.855510492078073
358,65,846.9342549011442,101847,784.4908808500008,1.855510492078073
358,60,864.2547716768214,94126,784.4908808500008,1.855510492078073
358,55,873.8722582052807,86406,784.4908808500008,1.855510492078073
358,50,878.9164549139966,78694,784.4908808500008,1.855510492078073
358,45,890.0101667298557,70974,784.4908808500008,1.855510492078073
358,40,897.0603370903679,63253,784.4908808500008,1.855510492078073
358,35,939.5552425312156,55533,784.4908808500008,1.855510492078073
358,30,958.5515311741008,47821,784.4908808500008,1.855510492078073
358,25,1020.6236003306902,40101,784.4908808500008,1.855510492078073
358,20,1094.7094805464033,32380,784.4908808500008,1.855510492078073
358,15,1174.610877099189,24660,784.4908808500008,1.855510492078073
358,10,1236.264652457154,16948,784.4908808500008,1.855510492078073
358,5,1455.631060356746,9228,784.4908808500008,1.855510492078073
359,80,779.4530889247355,125000,779.4530889247355,1.8981591428266489
359,75,799.2581874435831,117279,779.4530889247355,1.8981591428266489
359,70,805.6267369979938,109567,779.4530889247355,1.8981591428266489
359,65,840.5285970751272,101847,779.4530889247355,1.8981591428266489
359,60,860.4896050837604,94126,779.4530889247355,1.8981591428266489
359,55,869.4144422704811,86406,779.4530889247355,1.8981591428266489
359,50,874.1670019294062,78694,779.4530889247355,1.8981591428266489
359,45,885.6510852085332,70974,779.4530889247355,1.8981591428266489
359,40,891.3860179690628,63253,779.4530889247355,1.8981591428266489
359,35,932.108574006519,55533,779.4530889247355,1.8981591428266489
359,30,950.891288725632,47821,779.4530889247355,1.8981591428266489
359,25,1009.102091230777,40101,779.4530889247355,1.8981591428266489
359,20,1089.0528174382637,32380,779.4530889247355,1.8981591428266489
359,15,1175.5438325048383,24660,779.4530889247355,1.8981591428266489
359,10,1233.3240083503326,16948,779.4530889247355,1.8981591428266489
359,5,1479.5260071469595,9228,779.4530889247355,1.8981591428266489
360,80,793.8757756635838,125000,793.8757756635838,1.931148123654071
360,75,811.3276221816109,117279,793.8757756635838,1.931148123654071
360,70,817.0265957799323,109567,793.8757756635838,1.931148123654071
360,65,850.8541623468193,101847,793.8757756635838,1.931148123654071
360,60,878.1082852644728,94126,793.8757756635838,1.931148123654071
360,55,887.9550196951119,86406,793.8757756635838,1.931148123654071
360,50,894.4489118163062,78694,793.8757756635838,1.931148123654071
360,45,909.2709975595426,70974,793.8757756635838,1.931148123654071
360,40,914.5949726394648,63253,793.8757756635838,1.931148123654071
360,35,957.8382600379634,55533,793.8757756635838,1.931148123654071
360,30,979.88189081809,47821,793.8757756635838,1.931148123654071
360,25,1033.9434220016435,40101,793.8757756635838,1.931148123654071
360,20,1118.423961324739,32380,793.8757756635838,1.931148123654071
360,15,1212.4549923564548,24660,793.8757756635838,1.931148123654071
360,10,1268.472511673447,16948,793.8757756635838,1.931148123654071
360,5,1533.09171458715,9228,793.8757756635838,1.931148123654071
361,80,773.4081474330923,125000,773.4081474330923,1.985600011941209
361,75,793.608614773047,117279,773.4081474330923,1.985600011941209
361,70,799.3918375408346,109567,773.4081474330923,1.985600011941209
361,65,828.6868620696074,101847,773.4081474330923,1.985600011941209
361,60,853.7847246651901,94126,773.4081474330923,1.985600011941209
361,55,865.9196955339908,86406,773.4081474330923,1.985600011941209
361,50,875.7435564399925,78694,773.4081474330923,1.985600011941209
361,45,884.8434888513257,70974,773.4081474330923,1.985600011941209
361,40,893.1639575107953,63253,773.4081474330923,1.985600011941209
361,35,937.7198919901888,55533,773.4081474330923,1.985600011941209
361,30,961.1600246118452,47821,773.4081474330923,1.985600011941209
361,25,1008.3034275848638,40101,773.4081474330923,1.985600011941209
361,20,1121.1396091098843,32380,773.4081474330923,1.985600011941209
361,15,1211.3202403541015,24660,773.4081474330923,1.985600011941209
361,10,1262.3235600579228,16948,773.4081474330923,1.985600011941209
361,5,1535.6792267785763,9228,773.4081474330923,1.985600011941209
362,80,727.8369127343386,125000,727.8369127343386,2.0770113747176557
362,75,747.7117177777395,117279,727.8369127343386,2.0770113747176557
362,70,751.6193426998783,109567,727.8369127343386,2.0770113747176557
362,65,783.1753279591072,101847,727.8369127343386,2.0770113747176557
362,60,806.8001768025669,94126,727.8369127343386,2.0770113747176557
362,55,821.2883597430846,86406,727.8369127343386,2.0770113747176557
362,50,833.0158908670627,78694,727.8369127343386,2.0770113747176557
362,45,841.7873459969718,70974,727.8369127343386,2.0770113747176557
362,40,851.963679488468,63253,727.8369127343386,2.0770113747176557
362,35,903.1307070461212,55533,727.8369127343386,2.0770113747176557
362,30,925.3305444927628,47821,727.8369127343386,2.0770113747176557
362,25,969.0993237573658,40101,727.8369127343386,2.0770113747176557
362,20,1078.1365998198144,32380,727.8369127343386,2.0770113747176557
362,15,1177.6024038644412,24660,727.8369127343386,2.0770113747176557
362,10,1221.5513406830648,16948,727.8369127343386,2.0770113747176557
362,5,1511.725546688603,9228,727.8369127343386,2.0770113747176557
363,80,698.9284687579559,125000,698.9284687579559,2.1657587286346343
363,75,722.2534263861794,117279,698.9284687579559,2.1657587286346343
363,70,726.0605601818444,109567,698.9284687579559,2.1657587286346343
363,65,762.4012307421749,101847,698.9284687579559,2.1657587286346343
363,60,787.2351825238394,94126,698.9284687579559,2.1657587286346343
363,55,803.4645653287649,86406,698.9284687579559,2.1657587286346343
363,50,816.1397290633461,78694,698.9284687579559,2.1657587286346343
363,45,825.8871037411363,70974,698.9284687579559,2.1657587286346343
363,40,836.6727181509758,63253,698.9284687579559,2.1657587286346343
363,35,891.891176919947,55533,698.9284687579559,2.1657587286346343
363,30,914.3156463162802,47821,698.9284687579559,2.1657587286346343
363,25,956.088067683202,40101,698.9284687579559,2.1657587286346343
363,20,1071.0310001676685,32380,698.9284687579559,2.1657587286346343
363,15,1176.404602901656,24660,698.9284687579559,2.1657587286346343
363,10,1217.2836222578055,16948,698.9284687579559,2.1657587286346343
363,5,1513.710431903782,9228,698.9284687579559,2.1657587286346343
364,80,659.9558282288943,125000,659.9558282288943,2.3162115668362264
364,75,687.3578814145476,117279,659.9558282288943,2.3162115668362264
364,70,690.7328296561458,109567,659.9558282288943,2.3162115668362264
364,65,735.480581736318,101847,659.9558282288943,2.3162115668362264
364,60,763.269126942628,94126,659.9558282288943,2.3162115668362264
364,55,782.0955474341464,86406,659.9558282288943,2.3162115668362264
364,50,797.8437690734187,78694,659.9558282288943,2.3162115668362264
364,45,809.4816014739018,70974,659.9558282288943,2.3162115668362264
364,40,822.2892636485964,63253,659.9558282288943,2.3162115668362264
364,35,890.5171885845608,55533,659.9558282288943,2.3162115668362264
364,30,911.707727759095,47821,659.9558282288943,2.3162115668362264
364,25,953.236296334549,40101,659.9558282288943,2.3162115668362264
364,20,1075.8195109944395,32380,659.9558282288943,2.3162115668362264
364,15,1187.058583430928,24660,659.9558282288943,2.3162115668362264
364,10,1223.7892883803684,16948,659.9558282288943,2.3162115668362264
364,5,1528.597322944747,9228,659.9558282288943,2.3162115668362264
365,80,635.5699401305718,125000,635.5699401305718,2.423335817195357
365,75,664.8240030955345,117279,635.5699401305718,2.423335817195357
365,70,667.9173785888353,109567,635.5699401305718,2.423335817195357
365,65,717.8788747349791,101847,635.5699401305718,2.423335817195357
365,60,747.1333562716475,94126,635.5699401305718,2.423335817195357
365,55,768.3448311797148,86406,635.5699401305718,2.423335817195357
365,50,785.5337062934888,78694,635.5699401305718,2.423335817195357
365,45,799.2020735577147,70974,635.5699401305718,2.423335817195357
365,40,814.7114500808342,63253,635.5699401305718,2.423335817195357
365,35,893.3391060797314,55533,635.5699401305718,2.423335817195357
365,30,914.0674364405752,47821,635.5699401305718,2.423335817195357
365,25,954.7241200470986,40101,635.5699401305718,2.423335817195357
365,20,1081.2138304261557,32380,635.5699401305718,2.423335817195357
365,15,1199.2992755067276,24660,635.5699401305718,2.423335817195357
365,10,1230.364737790336,16948,635.5699401305718,2.423335817195357
365,5,1540.1994002511233,9228,635.5699401305718,2.423335817195357
366,80,586.7958453985631,125000,586.7958453985631,2.5946853260233054
366,75,618.8943206835912,117279,586.7958453985631,2.5946853260233054
366,70,622.8934742251198,109567,586.7958453985631,2.5946853260233054
366,65,677.7146237845841,101847,586.7958453985631,2.5946853260233054
366,60,705.5844251421757,94126,586.7958453985631,2.5946853260233054
366,55,728.6116303824981,86406,586.7958453985631,2.5946853260233054
366,50,746.6715681174483,78694,586.7958453985631,2.5946853260233054
366,45,762.5465524399283,70974,586.7958453985631,2.5946853260233054
366,40,778.6763437198504,63253,586.7958453985631,2.5946853260233054
366,35,865.1934581586517,55533,586.7958453985631,2.5946853260233054
366,30,886.4839766692288,47821,586.7958453985631,2.5946853260233054
366,25,927.520144757356,40101,586.7958453985631,2.5946853260233054
366,20,1055.3710642582553,32380,586.7958453985631,2.5946853260233054
366,15,1182.6005428560927,24660,586.7958453985631,2.5946853260233054
366,10,1212.2131049589764,16948,586.7958453985631,2.5946853260233054
366,5,1522.5505694270917,9228,586.7958453985631,2.5946853260233054
367,80,516.5819067984704,125000,516.5819067984704,2.960020423932854
367,75,553.0181026809279,117279,516.5819067984704,2.960020423932854
367,70,558.6688419187651,109567,516.5819067984704,2.960020423932854
367,65,622.9481590971199,101847,516.5819067984704,2.960020423932854
367,60,655.0216382060958,94126,516.5819067984704,2.960020423932854
367,55,681.2811582761248,86406,516.5819067984704,2.960020423932854
367,50,700.2531678984105,78694,516.5819067984704,2.960020423932854
367,45,717.9438297040743,70974,516.5819067984704,2.960020423932854
367,40,738.0293614365021,63253,516.5819067984704,2.960020423932854
367,35,835.9877645354758,55533,516.5819067984704,2.960020423932854
367,30,858.3188662138833,47821,516.5819067984704,2.960020423932854
367,25,901.5913221588332,40101,516.5819067984704,2.960020423932854
367,20,1035.5109256472804,32380,516.5819067984704,2.960020423932854
367,15,1170.695450953351,24660,516.5819067984704,2.960020423932854
367,10,1199.515887517167,16948,516.5819067984704,2.960020423932854
367,5,1529.0929947576503,9228,516.5819067984704,2.960020423932854
369,80,432.3762987974172,125000,432.3762987974172,3.5706717052943757
369,75,479.90896039960506,117279,432.3762987974172,3.5706717052943757
369,70,486.965116106052,109567,432.3762987974172,3.5706717052943757
369,65,568.7496034355665,101847,432.3762987974172,3.5706717052943757
369,60,599.8983531902504,94126,432.3762987974172,3.5706717052943757
369,55,632.3577178076808,86406,432.3762987974172,3.5706717052943757
369,50,647.9962376542979,78694,432.3762987974172,3.5706717052943757
369,45,671.0969300473912,70974,432.3762987974172,3.5706717052943757
369,40,697.062696103585,63253,432.3762987974172,3.5706717052943757
369,35,807.2590014926767,55533,432.3762987974172,3.5706717052943757
369,30,830.3098131113397,47821,432.3762987974172,3.5706717052943757
369,25,873.6962206193157,40101,432.3762987974172,3.5706717052943757
369,20,1022.5246329674796,32380,432.3762987974172,3.5706717052943757
369,15,1156.028342162643,24660,432.3762987974172,3.5706717052943757
369,10,1183.9009261393464,16948,432.3762987974172,3.5706717052943757
369,5,1543.8738161558442,9228,432.3762987974172,3.5706717052943757
371,80,527.6213228369378,125000,527.6213228369378,2.961572194838165
371,75,564.2870461947224,117279,527.6213228369378,2.961572194838165
371,70,571.2089882234969,109567,527.6213228369378,2.961572194838165
371,65,640.7389137296027,101847,527.6213228369378,2.961572194838165
371,60,663.2637647269598,94126,527.6213228369378,2.961572194838165
371,55,692.1419465974643,86406,527.6213228369378,2.961572194838165
371,50,705.3132348581963,78694,527.6213228369378,2.961572194838165
371,45,726.7773978719747,70974,527.6213228369378,2.961572194838165
371,40,754.5805065071081,63253,527.6213228369378,2.961572194838165
371,35,845.912975197266,55533,527.6213228369378,2.961572194838165
371,30,864.2495758581439,47821,527.6213228369378,2.961572194838165
371,25,900.6541884970384,40101,527.6213228369378,2.961572194838165
371,20,1036.3361739483553,32380,527.6213228369378,2.961572194838165
371,15,1158.2383665551367,24660,527.6213228369378,2.961572194838165
371,10,1183.295417238205,16948,527.6213228369378,2.961572194838165
371,5,1562.588639117606,9228,527.6213228369378,2.961572194838165
372,80,612.8797031248938,125000,612.8797031248938,2.591587315077132
372,75,639.5760021632751,117279,612.8797031248938,2.591587315077132
372,70,645.8985423204573,109567,612.8797031248938,2.591587315077132
372,65,703.0573489627658,101847,612.8797031248938,2.591587315077132
372,60,722.3251302812341,94126,612.8797031248938,2.591587315077132
372,55,744.3888227124525,86406,612.8797031248938,2.591587315077132
372,50,756.9461139968447,78694,612.8797031248938,2.591587315077132
372,45,775.3508529719486,70974,612.8797031248938,2.591587315077132
372,40,802.4006535555196,63253,612.8797031248938,2.591587315077132
372,35,889.1023080902233,55533,612.8797031248938,2.591587315077132
372,30,907.6251198143156,47821,612.8797031248938,2.591587315077132
372,25,938.8568064078876,40101,612.8797031248938,2.591587315077132
372,20,1063.699931704639,32380,612.8797031248938,2.591587315077132
372,15,1182.2057329981676,24660,612.8797031248938,2.591587315077132
372,10,1204.4284318854957,16948,612.8797031248938,2.591587315077132
372,5,1588.3312642867131,9228,612.8797031248938,2.591587315077132
373,80,681.2899202473153,125000,681.2899202473153,2.3787919124558257
373,75,700.9025279868212,117279,681.2899202473153,2.3787919124558257
373,70,706.4680378449464,109567,681.2899202473153,2.3787919124558257
373,65,753.1570722356636,101847,681.2899202473153,2.3787919124558257
373,60,770.359365351673,94126,681.2899202473153,2.3787919124558257
373,55,788.3148421913423,86406,681.2899202473153,2.3787919124558257
373,50,800.3247802185862,78694,681.2899202473153,2.3787919124558257
373,45,817.5335224598514,70974,681.2899202473153,2.3787919124558257
373,40,842.8330029982322,63253,681.2899202473153,2.3787919124558257
373,35,927.661374490128,55533,681.2899202473153,2.3787919124558257
373,30,945.3945495389424,47821,681.2899202473153,2.3787919124558257
373,25,974.6336203446808,40101,681.2899202473153,2.3787919124558257
373,20,1092.8423202358492,32380,681.2899202473153,2.3787919124558257
373,15,1207.1989264535416,24660,681.2899202473153,2.3787919124558257
373,10,1229.914595904222,16948,681.2899202473153,2.3787919124558257
373,5,1620.6469523219882,9228,681.2899202473153,2.3787919124558257
374,80,736.0829550202445,125000,736.0829550202445,2.2421632205653697
374,75,750.944374394896,117279,736.0829550202445,2.2421632205653697
374,70,757.1289004084434,109567,736.0829550202445,2.2421632205653697
374,65,794.8712678960105,101847,736.0829550202445,2.2421632205653697
374,60,810.5935336129482,94126,736.0829550202445,2.2421632205653697
374,55,826.9591106322439,86406,736.0829550202445,2.2421632205653697
374,50,838.445759487207,78694,736.0829550202445,2.2421632205653697
374,45,855.2405717718016,70974,736.0829550202445,2.2421632205653697
374,40,880.378031316236,63253,736.0829550202445,2.2421632205653697
374,35,963.1060604055266,55533,736.0829550202445,2.2421632205653697
374,30,979.0388795102184,47821,736.0829550202445,2.2421632205653697
374,25,1005.5419467743044,40101,736.0829550202445,2.2421632205653697
374,20,1122.6799212230392,32380,736.0829550202445,2.2421632205653697
374,15,1234.1654346815185,24660,736.0829550202445,2.2421632205653697
374,10,1258.2807081369936,16948,736.0829550202445,2.2421632205653697
374,5,1650.4181290314657,9228,736.0829550202445,2.2421632205653697
375,80,782.740914574435,125000,782.740914574435,2.137704466009186
375,75,795.7558324498804,117279,782.740914574435,2.137704466009186
375,70,803.2139888346669,109567,782.740914574435,2.137704466009186
375,65,835.6187788102317,101847,782.740914574435,2.137704466009186
375,60,848.7087655611092,94126,782.740914574435,2.137704466009186
375,55,864.1462464154976,86406,782.740914574435,2.137704466009186
375,50,875.7989437300769,78694,782.740914574435,2.137704466009186
375,45,892.1366607183445,70974,782.740914574435,2.137704466009186
375,40,918.048908647154,63253,782.740914574435,2.137704466009186
375,35,998.6809995840918,55533,782.740914574435,2.137704466009186
375,30,1012.7899791437524,47821,782.740914574435,2.137704466009186
375,25,1036.470315067852,40101,782.740914574435,2.137704466009186
375,20,1151.232483803397,32380,782.740914574435,2.137704466009186
375,15,1257.4270913960822,24660,782.740914574435,2.137704466009186
375,10,1280.3409306057251,16948,782.740914574435,2.137704466009186
375,5,1673.2687488138845,9228,782.740914574435,2.137704466009186
376,80,819.7306341897125,125000,819.7306341897125,2.0604587514240453
376,75,832.7794371824508,117279,819.7306341897125,2.0604587514240453
376,70,840.6469056728301,109567,819.7306341897125,2.0604587514240453
376,65,869.9544664861883,101847,819.7306341897125,2.0604587514240453
376,60,880.5420194570214,94126,819.7306341897125,2.0604587514240453
376,55,895.0724598818971,86406,819.7306341897125,2.0604587514240453
376,50,905.875973075219,78694,819.7306341897125,2.0604587514240453
376,45,921.2419113105258,70974,819.7306341897125,2.0604587514240453
376,40,945.431441254286,63253,819.7306341897125,2.0604587514240453
376,35,1025.1442485369298,55533,819.7306341897125,2.0604587514240453
376,30,1038.9932268410776,47821,819.7306341897125,2.0604587514240453
376,25,1061.775436479348,40101,819.7306341897125,2.0604587514240453
376,20,1171.7390444977532,32380,819.7306341897125,2.0604587514240453
376,15,1273.3657699832936,24660,819.7306341897125,2.0604587514240453
376,10,1295.147640830752,16948,819.7306341897125,2.0604587514240453
376,5,1689.0211590265758,9228,819.7306341897125,2.0604587514240453
377,80,851.4613077259797,125000,851.4613077259797,2.0140859652899854
377,75,862.918327415104,117279,851.4613077259797,2.0140859652899854
377,70,872.5791160015128,109567,851.4613077259797,2.0140859652899854
377,65,900.1360222682521,101847,851.4613077259797,2.0140859652899854
377,60,909.4880916251705,94126,851.4613077259797,2.0140859652899854
377,55,921.9979149070228,86406,851.4613077259797,2.0140859652899854
377,50,932.423541745194,78694,851.4613077259797,2.0140859652899854
377,45,947.4826718136912,70974,851.4613077259797,2.0140859652899854
377,40,972.156784108204,63253,851.4613077259797,2.0140859652899854
377,35,1052.5274082149797,55533,851.4613077259797,2.0140859652899854
377,30,1067.3460885131717,47821,851.4613077259797,2.0140859652899854
377,25,1090.4394119064602,40101,851.4613077259797,2.0140859652899854
377,20,1201.354962952443,32380,851.4613077259797,2.0140859652899854
377,15,1298.82343555407,24660,851.4613077259797,2.0140859652899854
377,10,1318.778307990138,16948,851.4613077259797,2.0140859652899854
377,5,1714.9162698783532,9228,851.4613077259797,2.0140859652899854
378,80,877.5912783410928,125000,877.5912783410928,1.9746640809691216
378,75,887.1820424159778,117279,877.5912783410928,1.9746640809691216
378,70,898.3848627340079,109567,877.5912783410928,1.9746640809691216
378,65,921.8951599350794,101847,877.5912783410928,1.9746640809691216
378,60,929.7205823237996,94126,877.5912783410928,1.9746640809691216
378,55,942.644180991698,86406,877.5912783410928,1.9746640809691216
378,50,951.350692498757,78694,877.5912783410928,1.9746640809691216
378,45,966.7637777099432,70974,877.5912783410928,1.9746640809691216
378,40,991.3521580454166,63253,877.5912783410928,1.9746640809691216
378,35,1075.397945593753,55533,877.5912783410928,1.9746640809691216
378,30,1090.4120249219786,47821,877.5912783410928,1.9746640809691216
378,25,1114.230129462533,40101,877.5912783410928,1.9746640809691216
378,20,1225.4038848830362,32380,877.5912783410928,1.9746640809691216
378,15,1318.207703254401,24660,877.5912783410928,1.9746640809691216
378,10,1337.5482398265383,16948,877.5912783410928,1.9746640809691216
378,5,1732.9479751119309,9228,877.5912783410928,1.9746640809691216
379,80,893.3176080046593,125000,893.3176080046593,1.95221188012823
379,75,902.393197872722,117279,893.3176080046593,1.95221188012823
379,70,916.618201246326,109567,893.3176080046593,1.95221188012823
379,65,938.4987148969244,101847,893.3176080046593,1.95221188012823
379,60,944.8271536936312,94126,893.3176080046593,1.95221188012823
379,55,958.9820339643765,86406,893.3176080046593,1.95221188012823
379,50,968.0830423738956,78694,893.3176080046593,1.95221188012823
379,45,983.64155874408,70974,893.3176080046593,1.95221188012823
379,40,1007.5325333334214,63253,893.3176080046593,1.95221188012823
379,35,1090.4901839317567,55533,893.3176080046593,1.95221188012823
379,30,1102.605254223398,47821,893.3176080046593,1.95221188012823
379,25,1124.403536296811,40101,893.3176080046593,1.95221188012823
379,20,1237.7120427487812,32380,893.3176080046593,1.95221188012823
379,15,1331.1593991636744,24660,893.3176080046593,1.95221188012823
379,10,1350.5068477822315,16948,893.3176080046593,1.95221188012823
379,5,1743.945247074429,9228,893.3176080046593,1.95221188012823
380,80,916.7085880888168,125000,916.7085880888168,1.9218232111387308
380,75,925.421402986098,117279,916.7085880888168,1.9218232111387308
380,70,943.159268866183,109567,916.7085880888168,1.9218232111387308
380,65,964.780491210424,101847,916.7085880888168,1.9218232111387308
380,60,971.0352910438822,94126,916.7085880888168,1.9218232111387308
380,55,988.4749562986811,86406,916.7085880888168,1.9218232111387308
380,50,996.7943263788244,78694,916.7085880888168,1.9218232111387308
380,45,1011.6678430447608,70974,916.7085880888168,1.9218232111387308
380,40,1036.0112023535603,63253,916.7085880888168,1.9218232111387308
380,35,1117.8299697333146,55533,916.7085880888168,1.9218232111387308
380,30,1127.3656694884646,47821,916.7085880888168,1.9218232111387308
380,25,1148.247866090199,40101,916.7085880888168,1.9218232111387308
380,20,1263.3936663751272,32380,916.7085880888168,1.9218232111387308
380,15,1355.3134665999569,24660,916.7085880888168,1.9218232111387308
380,10,1376.9285081225494,16948,916.7085880888168,1.9218232111387308
380,5,1761.7518424393018,9228,916.7085880888168,1.9218232111387308
381,80,917.9137315113855,125000,917.9137315113855,1.9163218951473928
381,75,925.5887370725376,117279,917.9137315113855,1.9163218951473928
381,70,946.5397637664267,109567,917.9137315113855,1.9163218951473928
381,65,969.3590939160796,101847,917.9137315113855,1.9163218951473928
381,60,976.9116417709896,94126,917.9137315113855,1.9163218951473928
381,55,997.369752422714,86406,917.9137315113855,1.9163218951473928
381,50,1004.4133107307808,78694,917.9137315113855,1.9163218951473928
381,45,1020.7530260088816,70974,917.9137315113855,1.9163218951473928
381,40,1045.0185341180347,63253,917.9137315113855,1.9163218951473928
381,35,1126.2611203327551,55533,917.9137315113855,1.9163218951473928
381,30,1135.1893859111026,47821,917.9137315113855,1.9163218951473928
381,25,1156.4814014772608,40101,917.9137315113855,1.9163218951473928
381,20,1268.8625587959446,32380,917.9137315113855,1.9163218951473928
381,15,1356.7185190330067,24660,917.9137315113855,1.9163218951473928
381,10,1379.2736346464994,16948,917.9137315113855,1.9163218951473928
381,5,1759.0181815517135,9228,917.9137315113855,1.9163218951473928
382,80,919.205229850906,125000,919.205229850906,1.9010544161045504
382,75,926.2214059480904,117279,919.205229850906,1.9010544161045504
382,70,948.3163855616684,109567,919.205229850906,1.9010544161045504
382,65,972.2331372896492,101847,919.205229850906,1.9010544161045504
382,60,979.1522615426792,94126,919.205229850906,1.9010544161045504
382,55,999.9514430291756,86406,919.205229850906,1.9010544161045504
382,50,1006.6418108509886,78694,919.205229850906,1.9010544161045504
382,45,1026.0264513748737,70974,919.205229850906,1.9010544161045504
382,40,1051.010252422555,63253,919.205229850906,1.9010544161045504
382,35,1131.3427469234532,55533,919.205229850906,1.9010544161045504
382,30,1139.3910046879869,47821,919.205229850906,1.9010544161045504
382,25,1161.1325912184682,40101,919.205229850906,1.9010544161045504
382,20,1265.8235884071444,32380,919.205229850906,1.9010544161045504
382,15,1351.70571498867,24660,919.205229850906,1.9010544161045504
382,10,1374.8325848199422,16948,919.205229850906,1.9010544161045504
382,5,1747.4591615144634,9228,919.205229850906,1.9010544161045504
383,80,915.5781311622612,125000,915.5781311622612,1.8959446035567749
383,75,922.0894608214486,117279,915.5781311622612,1.8959446035567749
383,70,946.7222220435544,109567,915.5781311622612,1.8959446035567749
383,65,970.4494028300904,101847,915.5781311622612,1.8959446035567749
383,60,977.6501885439604,94126,915.5781311622612,1.8959446035567749
383,55,999.3168015206124,86406,915.5781311622612,1.8959446035567749
383,50,1005.9921150935662,78694,915.5781311622612,1.8959446035567749
383,45,1027.2198064969432,70974,915.5781311622612,1.8959446035567749
383,40,1050.1041140586055,63253,915.5781311622612,1.8959446035567749
383,35,1128.6588414420537,55533,915.5781311622612,1.8959446035567749
383,30,1135.8756708801031,47821,915.5781311622612,1.8959446035567749
383,25,1157.7404500176867,40101,915.5781311622612,1.8959446035567749
383,20,1256.1328637292456,32380,915.5781311622612,1.8959446035567749
383,15,1340.2393599191798,24660,915.5781311622612,1.8959446035567749
383,10,1365.1214562328146,16948,915.5781311622612,1.8959446035567749
383,5,1735.885416911686,9228,915.5781311622612,1.8959446035567749
384,80,915.9291035774633,125000,915.9291035774633,1.89262771925388
384,75,922.792077648772,117279,915.9291035774633,1.89262771925388
384,70,950.0275365365164,109567,915.9291035774633,1.89262771925388
384,65,974.5693914660186,101847,915.9291035774633,1.89262771925388
384,60,981.992888544004,94126,915.9291035774633,1.89262771925388
384,55,1003.858815376228,86406,915.9291035774633,1.89262771925388
384,50,1010.2802532663547,78694,915.9291035774633,1.89262771925388
384,45,1032.5230613926483,70974,915.9291035774633,1.89262771925388
384,40,1052.83159714521,63253,915.9291035774633,1.89262771925388
384,35,1128.5492229889462,55533,915.9291035774633,1.89262771925388
384,30,1135.315189891439,47821,915.9291035774633,1.89262771925388
384,25,1157.2167191366625,40101,915.9291035774633,1.89262771925388
384,20,1253.0985579177632,32380,915.9291035774633,1.89262771925388
384,15,1337.4777603504378,24660,915.9291035774633,1.89262771925388
384,10,1364.3363760321188,16948,915.9291035774633,1.89262771925388
384,5,1733.5128103020647,9228,915.9291035774633,1.89262771925388
385,80,893.7791921554773,125000,893.7791921554773,1.9253308471896515
385,75,900.9837604151714,117279,893.7791921554773,1.9253308471896515
385,70,931.408189965434,109567,893.7791921554773,1.9253308471896515
385,65,957.331342774484,101847,893.7791921554773,1.9253308471896515
385,60,965.3462393141316,94126,893.7791921554773,1.9253308471896515
385,55,989.0999956878702,86406,893.7791921554773,1.9253308471896515
385,50,995.661766069101,78694,893.7791921554773,1.9253308471896515
385,45,1017.806431985192,70974,893.7791921554773,1.9253308471896515
385,40,1035.9177890125443,63253,893.7791921554773,1.9253308471896515
385,35,1111.3735111898527,55533,893.7791921554773,1.9253308471896515
385,30,1117.853528585406,47821,893.7791921554773,1.9253308471896515
385,25,1139.779677452109,40101,893.7791921554773,1.9253308471896515
385,20,1233.3405461478978,32380,893.7791921554773,1.9253308471896515
385,15,1320.0715634314736,24660,893.7791921554773,1.9253308471896515
385,10,1347.7004250150835,16948,893.7791921554773,1.9253308471896515
385,5,1720.8206492331874,9228,893.7791921554773,1.9253308471896515
386,80,860.470170791794,125000,860.470170791794,1.9982790695432453
386,75,869.2531950655305,117279,860.470170791794,1.9982790695432453
386,70,903.8087427786896,109567,860.470170791794,1.9982790695432453
386,65,929.6170171593898,101847,860.470170791794,1.9982790695432453
386,60,938.615530274536,94126,860.470170791794,1.9982790695432453
386,55,966.1814043828751,86406,860.470170791794,1.9982790695432453
386,50,971.6706397659906,78694,860.470170791794,1.9982790695432453
386,45,996.847716308162,70974,860.470170791794,1.9982790695432453
386,40,1014.6616257369584,63253,860.470170791794,1.9982790695432453
386,35,1096.34681280523,55533,860.470170791794,1.9982790695432453
386,30,1102.8163890791711,47821,860.470170791794,1.9982790695432453
386,25,1126.767353875351,40101,860.470170791794,1.9982790695432453
386,20,1219.6086716069392,32380,860.470170791794,1.9982790695432453
386,15,1312.3852878639675,24660,860.470170791794,1.9982790695432453
386,10,1342.923916491149,16948,860.470170791794,1.9982790695432453
386,5,1719.4595322595435,9228,860.470170791794,1.9982790695432453
388,80,945.3074486481796,125000,945.3074486481796,1.879381333225886
388,75,956.649512084628,117279,945.3074486481796,1.879381333225886
388,70,989.910603049578,109567,945.3074486481796,1.879381333225886
388,65,1010.1995557394404,101847,945.3074486481796,1.879381333225886
388,60,1017.9023630253056,94126,945.3074486481796,1.879381333225886
388,55,1041.6395263150334,86406,945.3074486481796,1.879381333225886
388,50,1047.9759333850934,78694,945.3074486481796,1.879381333225886
388,45,1078.0203038594532,70974,945.3074486481796,1.879381333225886
388,40,1087.2897631876292,63253,945.3074486481796,1.879381333225886
388,35,1171.9289805879798,55533,945.3074486481796,1.879381333225886
388,30,1176.5926672242006,47821,945.3074486481796,1.879381333225886
388,25,1203.144586750869,40101,945.3074486481796,1.879381333225886
388,20,1289.627931227616,32380,945.3074486481796,1.879381333225886
388,15,1377.4120905740165,24660,945.3074486481796,1.879381333225886
388,10,1418.29252056647,16948,945.3074486481796,1.879381333225886
388,5,1776.5931731487765,9228,945.3074486481796,1.879381333225886
389,80,994.0394459657972,125000,994.0394459657972,1.8035610815680956
389,75,999.9528271898712,117279,994.0394459657972,1.8035610815680956
389,70,1025.043992443695,109567,994.0394459657972,1.8035610815680956
389,65,1038.1412610304574,101847,994.0394459657972,1.8035610815680956
389,60,1042.7839925851524,94126,994.0394459657972,1.8035610815680956
389,55,1064.3935169187655,86406,994.0394459657972,1.8035610815680956
389,50,1068.7867226315443,78694,994.0394459657972,1.8035610815680956
389,45,1098.960616015663,70974,994.0394459657972,1.8035610815680956
389,40,1106.6751064561352,63253,994.0394459657972,1.8035610815680956
389,35,1183.8448714584215,55533,994.0394459657972,1.8035610815680956
389,30,1187.2854191864594,47821,994.0394459657972,1.8035610815680956
389,25,1216.1418783263216,40101,994.0394459657972,1.8035610815680956
389,20,1301.2639641687372,32380,994.0394459657972,1.8035610815680956
389,15,1381.3369057323546,24660,994.0394459657972,1.8035610815680956
389,10,1426.202323106273,16948,994.0394459657972,1.8035610815680956
389,5,1792.8108582874236,9228,994.0394459657972,1.8035610815680956
390,80,985.604634623293,125000,985.604634623293,1.8213900289092069
390,75,993.1124647516772,117279,985.604634623293,1.8213900289092069
390,70,1018.7749469122532,109567,985.604634623293,1.8213900289092069
390,65,1030.3631950110043,101847,985.604634623293,1.8213900289092069
390,60,1034.4804918134146,94126,985.604634623293,1.8213900289092069
390,55,1051.6163356305697,86406,985.604634623293,1.8213900289092069
390,50,1059.291800857176,78694,985.604634623293,1.8213900289092069
390,45,1088.7983675322107,70974,985.604634623293,1.8213900289092069
390,40,1097.1050392797424,63253,985.604634623293,1.8213900289092069
390,35,1173.6093112153883,55533,985.604634623293,1.8213900289092069
390,30,1180.1869409409312,47821,985.604634623293,1.8213900289092069
390,25,1213.2472357188688,40101,985.604634623293,1.8213900289092069
390,20,1293.8629684145517,32380,985.604634623293,1.8213900289092069
390,15,1371.9954875723104,24660,985.604634623293,1.8213900289092069
390,10,1423.5629400663602,16948,985.604634623293,1.8213900289092069
390,5,1795.170453949568,9228,985.604634623293,1.8213900289092069
391,80,1003.723922737475,125000,1003.723922737475,1.803658562122976
391,75,1010.3015891464652,117279,1003.723922737475,1.803658562122976
391,70,1029.372673788595,109567,1003.723922737475,1.803658562122976
391,65,1040.1274035346462,101847,1003.723922737475,1.803658562122976
391,60,1043.583279292004,94126,1003.723922737475,1.803658562122976
391,55,1064.7553291998777,86406,1003.723922737475,1.803658562122976
391,50,1073.8789183139772,78694,1003.723922737475,1.803658562122976
391,45,1105.530521052101,70974,1003.723922737475,1.803658562122976
391,40,1116.068867853421,63253,1003.723922737475,1.803658562122976
391,35,1189.8133654866665,55533,1003.723922737475,1.803658562122976
391,30,1197.9345516851076,47821,1003.723922737475,1.803658562122976
391,25,1229.242248344675,40101,1003.723922737475,1.803658562122976
391,20,1305.420246652377,32380,1003.723922737475,1.803658562122976
391,15,1381.8223987989138,24660,1003.723922737475,1.803658562122976
391,10,1438.2225139899929,16948,1003.723922737475,1.803658562122976
391,5,1810.375247253107,9228,1003.723922737475,1.803658562122976
392,80,1022.5460776445664,125000,1022.5460776445664,1.7660483957579916
392,75,1027.1211585630956,117279,1022.5460776445664,1.7660483957579916
392,70,1039.6714335261513,109567,1022.5460776445664,1.7660483957579916
392,65,1047.5898085752876,101847,1022.5460776445664,1.7660483957579916
392,60,1051.8794531012377,94126,1022.5460776445664,1.7660483957579916
392,55,1073.8856867144978,86406,1022.5460776445664,1.7660483957579916
392,50,1082.4476747348526,78694,1022.5460776445664,1.7660483957579916
392,45,1114.0992782944777,70974,1022.5460776445664,1.7660483957579916
392,40,1126.0029055382672,63253,1022.5460776445664,1.7660483957579916
392,35,1193.353228575982,55533,1022.5460776445664,1.7660483957579916
392,30,1204.6475117981684,47821,1022.5460776445664,1.7660483957579916
392,25,1239.1971999956536,40101,1022.5460776445664,1.7660483957579916
392,20,1309.8919458830874,32380,1022.5460776445664,1.7660483957579916
392,15,1385.4515120686583,24660,1022.5460776445664,1.7660483957579916
392,10,1444.78378338809,16948,1022.5460776445664,1.7660483957579916
392,5,1805.8658600128133,9228,1022.5460776445664,1.7660483957579916
393,80,1031.5607123229506,125000,1031.5607123229506,1.7478638522791567
393,75,1035.5234660040403,117279,1031.5607123229506,1.7478638522791567
393,70,1044.3144885418542,109567,1031.5607123229506,1.7478638522791567
393,65,1050.8993610223954,101847,1031.5607123229506,1.7478638522791567
393,60,1055.7204950644673,94126,1031.5607123229506,1.7478638522791567
393,55,1080.607093139685,86406,1031.5607123229506,1.7478638522791567
393,50,1089.5056647153074,78694,1031.5607123229506,1.7478638522791567
393,45,1118.125445071517,70974,1031.5607123229506,1.7478638522791567
393,40,1128.959324391471,63253,1031.5607123229506,1.7478638522791567
393,35,1191.8280261997745,55533,1031.5607123229506,1.7478638522791567
393,30,1203.8544086075049,47821,1031.5607123229506,1.7478638522791567
393,25,1241.8194419227057,40101,1031.5607123229506,1.7478638522791567
393,20,1307.9542126250371,32380,1031.5607123229506,1.7478638522791567
393,15,1383.3413312059388,24660,1031.5607123229506,1.7478638522791567
393,10,1447.1024913777387,16948,1031.5607123229506,1.7478638522791567
393,5,1803.0276805006235,9228,1031.5607123229506,1.7478638522791567
394,80,1041.774169366188,125000,1041.774169366188,1.7197216712157866
394,75,1045.658015949028,117279,1041.774169366188,1.7197216712157866
394,70,1053.5491082811063,109567,1041.774169366188,1.7197216712157866
394,65,1059.791387605164,101847,1041.774169366188,1.7197216712157866
394,60,1065.307226081313,94126,1041.774169366188,1.7197216712157866
394,55,1086.0828866809295,86406,1041.774169366188,1.7197216712157866
394,50,1095.0696938648982,78694,1041.774169366188,1.7197216712157866
394,45,1119.8897248086332,70974,1041.774169366188,1.7197216712157866
394,40,1130.7087912676982,63253,1041.774169366188,1.7197216712157866
394,35,1188.2588400710806,55533,1041.774169366188,1.7197216712157866
394,30,1200.0990677210916,47821,1041.774169366188,1.7197216712157866
394,25,1243.2549732326038,40101,1041.774169366188,1.7197216712157866
394,20,1302.8036311907083,32380,1041.774169366188,1.7197216712157866
394,15,1376.8673765018948,24660,1041.774169366188,1.7197216712157866
394,10,1444.841339811661,16948,1041.774169366188,1.7197216712157866
394,5,1791.5616155718587,9228,1041.774169366188,1.7197216712157866
395,80,1040.8102828170154,125000,1040.8102828170154,1.7082354646648248
395,75,1043.9796894074711,117279,1040.8102828170154,1.7082354646648248
395,70,1051.577249209685,109567,1040.8102828170154,1.7082354646648248
395,65,1057.827982421717,101847,1040.8102828170154,1.7082354646648248
395,60,1064.837748169179,94126,1040.8102828170154,1.7082354646648248
395,55,1084.3002131557976,86406,1040.8102828170154,1.7082354646648248
395,50,1091.943112923345,78694,1040.8102828170154,1.7082354646648248
395,45,1114.2683165205983,70974,1040.8102828170154,1.7082354646648248
395,40,1124.0849650994392,63253,1040.8102828170154,1.7082354646648248
395,35,1176.853883739004,55533,1040.8102828170154,1.7082354646648248
395,30,1188.5992806761926,47821,1040.8102828170154,1.7082354646648248
395,25,1234.4096001513938,40101,1040.8102828170154,1.7082354646648248
395,20,1289.0189453301182,32380,1040.8102828170154,1.7082354646648248
395,15,1364.9537846672342,24660,1040.8102828170154,1.7082354646648248
395,10,1435.636766888544,16948,1040.8102828170154,1.7082354646648248
395,5,1777.949037095852,9228,1040.8102828170154,1.7082354646648248
396,80,1029.9038763588703,125000,1029.9038763588703,1.7276528248035168
396,75,1032.4553965829266,117279,1029.9038763588703,1.7276528248035168
396,70,1038.573366848135,109567,1029.9038763588703,1.7276528248035168
396,65,1046.2006858923812,101847,1029.9038763588703,1.7276528248035168
396,60,1054.383277025081,94126,1029.9038763588703,1.7276528248035168
396,55,1073.2682894751254,86406,1029.9038763588703,1.7276528248035168
396,50,1081.6771318221226,78694,1029.9038763588703,1.7276528248035168
396,45,1103.5908982778546,70974,1029.9038763588703,1.7276528248035168
396,40,1112.7635251959225,63253,1029.9038763588703,1.7276528248035168
396,35,1161.3055369193069,55533,1029.9038763588703,1.7276528248035168
396,30,1174.8447439553045,47821,1029.9038763588703,1.7276528248035168
396,25,1224.652887643761,40101,1029.9038763588703,1.7276528248035168
396,20,1278.6688252772317,32380,1029.9038763588703,1.7276528248035168
396,15,1357.7621074985248,24660,1029.9038763588703,1.7276528248035168
396,10,1435.5758046617216,16948,1029.9038763588703,1.7276528248035168
396,5,1779.3163412674942,9228,1029.9038763588703,1.7276528248035168
397,80,1021.6610499865872,125000,1021.6610499865872,1.7425818301671911
397,75,1024.404687405779,117279,1021.6610499865872,1.7425818301671911
397,70,1029.1044653880083,109567,1021.6610499865872,1.7425818301671911
397,65,1037.4221824540723,101847,1021.6610499865872,1.7425818301671911
397,60,1046.5381152901382,94126,1021.6610499865872,1.7425818301671911
397,55,1063.8159139622778,86406,1021.6610499865872,1.7425818301671911
397,50,1073.4761260687042,78694,1021.6610499865872,1.7425818301671911
397,45,1094.5214040971032,70974,1021.6610499865872,1.7425818301671911
397,40,1104.2399889087571,63253,1021.6610499865872,1.7425818301671911
397,35,1148.561381937845,55533,1021.6610499865872,1.7425818301671911
397,30,1162.7484126062884,47821,1021.6610499865872,1.7425818301671911
397,25,1217.172676835234,40101,1021.6610499865872,1.7425818301671911
397,20,1271.4738535454424,32380,1021.6610499865872,1.7425818301671911
397,15,1350.790852544285,24660,1021.6610499865872,1.7425818301671911
397,10,1437.0461014253065,16948,1021.6610499865872,1.7425818301671911
397,5,1780.3279822961613,9228,1021.6610499865872,1.7425818301671911
398,80,1016.5086981413313,125000,1016.5086981413313,1.7477130218407886
398,75,1018.7587780741565,117279,1016.5086981413313,1.7477130218407886
398,70,1021.7844274056956,109567,1016.5086981413313,1.7477130218407886
398,65,1030.992571338474,101847,1016.5086981413313,1.7477130218407886
398,60,1040.2880281604714,94126,1016.5086981413313,1.7477130218407886
398,55,1056.43392226848,86406,1016.5086981413313,1.7477130218407886
398,50,1067.0612459642994,78694,1016.5086981413313,1.7477130218407886
398,45,1085.5884974338344,70974,1016.5086981413313,1.7477130218407886
398,40,1095.4248178690716,63253,1016.5086981413313,1.7477130218407886
398,35,1136.3874285886052,55533,1016.5086981413313,1.7477130218407886
398,30,1151.3336789866044,47821,1016.5086981413313,1.7477130218407886
398,25,1208.7845309159309,40101,1016.5086981413313,1.7477130218407886
398,20,1262.7732503416903,32380,1016.5086981413313,1.7477130218407886
398,15,1339.8770604777685,24660,1016.5086981413313,1.7477130218407886
398,10,1431.0798720059545,16948,1016.5086981413313,1.7477130218407886
398,5,1776.5654885560318,9228,1016.5086981413313,1.7477130218407886
399,80,1022.5712376675986,125000,1022.5712376675986,1.7358726358787997
399,75,1023.8986058347192,117279,1022.5712376675986,1.7358726358787997
399,70,1026.6417570702176,109567,1022.5712376675986,1.7358726358787997
399,65,1037.0743327909252,101847,1022.5712376675986,1.7358726358787997
399,60,1049.694949993181,94126,1022.5712376675986,1.7358726358787997
399,55,1063.4362350713654,86406,1022.5712376675986,1.7358726358787997
399,50,1074.5728832206885,78694,1022.5712376675986,1.7358726358787997
399,45,1090.9284865683396,70974,1022.5712376675986,1.7358726358787997
399,40,1101.880906217762,63253,1022.5712376675986,1.7358726358787997
399,35,1135.8674120528462,55533,1022.5712376675986,1.7358726358787997
399,30,1151.713828139615,47821,1022.5712376675986,1.7358726358787997
399,25,1210.8836179394889,40101,1022.5712376675986,1.7358726358787997
399,20,1262.9183243566524,32380,1022.5712376675986,1.7358726358787997
399,15,1338.6819679951184,24660,1022.5712376675986,1.7358726358787997
399,10,1439.524626058786,16948,1022.5712376675986,1.7358726358787997
399,5,1775.0534297039007,9228,1022.5712376675986,1.7358726358787997
400,80,1033.928938071029,125000,1033.928938071029,1.72993159807131
400,75,1034.519149032871,117279,1033.928938071029,1.72993159807131
400,70,1037.3776779075306,109567,1033.928938071029,1.72993159807131
400,65,1049.6499485939603,101847,1033.928938071029,1.72993159807131
400,60,1067.5935065323845,94126,1033.928938071029,1.72993159807131
400,55,1078.8963369363096,86406,1033.928938071029,1.72993159807131
400,50,1090.3582083977587,78694,1033.928938071029,1.72993159807131
400,45,1105.2470858811928,70974,1033.928938071029,1.72993159807131
400,40,1116.84423588164,63253,1033.928938071029,1.72993159807131
400,35,1145.3934597608252,55533,1033.928938071029,1.72993159807131
400,30,1161.3533718336348,47821,1033.928938071029,1.72993159807131
400,25,1224.249197093693,40101,1033.928938071029,1.72993159807131
400,20,1277.34530986471,32380,1033.928938071029,1.72993159807131
400,15,1350.392065699222,24660,1033.928938071029,1.72993159807131
400,10,1464.1543765444558,16948,1033.928938071029,1.72993159807131
400,5,1788.626340129388,9228,1033.928938071029,1.72993159807131
401,80,1042.8125961790895,125000,1042.8125961790895,1.7317282888407826
401,75,1044.3460443617712,117279,1042.8125961790895,1.7317282888407826
401,70,1047.4552564999922,109567,1042.8125961790895,1.7317282888407826
401,65,1060.9115687104106,101847,1042.8125961790895,1.7317282888407826
401,60,1085.7801161264824,94126,1042.8125961790895,1.7317282888407826
401,55,1094.556428866769,86406,1042.8125961790895,1.7317282888407826
401,50,1106.0038618043222,78694,1042.8125961790895,1.7317282888407826
401,45,1120.754189170406,70974,1042.8125961790895,1.7317282888407826
401,40,1132.665650964372,63253,1042.8125961790895,1.7317282888407826
401,35,1154.5163703457413,55533,1042.8125961790895,1.7317282888407826
401,30,1173.7705073809864,47821,1042.8125961790895,1.7317282888407826
401,25,1241.634841292119,40101,1042.8125961790895,1.7317282888407826
401,20,1297.9268563186563,32380,1042.8125961790895,1.7317282888407826
401,15,1367.3262351536523,24660,1042.8125961790895,1.7317282888407826
401,10,1498.888910238507,16948,1042.8125961790895,1.7317282888407826
401,5,1805.868072762829,9228,1042.8125961790895,1.7317282888407826
402,80,1034.6751881813989,125000,1034.6751881813989,1.746800233757571
402,75,1037.911578193503,117279,1034.6751881813989,1.746800233757571
402,70,1041.9322392006504,109567,1034.6751881813989,1.746800233757571
402,65,1056.400774722187,101847,1034.6751881813989,1.746800233757571
402,60,1085.512772079667,94126,1034.6751881813989,1.746800233757571
402,55,1092.245648343515,86406,1034.6751881813989,1.746800233757571
402,50,1102.5345777655562,78694,1034.6751881813989,1.746800233757571
402,45,1115.0886539432151,70974,1034.6751881813989,1.746800233757571
402,40,1127.453354365985,63253,1034.6751881813989,1.746800233757571
402,35,1145.5956621478515,55533,1034.6751881813989,1.746800233757571
402,30,1167.71737314303,47821,1034.6751881813989,1.746800233757571
402,25,1239.2704964880452,40101,1034.6751881813989,1.746800233757571
402,20,1295.2521606015498,32380,1034.6751881813989,1.746800233757571
402,15,1367.080485548167,24660,1034.6751881813989,1.746800233757571
402,10,1508.771698748266,16948,1034.6751881813989,1.746800233757571
402,5,1807.370860578426,9228,1034.6751881813989,1.746800233757571
403,80,1015.6730724788424,125000,1015.6730724788424,1.7764583092813104
403,75,1020.6566714822792,117279,1015.6730724788424,1.7764583092813104
403,70,1025.4514023101965,109567,1015.6730724788424,1.7764583092813104
403,65,1040.8550276897467,101847,1015.6730724788424,1.7764583092813104
403,60,1076.2390175479266,94126,1015.6730724788424,1.7764583092813104
403,55,1081.9404348062428,86406,1015.6730724788424,1.7764583092813104
403,50,1092.74841759158,78694,1015.6730724788424,1.7764583092813104
403,45,1102.9627752028168,70974,1015.6730724788424,1.7764583092813104
403,40,1116.8957592787183,63253,1015.6730724788424,1.7764583092813104
403,35,1134.6657799045065,55533,1015.6730724788424,1.7764583092813104
403,30,1157.469333772161,47821,1015.6730724788424,1.7764583092813104
403,25,1231.711323516094,40101,1015.6730724788424,1.7764583092813104
403,20,1286.4659094701713,32380,1015.6730724788424,1.7764583092813104
403,15,1359.4520215289856,24660,1015.6730724788424,1.7764583092813104
403,10,1504.7191467874734,16948,1015.6730724788424,1.7764583092813104
403,5,1804.3008691183184,9228,1015.6730724788424,1.7764583092813104
404,80,975.6795684787836,125000,975.6795684787836,1.8409487149738868
404,75,982.1236067506064,117279,975.6795684787836,1.8409487149738868
404,70,987.8871254832108,109567,975.6795684787836,1.8409487149738868
404,65,1005.1970321509824,101847,975.6795684787836,1.8409487149738868
404,60,1042.7136865916327,94126,975.6795684787836,1.8409487149738868
404,55,1047.7202872430232,86406,975.6795684787836,1.8409487149738868
404,50,1059.0639044624402,78694,975.6795684787836,1.8409487149738868
404,45,1067.1174700178094,70974,975.6795684787836,1.8409487149738868
404,40,1083.230940619372,63253,975.6795684787836,1.8409487149738868
404,35,1100.7414016178116,55533,975.6795684787836,1.8409487149738868
404,30,1127.413136856151,47821,975.6795684787836,1.8409487149738868
404,25,1205.0783125470882,40101,975.6795684787836,1.8409487149738868
404,20,1265.0699092815175,32380,975.6795684787836,1.8409487149738868
404,15,1337.0188415118096,24660,975.6795684787836,1.8409487149738868
404,10,1489.5327647996517,16948,975.6795684787836,1.8409487149738868
404,5,1796.1760478172932,9228,975.6795684787836,1.8409487149738868
405,80,915.5811728430048,125000,915.5811728430048,1.9389733119374009
405,75,922.3417400635047,117279,915.5811728430048,1.9389733119374009
405,70,928.6342386712478,109567,915.5811728430048,1.9389733119374009
405,65,947.0516471008772,101847,915.5811728430048,1.9389733119374009
405,60,988.9699148810812,94126,915.5811728430048,1.9389733119374009
405,55,994.784025034938,86406,915.5811728430048,1.9389733119374009
405,50,1008.3669029686756,78694,915.5811728430048,1.9389733119374009
405,45,1015.2428763995704,70974,915.5811728430048,1.9389733119374009
405,40,1034.1858892880605,63253,915.5811728430048,1.9389733119374009
405,35,1051.3302488787438,55533,915.5811728430048,1.9389733119374009
405,30,1080.8101239165644,47821,915.5811728430048,1.9389733119374009
405,25,1164.2073402902915,40101,915.5811728430048,1.9389733119374009
405,20,1227.4722964818295,32380,915.5811728430048,1.9389733119374009
405,15,1303.9578262607292,24660,915.5811728430048,1.9389733119374009
405,10,1458.115790019796,16948,915.5811728430048,1.9389733119374009
405,5,1775.2874590549309,9228,915.5811728430048,1.9389733119374009
406,80,835.3011691710703,125000,835.3011691710703,2.0967516830710355
406,75,842.7994130697607,117279,835.3011691710703,2.0967516830710355
406,70,849.5735852694285,109567,835.3011691710703,2.0967516830710355
406,65,869.164813177602,101847,835.3011691710703,2.0967516830710355
406,60,916.4844203387734,94126,835.3011691710703,2.0967516830710355
406,55,926.3095890416748,86406,835.3011691710703,2.0967516830710355
406,50,943.9965127403484,78694,835.3011691710703,2.0967516830710355
406,45,950.65750613868,70974,835.3011691710703,2.0967516830710355
406,40,975.3646821975874,63253,835.3011691710703,2.0967516830710355
406,35,994.0272492840816,55533,835.3011691710703,2.0967516830710355
406,30,1025.1101730497662,47821,835.3011691710703,2.0967516830710355
406,25,1118.7558467741435,40101,835.3011691710703,2.0967516830710355
406,20,1184.1513702644563,32380,835.3011691710703,2.0967516830710355
406,15,1262.5956513186072,24660,835.3011691710703,2.0967516830710355
406,10,1420.0348912642507,16948,835.3011691710703,2.0967516830710355
406,5,1751.4191323306454,9228,835.3011691710703,2.0967516830710355
407,80,718.6233587241616,125000,718.6233587241616,2.405840470800017
407,75,726.8846938480932,117279,718.6233587241616,2.405840470800017
407,70,735.4727613238736,109567,718.6233587241616,2.405840470800017
407,65,760.2492652057423,101847,718.6233587241616,2.405840470800017
407,60,818.2021166372006,94126,718.6233587241616,2.405840470800017
407,55,832.6214936374339,86406,718.6233587241616,2.405840470800017
407,50,856.798604118941,78694,718.6233587241616,2.405840470800017
407,45,864.5529608650342,70974,718.6233587241616,2.405840470800017
407,40,899.8679454376532,63253,718.6233587241616,2.405840470800017
407,35,922.5385508212818,55533,718.6233587241616,2.405840470800017
407,30,954.3508511113732,47821,718.6233587241616,2.405840470800017
407,25,1058.2954635062758,40101,718.6233587241616,2.405840470800017
407,20,1131.1981354028858,32380,718.6233587241616,2.405840470800017
407,15,1216.6945996668096,24660,718.6233587241616,2.405840470800017
407,10,1372.78669023147,16948,718.6233587241616,2.405840470800017
407,5,1728.8931596808266,9228,718.6233587241616,2.405840470800017
409,80,554.7745223923101,125000,554.7745223923101,3.094925360336936
409,75,562.6001050279325,117279,554.7745223923101,3.094925360336936
409,70,573.7110620246335,109567,554.7745223923101,3.094925360336936
409,65,609.3853752512244,101847,554.7745223923101,3.094925360336936
409,60,674.2056940609493,94126,554.7745223923101,3.094925360336936
409,55,694.3974156684365,86406,554.7745223923101,3.094925360336936
409,50,728.7527077775469,78694,554.7745223923101,3.094925360336936
409,45,736.6597768972557,70974,554.7745223923101,3.094925360336936
409,40,795.1134381793432,63253,554.7745223923101,3.094925360336936
409,35,822.9283056457084,55533,554.7745223923101,3.094925360336936
409,30,854.7154673857532,47821,554.7745223923101,3.094925360336936
409,25,972.1910095933332,40101,554.7745223923101,3.094925360336936
409,20,1060.82016657998,32380,554.7745223923101,3.094925360336936
409,15,1151.0361498519858,24660,554.7745223923101,3.094925360336936
409,10,1315.6533583871353,16948,554.7745223923101,3.094925360336936
409,5,1716.985738620772,9228,554.7745223923101,3.094925360336936
411,80,617.1742729078828,125000,617.1742729078828,2.8051880034284298
411,75,627.1491411549855,117279,617.1742729078828,2.8051880034284298
411,70,635.3539488854888,109567,617.1742729078828,2.8051880034284298
411,65,670.6146271329719,101847,617.1742729078828,2.8051880034284298
411,60,716.0305691278429,94126,617.1742729078828,2.8051880034284298
411,55,732.2796880817112,86406,617.1742729078828,2.8051880034284298
411,50,766.393563895114,78694,617.1742729078828,2.8051880034284298
411,45,773.8372743885188,70974,617.1742729078828,2.8051880034284298
411,40,828.0502090575006,63253,617.1742729078828,2.8051880034284298
411,35,856.508038890099,55533,617.1742729078828,2.8051880034284298
411,30,879.4352465006227,47821,617.1742729078828,2.8051880034284298
411,25,985.3126613993971,40101,617.1742729078828,2.8051880034284298
411,20,1068.6821863076134,32380,617.1742729078828,2.8051880034284298
411,15,1152.167688122992,24660,617.1742729078828,2.8051880034284298
411,10,1306.5781275055188,16948,617.1742729078828,2.8051880034284298
411,5,1731.2898663858566,9228,617.1742729078828,2.8051880034284298
412,80,678.0838028300375,125000,678.0838028300375,2.568686025225554
412,75,692.2886755336872,117279,678.0838028300375,2.568686025225554
412,70,698.5113935065135,109567,678.0838028300375,2.568686025225554
412,65,729.3472476109831,101847,678.0838028300375,2.568686025225554
412,60,761.5693699859843,94126,678.0838028300375,2.568686025225554
412,55,775.455387848634,86406,678.0838028300375,2.568686025225554
412,50,806.0607068757106,78694,678.0838028300375,2.568686025225554
412,45,813.2672671162287,70974,678.0838028300375,2.568686025225554
412,40,860.0428635916624,63253,678.0838028300375,2.568686025225554
412,35,885.6808332066786,55533,678.0838028300375,2.568686025225554
412,30,904.891650301935,47821,678.0838028300375,2.568686025225554
412,25,1001.7315295493496,40101,678.0838028300375,2.568686025225554
412,20,1080.4349981662074,32380,678.0838028300375,2.568686025225554
412,15,1158.8768001883063,24660,678.0838028300375,2.568686025225554
412,10,1307.657685098601,16948,678.0838028300375,2.568686025225554
412,5,1741.7843882613172,9228,678.0838028300375,2.568686025225554
413,80,706.3083991203499,125000,706.3083991203499,2.4767355398822524
413,75,726.3746660191013,117279,706.3083991203499,2.4767355398822524
413,70,732.1066729097407,109567,706.3083991203499,2.4767355398822524
413,65,760.9844356580456,101847,706.3083991203499,2.4767355398822524
413,60,783.5670390829431,94126,706.3083991203499,2.4767355398822524
413,55,795.7663223724962,86406,706.3083991203499,2.4767355398822524
413,50,824.8471199587071,78694,706.3083991203499,2.4767355398822524
413,45,832.7882617995402,70974,706.3083991203499,2.4767355398822524
413,40,874.5207844377873,63253,706.3083991203499,2.4767355398822524
413,35,897.0110072608329,55533,706.3083991203499,2.4767355398822524
413,30,913.4064303183648,47821,706.3083991203499,2.4767355398822524
413,25,1002.8217510375678,40101,706.3083991203499,2.4767355398822524
413,20,1080.36405640843,32380,706.3083991203499,2.4767355398822524
413,15,1158.0846172862225,24660,706.3083991203499,2.4767355398822524
413,10,1303.517014760548,16948,706.3083991203499,2.4767355398822524
413,5,1749.3391142187093,9228,706.3083991203499,2.4767355398822524
414,80,697.0675344261759,125000,697.0675344261759,2.522043614204976
414,75,725.2416091650562,117279,697.0675344261759,2.522043614204976
414,70,731.0476265380777,109567,697.0675344261759,2.522043614204976
414,65,761.1092872428665,101847,697.0675344261759,2.522043614204976
414,60,779.8101079420442,94126,697.0675344261759,2.522043614204976
414,55,792.1800340159072,86406,697.0675344261759,2.522043614204976
414,50,823.4490895317734,78694,697.0675344261759,2.522043614204976
414,45,833.2523580309896,70974,697.0675344261759,2.522043614204976
414,40,870.2877282701949,63253,697.0675344261759,2.522043614204976
414,35,891.1420482800967,55533,697.0675344261759,2.522043614204976
414,30,908.2709900312832,47821,697.0675344261759,2.522043614204976
414,25,997.4522688281662,40101,697.0675344261759,2.522043614204976
414,20,1078.1588364674396,32380,697.0675344261759,2.522043614204976
414,15,1156.4191777294366,24660,697.0675344261759,2.522043614204976
414,10,1298.320905523383,16948,697.0675344261759,2.522043614204976
414,5,1758.0347238691438,9228,697.0675344261759,2.522043614204976
415,80,659.2396780509408,125000,659.2396780509408,2.654776684127265
415,75,697.1728142756928,117279,659.2396780509408,2.654776684127265
415,70,703.8062174797,109567,659.2396780509408,2.654776684127265
415,65,738.9845356132876,101847,659.2396780509408,2.654776684127265
415,60,754.3989251095536,94126,659.2396780509408,2.654776684127265
415,55,765.4512762902592,86406,659.2396780509408,2.654776684127265
415,50,802.3168175488435,78694,659.2396780509408,2.654776684127265
415,45,814.2839981506173,70974,659.2396780509408,2.654776684127265
415,40,851.7474474918503,63253,659.2396780509408,2.654776684127265
415,35,872.5793550153296,55533,659.2396780509408,2.654776684127265
415,30,891.6486272949005,47821,659.2396780509408,2.654776684127265
415,25,978.4556089609204,40101,659.2396780509408,2.654776684127265
415,20,1060.959637665914,32380,659.2396780509408,2.654776684127265
415,15,1138.9565405459864,24660,659.2396780509408,2.654776684127265
415,10,1277.5055285618814,16948,659.2396780509408,2.654776684127265
415,5,1750.1341265412027,9228,659.2396780509408,2.654776684127265
417,80,675.0996164355313,125000,675.0996164355313,2.599313690306332
417,75,715.8248495643767,117279,675.0996164355313,2.599313690306332
417,70,721.760540348054,109567,675.0996164355313,2.599313690306332
417,65,756.1081247101407,101847,675.0996164355313,2.599313690306332
417,60,766.2066377225311,94126,675.0996164355313,2.599313690306332
417,55,774.9407954486479,86406,675.0996164355313,2.599313690306332
417,50,815.9082143451832,78694,675.0996164355313,2.599313690306332
417,45,828.8641457040505,70974,675.0996164355313,2.599313690306332
417,40,866.477442649394,63253,675.0996164355313,2.599313690306332
417,35,882.2945932452934,55533,675.0996164355313,2.599313690306332
417,30,907.1814830969984,47821,675.0996164355313,2.599313690306332
417,25,984.68429718579,40101,675.0996164355313,2.599313690306332
417,20,1064.380751582917,32380,675.0996164355313,2.599313690306332
417,15,1131.1718177233015,24660,675.0996164355313,2.599313690306332
417,10,1253.338305736674,16948,675.0996164355313,2.599313690306332
417,5,1754.7956753214305,9228,675.0996164355313,2.599313690306332
418,80,754.5113905912619,125000,754.5113905912619,2.361739931524676
418,75,785.743216692042,117279,754.5113905912619,2.361739931524676
418,70,790.6943602192802,109567,754.5113905912619,2.361739931524676
418,65,822.121937546722,101847,754.5113905912619,2.361739931524676
418,60,830.0069664142978,94126,754.5113905912619,2.361739931524676
418,55,837.8373544314356,86406,754.5113905912619,2.361739931524676
418,50,873.13875023278,78694,754.5113905912619,2.361739931524676
418,45,883.5985988396505,70974,754.5113905912619,2.361739931524676
418,40,916.6664891557124,63253,754.5113905912619,2.361739931524676
418,35,929.5710307030078,55533,754.5113905912619,2.361739931524676
418,30,958.4355722442962,47821,754.5113905912619,2.361739931524676
418,25,1026.9417208538082,40101,754.5113905912619,2.361739931524676
418,20,1100.2038902997087,32380,754.5113905912619,2.361739931524676
418,15,1164.1643810666694,24660,754.5113905912619,2.361739931524676
418,10,1274.0081075606647,16948,754.5113905912619,2.361739931524676
418,5,1781.959679949595,9228,754.5113905912619,2.361739931524676
419,80,802.6375116964398,125000,802.6375116964398,2.2535201242457004
419,75,829.8274727773589,117279,802.6375116964398,2.2535201242457004
419,70,833.3393866131844,109567,802.6375116964398,2.2535201242457004
419,65,864.1087092697499,101847,802.6375116964398,2.2535201242457004
419,60,871.5803139988345,94126,802.6375116964398,2.2535201242457004
419,55,882.3160875095256,86406,802.6375116964398,2.2535201242457004
419,50,909.4636114970413,78694,802.6375116964398,2.2535201242457004
419,45,922.815972100428,70974,802.6375116964398,2.2535201242457004
419,40,949.4945451686622,63253,802.6375116964398,2.2535201242457004
419,35,958.8744204734768,55533,802.6375116964398,2.2535201242457004
419,30,988.8787593746669,47821,802.6375116964398,2.2535201242457004
419,25,1049.2734900504836,40101,802.6375116964398,2.2535201242457004
419,20,1136.103609287033,32380,802.6375116964398,2.2535201242457004
419,15,1199.8528022486423,24660,802.6375116964398,2.2535201242457004
419,10,1285.7407803465812,16948,802.6375116964398,2.2535201242457004
419,5,1808.7597850824209,9228,802.6375116964398,2.2535201242457004
420,80,760.1994663938118,125000,760.1994663938118,2.3077523326369778
420,75,792.7385944452088,117279,760.1994663938118,2.3077523326369778
420,70,796.0423955141416,109567,760.1994663938118,2.3077523326369778
420,65,818.9163379974158,101847,760.1994663938118,2.3077523326369778
420,60,826.7570752681622,94126,760.1994663938118,2.3077523326369778
420,55,834.6345287975935,86406,760.1994663938118,2.3077523326369778
420,50,865.1057985812209,78694,760.1994663938118,2.3077523326369778
420,45,876.7568547010636,70974,760.1994663938118,2.3077523326369778
420,40,906.386690876044,63253,760.1994663938118,2.3077523326369778
420,35,913.9667562493744,55533,760.1994663938118,2.3077523326369778
420,30,948.0314760454576,47821,760.1994663938118,2.3077523326369778
420,25,1002.3866828148932,40101,760.1994663938118,2.3077523326369778
420,20,1078.7225416197766,32380,760.1994663938118,2.3077523326369778
420,15,1145.111442689672,24660,760.1994663938118,2.3077523326369778
420,10,1237.457708093374,16948,760.1994663938118,2.3077523326369778
420,5,1754.3520918397048,9228,760.1994663938118,2.3077523326369778
421,80,742.3061129745346,125000,742.3061129745346,2.345028262130653
421,75,779.2658296638367,117279,742.3061129745346,2.345028262130653
421,70,783.0681191257252,109567,742.3061129745346,2.345028262130653
421,65,805.5485821083685,101847,742.3061129745346,2.345028262130653
421,60,813.8726244612371,94126,742.3061129745346,2.345028262130653
421,55,824.902794935212,86406,742.3061129745346,2.345028262130653
421,50,852.0654432357762,78694,742.3061129745346,2.345028262130653
421,45,864.3565634682966,70974,742.3061129745346,2.345028262130653
421,40,894.813636947741,63253,742.3061129745346,2.345028262130653
421,35,900.0588182204043,55533,742.3061129745346,2.345028262130653
421,30,936.5344558828268,47821,742.3061129745346,2.345028262130653
421,25,984.5962847051692,40101,742.3061129745346,2.345028262130653
421,20,1060.8305673124644,32380,742.3061129745346,2.345028262130653
421,15,1131.9409978507767,24660,742.3061129745346,2.345028262130653
421,10,1218.2124016217915,16948,742.3061129745346,2.345028262130653
421,5,1740.728814077633,9228,742.3061129745346,2.345028262130653
422,80,714.3835820239472,125000,714.3835820239472,2.434187427224246
422,75,758.2600667878423,117279,714.3835820239472,2.434187427224246
422,70,762.5945463066635,109567,714.3835820239472,2.434187427224246
422,65,784.3531762098963,101847,714.3835820239472,2.434187427224246
422,60,796.1136533847915,94126,714.3835820239472,2.434187427224246
422,55,809.7777468988374,86406,714.3835820239472,2.434187427224246
422,50,833.9422831767797,78694,714.3835820239472,2.434187427224246
422,45,847.3422162638647,70974,714.3835820239472,2.434187427224246
422,40,879.5912569803178,63253,714.3835820239472,2.434187427224246
422,35,884.0485461871982,55533,714.3835820239472,2.434187427224246
422,30,923.6442203200972,47821,714.3835820239472,2.434187427224246
422,25,971.3134927162772,40101,714.3835820239472,2.434187427224246
422,20,1051.405803869802,32380,714.3835820239472,2.434187427224246
422,15,1132.3948509457805,24660,714.3835820239472,2.434187427224246
422,10,1215.4360340189853,16948,714.3835820239472,2.434187427224246
422,5,1738.943533578113,9228,714.3835820239472,2.434187427224246
424,80,729.8242212436821,125000,729.8242212436821,2.388350398884266
424,75,770.6637492753902,117279,729.8242212436821,2.388350398884266
424,70,777.5105467648815,109567,729.8242212436821,2.388350398884266
424,65,793.6627622427693,101847,729.8242212436821,2.388350398884266
424,60,813.9478238259927,94126,729.8242212436821,2.388350398884266
424,55,830.0387865209777,86406,729.8242212436821,2.388350398884266
424,50,846.1672657528724,78694,729.8242212436821,2.388350398884266
424,45,859.3439569318567,70974,729.8242212436821,2.388350398884266
424,40,887.7015310867812,63253,729.8242212436821,2.388350398884266
424,35,890.5175857830868,55533,729.8242212436821,2.388350398884266
424,30,931.2551937839104,47821,729.8242212436821,2.388350398884266
424,25,974.7351111826227,40101,729.8242212436821,2.388350398884266
424,20,1056.2976040032015,32380,729.8242212436821,2.388350398884266
424,15,1142.0534306410266,24660,729.8242212436821,2.388350398884266
424,10,1218.3684740606593,16948,729.8242212436821,2.388350398884266
424,5,1743.075969922747,9228,729.8242212436821,2.388350398884266
425,80,777.9497268789509,125000,777.9497268789509,2.2376072135587664
425,75,809.9623712649682,117279,777.9497268789509,2.2376072135587664
425,70,819.3103907597373,109567,777.9497268789509,2.2376072135587664
425,65,829.9155858641806,101847,777.9497268789509,2.2376072135587664
425,60,852.0589444835906,94126,777.9497268789509,2.2376072135587664
425,55,868.3094470368292,86406,777.9497268789509,2.2376072135587664
425,50,878.8395722433095,78694,777.9497268789509,2.2376072135587664
425,45,890.3473787970207,70974,777.9497268789509,2.2376072135587664
425,40,913.622852200284,63253,777.9497268789509,2.2376072135587664
425,35,915.2893053026098,55533,777.9497268789509,2.2376072135587664
425,30,952.1618444078654,47821,777.9497268789509,2.2376072135587664
425,25,989.4846243611596,40101,777.9497268789509,2.2376072135587664
425,20,1067.7113796681665,32380,777.9497268789509,2.2376072135587664
425,15,1151.0188726524057,24660,777.9497268789509,2.2376072135587664
425,10,1222.2012730194638,16948,777.9497268789509,2.2376072135587664
425,5,1740.7459206504125,9228,777.9497268789509,2.2376072135587664
426,80,798.3485951924072,125000,798.3485951924072,2.178022448409477
426,75,826.81701995674,117279,798.3485951924072,2.178022448409477
426,70,841.0415856205473,109567,798.3485951924072,2.178022448409477
426,65,848.2468324709051,101847,798.3485951924072,2.178022448409477
426,60,871.7714859480094,94126,798.3485951924072,2.178022448409477
426,55,889.4415804431536,86406,798.3485951924072,2.178022448409477
426,50,897.3017745502382,78694,798.3485951924072,2.178022448409477
426,45,908.03446890217,70974,798.3485951924072,2.178022448409477
426,40,928.8034191100144,63253,798.3485951924072,2.178022448409477
426,35,929.9163711245052,55533,798.3485951924072,2.178022448409477
426,30,966.683832693318,47821,798.3485951924072,2.178022448409477
426,25,1000.4099715569554,40101,798.3485951924072,2.178022448409477
426,20,1074.7305092923657,32380,798.3485951924072,2.178022448409477
426,15,1160.7439130741684,24660,798.3485951924072,2.178022448409477
426,10,1229.12571419894,16948,798.3485951924072,2.178022448409477
426,5,1738.8211619852332,9228,798.3485951924072,2.178022448409477
427,80,816.4953661471816,125000,816.4953661471816,2.138243937216037
427,75,843.6310640720836,117279,816.4953661471816,2.138243937216037
427,70,863.2022979490708,109567,816.4953661471816,2.138243937216037
427,65,869.6185671180725,101847,816.4953661471816,2.138243937216037
427,60,895.3699268005607,94126,816.4953661471816,2.138243937216037
427,55,915.8990734143404,86406,816.4953661471816,2.138243937216037
427,50,922.5919289557806,78694,816.4953661471816,2.138243937216037
427,45,933.86179652273,70974,816.4953661471816,2.138243937216037
427,40,953.9297226970908,63253,816.4953661471816,2.138243937216037
427,35,956.0247351210016,55533,816.4953661471816,2.138243937216037
427,30,993.3384109327798,47821,816.4953661471816,2.138243937216037
427,25,1026.0303889295892,40101,816.4953661471816,2.138243937216037
427,20,1100.2034546940008,32380,816.4953661471816,2.138243937216037
427,15,1183.4432752194018,24660,816.4953661471816,2.138243937216037
427,10,1251.9633290354086,16948,816.4953661471816,2.138243937216037
427,5,1745.8662664291992,9228,816.4953661471816,2.138243937216037
428,80,810.2222289412903,125000,810.2222289412903,2.1496754399593074
428,75,836.6436892136074,117279,810.2222289412903,2.1496754399593074
428,70,862.4328102730653,109567,810.2222289412903,2.1496754399593074
428,65,869.199038105356,101847,810.2222289412903,2.1496754399593074
428,60,895.7799983849611,94126,810.2222289412903,2.1496754399593074
428,55,919.2048083986574,86406,810.2222289412903,2.1496754399593074
428,50,925.254692006816,78694,810.2222289412903,2.1496754399593074
428,45,937.7537593120708,70974,810.2222289412903,2.1496754399593074
428,40,956.0679555617342,63253,810.2222289412903,2.1496754399593074
428,35,959.336583033938,55533,810.2222289412903,2.1496754399593074
428,30,998.6600415435798,47821,810.2222289412903,2.1496754399593074
428,25,1034.3690280576873,40101,810.2222289412903,2.1496754399593074
428,20,1111.4430715700437,32380,810.2222289412903,2.1496754399593074
428,15,1195.415170319175,24660,810.2222289412903,2.1496754399593074
428,10,1262.7747104836474,16948,810.2222289412903,2.1496754399593074
428,5,1741.714826464179,9228,810.2222289412903,2.1496754399593074
429,80,558.7949370491372,125000,558.7949370491372,2.405898426500416
429,75,579.7720088679433,117279,558.7949370491372,2.405898426500416
429,70,600.0245364798723,109567,558.7949370491372,2.405898426500416
429,65,607.1036132649948,101847,558.7949370491372,2.405898426500416
429,60,630.2675674829557,94126,558.7949370491372,2.405898426500416
429,55,653.0419486412309,86406,558.7949370491372,2.405898426500416
429,50,657.4710083189767,78694,558.7949370491372,2.405898426500416
429,45,669.4419583559962,70974,558.7949370491372,2.405898426500416
429,40,689.16112102303,63253,558.7949370491372,2.405898426500416
429,35,693.5533605887798,55533,558.7949370491372,2.405898426500416
429,30,717.4157585177959,47821,558.7949370491372,2.405898426500416
429,25,756.0796776843689,40101,558.7949370491372,2.405898426500416
429,20,837.5234432460795,32380,558.7949370491372,2.405898426500416
429,15,896.7572441408718,24660,558.7949370491372,2.405898426500416
429,10,948.8658670233252,16948,558.7949370491372,2.405898426500416
429,5,1344.403859782918,9228,558.7949370491372,2.405898426500416
431,80,387.3320971157662,125000,387.3320971157662,2.65128177316186
431,75,399.3021561130421,117279,387.3320971157662,2.65128177316186
431,70,409.6387767209991,109567,387.3320971157662,2.65128177316186
431,65,417.66963519714426,101847,387.3320971157662,2.65128177316186
431,60,438.8177120151993,94126,387.3320971157662,2.65128177316186
431,55,458.7032198968952,86406,387.3320971157662,2.65128177316186
431,50,461.5102529390807,78694,387.3320971157662,2.65128177316186
431,45,474.2798833674044,70974,387.3320971157662,2.65128177316186
431,40,494.07958729099886,63253,387.3320971157662,2.65128177316186
431,35,499.1413493738154,55533,387.3320971157662,2.65128177316186
431,30,509.0692594489565,47821,387.3320971157662,2.65128177316186
431,25,540.4685414484994,40101,387.3320971157662,2.65128177316186
431,20,634.2266465410024,32380,387.3320971157662,2.65128177316186
431,15,686.2516472471073,24660,387.3320971157662,2.65128177316186
431,10,729.4658855388287,16948,387.3320971157662,2.65128177316186
431,5,1026.9265292435905,9228,387.3320971157662,2.65128177316186
432,80,358.4352805644394,125000,358.4352805644394,2.6801042465367177
432,75,366.80975861002025,117279,358.4352805644394,2.6801042465367177
432,70,375.1431345731589,109567,358.4352805644394,2.6801042465367177
432,65,382.7151161902321,101847,358.4352805644394,2.6801042465367177
432,60,402.84076770491447,94126,358.4352805644394,2.6801042465367177
432,55,421.0523906377894,86406,358.4352805644394,2.6801042465367177
432,50,423.8332938326189,78694,358.4352805644394,2.6801042465367177
432,45,437.03834919966886,70974,358.4352805644394,2.6801042465367177
432,40,457.9449670552178,63253,358.4352805644394,2.6801042465367177
432,35,463.1832286133143,55533,358.4352805644394,2.6801042465367177
432,30,470.44896683071113,47821,358.4352805644394,2.6801042465367177
432,25,497.4832560551389,40101,358.4352805644394,2.6801042465367177
432,20,599.6951209453791,32380,358.4352805644394,2.6801042465367177
432,15,655.5321200569895,24660,358.4352805644394,2.6801042465367177
432,10,699.9622973314063,16948,358.4352805644394,2.6801042465367177
432,5,960.643917549334,9228,358.4352805644394,2.6801042465367177
434,80,340.6279413525518,125000,340.6279413525518,2.6963157220462763
434,75,345.3871512500059,117279,340.6279413525518,2.6963157220462763
434,70,353.17904542561854,109567,340.6279413525518,2.6963157220462763
434,65,360.3283659610874,101847,340.6279413525518,2.6963157220462763
434,60,377.9557686633671,94126,340.6279413525518,2.6963157220462763
434,55,394.23680052519273,86406,340.6279413525518,2.6963157220462763
434,50,398.1893799959695,78694,340.6279413525518,2.6963157220462763
434,45,410.0531027626984,70974,340.6279413525518,2.6963157220462763
434,40,433.7437427997713,63253,340.6279413525518,2.6963157220462763
434,35,439.55073604012574,55533,340.6279413525518,2.6963157220462763
434,30,447.6790297818748,47821,340.6279413525518,2.6963157220462763
434,25,465.02960890569904,40101,340.6279413525518,2.6963157220462763
434,20,588.4055953841912,32380,340.6279413525518,2.6963157220462763
434,15,657.0238645356641,24660,340.6279413525518,2.6963157220462763
434,10,708.1261570785153,16948,340.6279413525518,2.6963157220462763
434,5,918.4404736371424,9228,340.6279413525518,2.6963157220462763
435,80,354.3441679918111,125000,354.3441679918111,2.64172009039472
435,75,358.08488315142466,117279,354.3441679918111,2.64172009039472
435,70,366.2095559672088,109567,354.3441679918111,2.64172009039472
435,65,374.09037898949816,101847,354.3441679918111,2.64172009039472
435,60,389.84688439608806,94126,354.3441679918111,2.64172009039472
435,55,404.7508039708585,86406,354.3441679918111,2.64172009039472
435,50,408.62583563141527,78694,354.3441679918111,2.64172009039472
435,45,420.2528226060588,70974,354.3441679918111,2.64172009039472
435,40,446.06070330320097,63253,354.3441679918111,2.64172009039472
435,35,451.288808401561,55533,354.3441679918111,2.64172009039472
435,30,463.5609891662296,47821,354.3441679918111,2.64172009039472
435,25,477.90680982358174,40101,354.3441679918111,2.64172009039472
435,20,611.369942712519,32380,354.3441679918111,2.64172009039472
435,15,688.0095148482684,24660,354.3441679918111,2.64172009039472
435,10,744.5783072532861,16948,354.3441679918111,2.64172009039472
435,5,936.078107498169,9228,354.3441679918111,2.64172009039472
436,80,375.6258981722027,125000,375.6258981722027,2.5779727600582625
436,75,379.84605071570616,117279,375.6258981722027,2.5779727600582625
436,70,387.7555133669967,109567,375.6258981722027,2.5779727600582625
436,65,396.299008783686,101847,375.6258981722027,2.5779727600582625
436,60,411.2332736176052,94126,375.6258981722027,2.5779727600582625
436,55,425.00788105394776,86406,375.6258981722027,2.5779727600582625
436,50,429.2518556922732,78694,375.6258981722027,2.5779727600582625
436,45,440.4105242839354,70974,375.6258981722027,2.5779727600582625
436,40,467.4239819086594,63253,375.6258981722027,2.5779727600582625
436,35,473.0329856913754,55533,375.6258981722027,2.5779727600582625
436,30,490.2012310910638,47821,375.6258981722027,2.5779727600582625
436,25,502.8674136202055,40101,375.6258981722027,2.5779727600582625
436,20,642.3310774318433,32380,375.6258981722027,2.5779727600582625
436,15,727.7773005168472,24660,375.6258981722027,2.5779727600582625
436,10,791.9638125853126,16948,375.6258981722027,2.5779727600582625
436,5,968.3533334603572,9228,375.6258981722027,2.5779727600582625
437,80,410.0413895163181,125000,410.0413895163181,2.523529468857132
437,75,415.1234282254297,117279,410.0413895163181,2.523529468857132
437,70,422.9734222051053,109567,410.0413895163181,2.523529468857132
437,65,433.35718947071496,101847,410.0413895163181,2.523529468857132
437,60,446.21339215814777,94126,410.0413895163181,2.523529468857132
437,55,458.89907958358697,86406,410.0413895163181,2.523529468857132
437,50,464.53211984162687,78694,410.0413895163181,2.523529468857132
437,45,473.8502189210434,70974,410.0413895163181,2.523529468857132
437,40,503.6368894911008,63253,410.0413895163181,2.523529468857132
437,35,512.0190187633877,55533,410.0413895163181,2.523529468857132
437,30,534.5285836542578,47821,410.0413895163181,2.523529468857132
437,25,546.7163791499552,40101,410.0413895163181,2.523529468857132
437,20,692.4066707339701,32380,410.0413895163181,2.523529468857132
437,15,794.0962508880714,24660,410.0413895163181,2.523529468857132
437,10,868.6727159474574,16948,410.0413895163181,2.523529468857132
437,5,1034.7515298955548,9228,410.0413895163181,2.523529468857132
438,80,436.92157377166905,125000,436.92157377166905,2.597579091817636
438,75,442.03776307039175,117279,436.92157377166905,2.597579091817636
438,70,452.8214216718055,109567,436.92157377166905,2.597579091817636
438,65,468.0914047294862,101847,436.92157377166905,2.597579091817636
438,60,478.9785601452608,94126,436.92157377166905,2.597579091817636
438,55,492.3123924680954,86406,436.92157377166905,2.597579091817636
438,50,500.9102579669667,78694,436.92157377166905,2.597579091817636
438,45,511.0376010530884,70974,436.92157377166905,2.597579091817636
438,40,539.8479909927826,63253,436.92157377166905,2.597579091817636
438,35,550.5744447020572,55533,436.92157377166905,2.597579091817636
438,30,578.4261985606809,47821,436.92157377166905,2.597579091817636
438,25,592.953614129493,40101,436.92157377166905,2.597579091817636
438,20,755.5117800394331,32380,436.92157377166905,2.597579091817636
438,15,876.0334963335927,24660,436.92157377166905,2.597579091817636
438,10,969.862502712852,16948,436.92157377166905,2.597579091817636
438,5,1134.938344793344,9228,436.92157377166905,2.597579091817636
440,80,557.8927122507631,125000,557.8927122507631,2.5592755226689152
440,75,565.8269793120742,117279,557.8927122507631,2.5592755226689152
440,70,576.9139247057839,109567,557.8927122507631,2.5592755226689152
440,65,598.2522054189945,101847,557.8927122507631,2.5592755226689152
440,60,607.8451632127079,94126,557.8927122507631,2.5592755226689152
440,55,619.2562848043724,86406,557.8927122507631,2.5592755226689152
440,50,627.1782278483576,78694,557.8927122507631,2.5592755226689152
440,45,635.0379896959114,70974,557.8927122507631,2.5592755226689152
440,40,671.5467082418052,63253,557.8927122507631,2.5592755226689152
440,35,688.7269989026181,55533,557.8927122507631,2.5592755226689152
440,30,732.3103166257521,47821,557.8927122507631,2.5592755226689152
440,25,753.8733402269131,40101,557.8927122507631,2.5592755226689152
440,20,966.462814584742,32380,557.8927122507631,2.5592755226689152
440,15,1119.5254880158311,24660,557.8927122507631,2.5592755226689152
440,10,1239.7670686520305,16948,557.8927122507631,2.5592755226689152
440,5,1427.8011627387505,9228,557.8927122507631,2.5592755226689152
441,80,627.6992480871332,125000,627.6992480871332,2.439962179159739
441,75,635.0296258254739,117279,627.6992480871332,2.439962179159739
441,70,641.3204469949233,109567,627.6992480871332,2.439962179159739
441,65,657.7080799695977,101847,627.6992480871332,2.439962179159739
441,60,667.3035660393862,94126,627.6992480871332,2.439962179159739
441,55,679.6909293755988,86406,627.6992480871332,2.439962179159739
441,50,686.105167636132,78694,627.6992480871332,2.439962179159739
441,45,692.6670176166948,70974,627.6992480871332,2.439962179159739
441,40,731.474042238589,63253,627.6992480871332,2.439962179159739
441,35,752.6536897830925,55533,627.6992480871332,2.439962179159739
441,30,803.0130011700883,47821,627.6992480871332,2.439962179159739
441,25,829.1250647236529,40101,627.6992480871332,2.439962179159739
441,20,1047.97008249714,32380,627.6992480871332,2.439962179159739
441,15,1203.3636824069465,24660,627.6992480871332,2.439962179159739
441,10,1333.1300628213337,16948,627.6992480871332,2.439962179159739
441,5,1531.5624252196112,9228,627.6992480871332,2.439962179159739
442,80,588.3890078710632,125000,588.3890078710632,2.545498258759865
442,75,597.321888120279,117279,588.3890078710632,2.545498258759865
442,70,604.6372867319349,109567,588.3890078710632,2.545498258759865
442,65,617.3771587587929,101847,588.3890078710632,2.545498258759865
442,60,626.6556221979421,94126,588.3890078710632,2.545498258759865
442,55,640.5745797156736,86406,588.3890078710632,2.545498258759865
442,50,646.0949473213107,78694,588.3890078710632,2.545498258759865
442,45,652.3089861103431,70974,588.3890078710632,2.545498258759865
442,40,688.7419624442421,63253,588.3890078710632,2.545498258759865
442,35,711.5194677901986,55533,588.3890078710632,2.545498258759865
442,30,766.2182448973028,47821,588.3890078710632,2.545498258759865
442,25,797.3556703219479,40101,588.3890078710632,2.545498258759865
442,20,1012.4091128637624,32380,588.3890078710632,2.545498258759865
442,15,1167.841607763449,24660,588.3890078710632,2.545498258759865
442,10,1303.1427342916522,16948,588.3890078710632,2.545498258759865
442,5,1497.7431950092357,9228,588.3890078710632,2.545498258759865
444,80,574.8923046197802,125000,574.8923046197802,2.511226944835797
444,75,585.2675917444778,117279,574.8923046197802,2.511226944835797
444,70,601.0343702539863,109567,574.8923046197802,2.511226944835797
444,65,613.8836255208438,101847,574.8923046197802,2.511226944835797
444,60,619.9523033962413,94126,574.8923046197802,2.511226944835797
444,55,630.0939190210906,86406,574.8923046197802,2.511226944835797
444,50,633.80053140461,78694,574.8923046197802,2.511226944835797
444,45,637.1873953560229,70974,574.8923046197802,2.511226944835797
444,40,666.9320215188787,63253,574.8923046197802,2.511226944835797
444,35,694.5894441401798,55533,574.8923046197802,2.511226944835797
444,30,746.2275908156458,47821,574.8923046197802,2.511226944835797
444,25,776.0375066699189,40101,574.8923046197802,2.511226944835797
444,20,959.7079006144515,32380,574.8923046197802,2.511226944835797
444,15,1125.4618923575429,24660,574.8923046197802,2.511226944835797
444,10,1276.7336077872824,16948,574.8923046197802,2.511226944835797
444,5,1443.685045739941,9228,574.8923046197802,2.511226944835797
445,80,621.5073125534167,125000,621.5073125534167,2.322155057526877
445,75,629.9860865447946,117279,621.5073125534167,2.322155057526877
445,70,645.8943954333837,109567,621.5073125534167,2.322155057526877
445,65,657.4767591177872,101847,621.5073125534167,2.322155057526877
445,60,661.9891703050148,94126,621.5073125534167,2.322155057526877
445,55,669.4610050872226,86406,621.5073125534167,2.322155057526877
445,50,671.727189885291,78694,621.5073125534167,2.322155057526877
445,45,673.8376423103302,70974,621.5073125534167,2.322155057526877
445,40,699.8872129044153,63253,621.5073125534167,2.322155057526877
445,35,730.5429424950368,55533,621.5073125534167,2.322155057526877
445,30,778.1150832960168,47821,621.5073125534167,2.322155057526877
445,25,805.5989292223704,40101,621.5073125534167,2.322155057526877
445,20,969.6585059993802,32380,621.5073125534167,2.322155057526877
445,15,1133.5326189128334,24660,621.5073125534167,2.322155057526877
445,10,1284.6455536191183,16948,621.5073125534167,2.322155057526877
445,5,1443.2363491358535,9228,621.5073125534167,2.322155057526877
446,80,634.9222280902746,125000,634.9222280902746,2.253611470071344
446,75,641.7684856217095,117279,634.9222280902746,2.253611470071344
446,70,658.6648582950203,109567,634.9222280902746,2.253611470071344
446,65,669.898732615811,101847,634.9222280902746,2.253611470071344
446,60,674.7373921012149,94126,634.9222280902746,2.253611470071344
446,55,682.167271530569,86406,634.9222280902746,2.253611470071344
446,50,684.2989775213905,78694,634.9222280902746,2.253611470071344
446,45,685.4679884076306,70974,634.9222280902746,2.253611470071344
446,40,711.0628573382379,63253,634.9222280902746,2.253611470071344
446,35,748.2677472483635,55533,634.9222280902746,2.253611470071344
446,30,794.7411856562615,47821,634.9222280902746,2.253611470071344
446,25,823.147748367928,40101,634.9222280902746,2.253611470071344
446,20,976.5158691918558,32380,634.9222280902746,2.253611470071344
446,15,1131.5520519257336,24660,634.9222280902746,2.253611470071344
446,10,1278.8503411072152,16948,634.9222280902746,2.253611470071344
446,5,1430.868015827497,9228,634.9222280902746,2.253611470071344
447,80,634.3739423996894,125000,634.3739423996894,2.2418324797483336
447,75,640.7776720425036,117279,634.3739423996894,2.2418324797483336
447,70,658.6252460913033,109567,634.3739423996894,2.2418324797483336
447,65,669.8458955330653,101847,634.3739423996894,2.2418324797483336
447,60,676.6833379346,94126,634.3739423996894,2.2418324797483336
447,55,686.5038067335946,86406,634.3739423996894,2.2418324797483336
447,50,689.6822462237659,78694,634.3739423996894,2.2418324797483336
447,45,691.9348073985406,70974,634.3739423996894,2.2418324797483336
447,40,716.8088154771898,63253,634.3739423996894,2.2418324797483336
447,35,760.1906903551237,55533,634.3739423996894,2.2418324797483336
447,30,804.2909663153371,47821,634.3739423996894,2.2418324797483336
447,25,832.0062868443039,40101,634.3739423996894,2.2418324797483336
447,20,977.3295902420532,32380,634.3739423996894,2.2418324797483336
447,15,1131.5979720343396,24660,634.3739423996894,2.2418324797483336
447,10,1273.0790935092134,16948,634.3739423996894,2.2418324797483336
447,5,1422.1601083776222,9228,634.3739423996894,2.2418324797483336
448,80,640.636763434278,125000,640.636763434278,2.2005055697475275
448,75,646.0173273889634,117279,640.636763434278,2.2005055697475275
448,70,664.8177571484084,109567,640.636763434278,2.2005055697475275
448,65,675.4074777432163,101847,640.636763434278,2.2005055697475275
448,60,684.513988978612,94126,640.636763434278,2.2005055697475275
448,55,695.0676785717143,86406,640.636763434278,2.2005055697475275
448,50,699.458123974186,78694,640.636763434278,2.2005055697475275
448,45,704.2321915407134,70974,640.636763434278,2.2005055697475275
448,40,727.829119962153,63253,640.636763434278,2.2005055697475275
448,35,772.3211088976128,55533,640.636763434278,2.2005055697475275
448,30,817.0612649521596,47821,640.636763434278,2.2005055697475275
448,25,846.1692158047014,40101,640.636763434278,2.2005055697475275
448,20,979.9195896767308,32380,640.636763434278,2.2005055697475275
448,15,1135.401093252778,24660,640.636763434278,2.2005055697475275
448,10,1267.2694794656163,16948,640.636763434278,2.2005055697475275
448,5,1409.724766122158,9228,640.636763434278,2.2005055697475275
449,80,624.2116248949369,125000,624.2116248949369,2.202935547533309
449,75,629.3287583832873,117279,624.2116248949369,2.202935547533309
449,70,653.5554915742255,109567,624.2116248949369,2.202935547533309
449,65,662.7978386736232,101847,624.2116248949369,2.202935547533309
449,60,673.3060874781304,94126,624.2116248949369,2.202935547533309
449,55,683.7061591935277,86406,624.2116248949369,2.202935547533309
449,50,688.7128450925945,78694,624.2116248949369,2.202935547533309
449,45,696.0045064218571,70974,624.2116248949369,2.202935547533309
449,40,719.0334019885686,63253,624.2116248949369,2.202935547533309
449,35,764.1224364921862,55533,624.2116248949369,2.202935547533309
449,30,811.1154979344706,47821,624.2116248949369,2.202935547533309
449,25,847.2807146182378,40101,624.2116248949369,2.202935547533309
449,20,963.9737684432372,32380,624.2116248949369,2.202935547533309
449,15,1118.6384079975112,24660,624.2116248949369,2.202935547533309
449,10,1239.2590953165177,16948,624.2116248949369,2.202935547533309
449,5,1375.0979776645847,9228,624.2116248949369,2.202935547533309
451,80,670.6419290193053,125000,670.6419290193053,2.0596938070594155
451,75,674.844927878159,117279,670.6419290193053,2.0596938070594155
451,70,702.6675866872183,109567,670.6419290193053,2.0596938070594155
451,65,711.0466530984139,101847,670.6419290193053,2.0596938070594155
451,60,723.7393181502534,94126,670.6419290193053,2.0596938070594155
451,55,730.5963130852077,86406,670.6419290193053,2.0596938070594155
451,50,736.1832239204026,78694,670.6419290193053,2.0596938070594155
451,45,746.8038549452649,70974,670.6419290193053,2.0596938070594155
451,40,767.7983668261843,63253,670.6419290193053,2.0596938070594155
451,35,815.5974796545923,55533,670.6419290193053,2.0596938070594155
451,30,862.5135959826407,47821,670.6419290193053,2.0596938070594155
451,25,906.7869775307356,40101,670.6419290193053,2.0596938070594155
451,20,1007.32937292078,32380,670.6419290193053,2.0596938070594155
451,15,1149.310949183782,24660,670.6419290193053,2.0596938070594155
451,10,1248.4403356870746,16948,670.6419290193053,2.0596938070594155
451,5,1381.317027955443,9228,670.6419290193053,2.0596938070594155
452,80,729.4527856021477,125000,729.4527856021477,1.9090779902266544
452,75,733.6866852366195,117279,729.4527856021477,1.9090779902266544
452,70,758.293412036993,109567,729.4527856021477,1.9090779902266544
452,65,765.4384403064861,101847,729.4527856021477,1.9090779902266544
452,60,780.1895268737136,94126,729.4527856021477,1.9090779902266544
452,55,786.2689601905087,86406,729.4527856021477,1.9090779902266544
452,50,793.4250844225693,78694,729.4527856021477,1.9090779902266544
452,45,804.39103000961,70974,729.4527856021477,1.9090779902266544
452,40,823.9620869777114,63253,729.4527856021477,1.9090779902266544
452,35,868.8148887150251,55533,729.4527856021477,1.9090779902266544
452,30,911.9470325302814,47821,729.4527856021477,1.9090779902266544
452,25,961.1808263200202,40101,729.4527856021477,1.9090779902266544
452,20,1042.7306921656834,32380,729.4527856021477,1.9090779902266544
452,15,1172.6243161810455,24660,729.4527856021477,1.9090779902266544
452,10,1257.569755240492,16948,729.4527856021477,1.9090779902266544
452,5,1392.582257902583,9228,729.4527856021477,1.9090779902266544
453,80,732.3990152389473,125000,732.3990152389473,1.8701318175777892
453,75,739.4345844526555,117279,732.3990152389473,1.8701318175777892
453,70,762.8815581730439,109567,732.3990152389473,1.8701318175777892
453,65,769.1625164018403,101847,732.3990152389473,1.8701318175777892
453,60,787.0495484997788,94126,732.3990152389473,1.8701318175777892
453,55,793.9484830698656,86406,732.3990152389473,1.8701318175777892
453,50,804.2328367827712,78694,732.3990152389473,1.8701318175777892
453,45,815.5594123800648,70974,732.3990152389473,1.8701318175777892
453,40,834.95561441244,63253,732.3990152389473,1.8701318175777892
453,35,874.9379753785396,55533,732.3990152389473,1.8701318175777892
453,30,916.3644664332418,47821,732.3990152389473,1.8701318175777892
453,25,970.4502258935834,40101,732.3990152389473,1.8701318175777892
453,20,1037.5324571905217,32380,732.3990152389473,1.8701318175777892
453,15,1159.2326829873982,24660,732.3990152389473,1.8701318175777892
453,10,1231.0879202307688,16948,732.3990152389473,1.8701318175777892
453,5,1369.6827015609956,9228,732.3990152389473,1.8701318175777892
454,80,732.7280395978212,125000,732.7280395978212,1.8519053700448729
454,75,741.8250622991648,117279,732.7280395978212,1.8519053700448729
454,70,764.6819553220907,109567,732.7280395978212,1.8519053700448729
454,65,769.2330468830229,101847,732.7280395978212,1.8519053700448729
454,60,788.5889578311331,94126,732.7280395978212,1.8519053700448729
454,55,796.4085197786616,86406,732.7280395978212,1.8519053700448729
454,50,812.7344227127999,78694,732.7280395978212,1.8519053700448729
454,45,826.0105804669305,70974,732.7280395978212,1.8519053700448729
454,40,848.2073902818106,63253,732.7280395978212,1.8519053700448729
454,35,880.6773966455422,55533,732.7280395978212,1.8519053700448729
454,30,920.9465036730674,47821,732.7280395978212,1.8519053700448729
454,25,982.7700017745068,40101,732.7280395978212,1.8519053700448729
454,20,1042.6876454718736,32380,732.7280395978212,1.8519053700448729
454,15,1156.6217767016733,24660,732.7280395978212,1.8519053700448729
454,10,1219.860424873553,16948,732.7280395978212,1.8519053700448729
454,5,1356.942991313657,9228,732.7280395978212,1.8519053700448729
455,80,720.9394224697885,125000,720.9394224697885,1.88266159942782
455,75,731.9304682352805,117279,720.9394224697885,1.88266159942782
455,70,756.6228883969526,109567,720.9394224697885,1.88266159942782
455,65,759.6854782636339,101847,720.9394224697885,1.88266159942782
455,60,780.6811831778059,94126,720.9394224697885,1.88266159942782
455,55,789.8813967526341,86406,720.9394224697885,1.88266159942782
455,50,815.6375361993985,78694,720.9394224697885,1.88266159942782
455,45,833.1014169565123,70974,720.9394224697885,1.88266159942782
455,40,859.4173036578325,63253,720.9394224697885,1.88266159942782
455,35,885.320837676338,55533,720.9394224697885,1.88266159942782
455,30,921.201845268076,47821,720.9394224697885,1.88266159942782
455,25,992.4414665893156,40101,720.9394224697885,1.88266159942782
455,20,1050.039562328073,32380,720.9394224697885,1.88266159942782
455,15,1158.402142475407,24660,720.9394224697885,1.88266159942782
455,10,1213.2620202425578,16948,720.9394224697885,1.88266159942782
455,5,1357.2849661975408,9228,720.9394224697885,1.88266159942782
456,80,673.1459599294436,125000,673.1459599294436,2.010939029704402
456,75,689.9358982481988,117279,673.1459599294436,2.010939029704402
456,70,716.9349095516725,109567,673.1459599294436,2.010939029704402
456,65,720.1301826274605,101847,673.1459599294436,2.010939029704402
456,60,745.5315862263674,94126,673.1459599294436,2.010939029704402
456,55,755.4657882824073,86406,673.1459599294436,2.010939029704402
456,50,796.9765755751215,78694,673.1459599294436,2.010939029704402
456,45,817.1963515760943,70974,673.1459599294436,2.010939029704402
456,40,848.2044556915534,63253,673.1459599294436,2.010939029704402
456,35,869.3645557613752,55533,673.1459599294436,2.010939029704402
456,30,902.2755003284376,47821,673.1459599294436,2.010939029704402
456,25,984.8110157303744,40101,673.1459599294436,2.010939029704402
456,20,1046.0495699593196,32380,673.1459599294436,2.010939029704402
456,15,1148.457780291627,24660,673.1459599294436,2.010939029704402
456,10,1200.5773005092433,16948,673.1459599294436,2.010939029704402
456,5,1353.6554835099537,9228,673.1459599294436,2.010939029704402
458,80,767.1541666406009,125000,767.1541666406009,1.8200069431808308
458,75,784.7315250507125,117279,767.1541666406009,1.8200069431808308
458,70,803.189302814693,109567,767.1541666406009,1.8200069431808308
458,65,808.3660581343967,101847,767.1541666406009,1.8200069431808308
458,60,837.2773562630473,94126,767.1541666406009,1.8200069431808308
458,55,846.8383563459514,86406,767.1541666406009,1.8200069431808308
458,50,895.3200183012631,78694,767.1541666406009,1.8200069431808308
458,45,919.5220522749504,70974,767.1541666406009,1.8200069431808308
458,40,948.519063584422,63253,767.1541666406009,1.8200069431808308
458,35,957.9591002711996,55533,767.1541666406009,1.8200069431808308
458,30,982.4653477989864,47821,767.1541666406009,1.8200069431808308
458,25,1067.465038192697,40101,767.1541666406009,1.8200069431808308
458,20,1134.9957082024882,32380,767.1541666406009,1.8200069431808308
458,15,1217.173214488521,24660,767.1541666406009,1.8200069431808308
458,10,1287.4656904726764,16948,767.1541666406009,1.8200069431808308
458,5,1396.2259097759977,9228,767.1541666406009,1.8200069431808308
459,80,949.987927964279,125000,949.987927964279,1.5962847690725412
459,75,962.0273246783986,117279,949.987927964279,1.5962847690725412
459,70,971.3747003949702,109567,949.987927964279,1.5962847690725412
459,65,977.3815473238412,101847,949.987927964279,1.5962847690725412
459,60,997.082012942148,94126,949.987927964279,1.5962847690725412
459,55,1013.3002857218604,86406,949.987927964279,1.5962847690725412
459,50,1053.4445575577165,78694,949.987927964279,1.5962847690725412
459,45,1073.1680691046984,70974,949.987927964279,1.5962847690725412
459,40,1097.1756885198542,63253,949.987927964279,1.5962847690725412
459,35,1100.531113004558,55533,949.987927964279,1.5962847690725412
459,30,1135.483717309057,47821,949.987927964279,1.5962847690725412
459,25,1215.7703164067918,40101,949.987927964279,1.5962847690725412
459,20,1280.1560428673383,32380,949.987927964279,1.5962847690725412
459,15,1333.1884829824037,24660,949.987927964279,1.5962847690725412
459,10,1434.8804888954146,16948,949.987927964279,1.5962847690725412
459,5,1516.451260212161,9228,949.987927964279,1.5962847690725412
460,80,997.1632020309272,125000,997.1632020309272,1.5206465987725808
460,75,1006.9434740369484,117279,997.1632020309272,1.5206465987725808
460,70,1015.3232284303936,109567,997.1632020309272,1.5206465987725808
460,65,1021.6483390559556,101847,997.1632020309272,1.5206465987725808
460,60,1039.751606475562,94126,997.1632020309272,1.5206465987725808
460,55,1063.1793533037342,86406,997.1632020309272,1.5206465987725808
460,50,1093.0767227033075,78694,997.1632020309272,1.5206465987725808
460,45,1107.9242562194038,70974,997.1632020309272,1.5206465987725808
460,40,1129.4764913059146,63253,997.1632020309272,1.5206465987725808
460,35,1132.5440984133284,55533,997.1632020309272,1.5206465987725808
460,30,1163.2488037268888,47821,997.1632020309272,1.5206465987725808
460,25,1234.649213432892,40101,997.1632020309272,1.5206465987725808
460,20,1306.4371798687816,32380,997.1632020309272,1.5206465987725808
460,15,1347.204222661016,24660,997.1632020309272,1.5206465987725808
460,10,1442.1771881179252,16948,997.1632020309272,1.5206465987725808
460,5,1516.3328315895053,9228,997.1632020309272,1.5206465987725808
461,80,1046.0103393925826,125000,1046.0103393925826,1.4809418932348153
461,75,1056.1810569702575,117279,1046.0103393925826,1.4809418932348153
461,70,1064.749054629156,109567,1046.0103393925826,1.4809418932348153
461,65,1071.0788023230948,101847,1046.0103393925826,1.4809418932348153
461,60,1088.964418519516,94126,1046.0103393925826,1.4809418932348153
461,55,1116.3671474989471,86406,1046.0103393925826,1.4809418932348153
461,50,1140.7840188783734,78694,1046.0103393925826,1.4809418932348153
461,45,1152.229441134206,70974,1046.0103393925826,1.4809418932348153
461,40,1174.752684932337,63253,1046.0103393925826,1.4809418932348153
461,35,1178.5092943009784,55533,1046.0103393925826,1.4809418932348153
461,30,1207.9759589213395,47821,1046.0103393925826,1.4809418932348153
461,25,1272.2700100617774,40101,1046.0103393925826,1.4809418932348153
461,20,1343.7927804217077,32380,1046.0103393925826,1.4809418932348153
461,15,1377.946742096066,24660,1046.0103393925826,1.4809418932348153
461,10,1477.8042506674142,16948,1046.0103393925826,1.4809418932348153
461,5,1549.080532363243,9228,1046.0103393925826,1.4809418932348153
462,80,998.4587277899636,125000,998.4587277899636,1.4747655131360975
462,75,1010.1076269606224,117279,998.4587277899636,1.4747655131360975
462,70,1021.4554090498264,109567,998.4587277899636,1.4747655131360975
462,65,1028.640794541093,101847,998.4587277899636,1.4747655131360975
462,60,1049.701480195941,94126,998.4587277899636,1.4747655131360975
462,55,1073.7818968582926,86406,998.4587277899636,1.4747655131360975
462,50,1093.372097269163,78694,998.4587277899636,1.4747655131360975
462,45,1104.3101060853908,70974,998.4587277899636,1.4747655131360975
462,40,1129.7314124581771,63253,998.4587277899636,1.4747655131360975
462,35,1134.738863734909,55533,998.4587277899636,1.4747655131360975
462,30,1153.0203203569245,47821,998.4587277899636,1.4747655131360975
462,25,1215.540479184148,40101,998.4587277899636,1.4747655131360975
462,20,1287.9846028599352,32380,998.4587277899636,1.4747655131360975
462,15,1329.0201112482496,24660,998.4587277899636,1.4747655131360975
462,10,1394.5455022045123,16948,998.4587277899636,1.4747655131360975
462,5,1472.4924980343808,9228,998.4587277899636,1.4747655131360975
463,80,1039.5066850967926,125000,1039.5066850967926,1.453533714984856
463,75,1051.850796752465,117279,1039.5066850967926,1.453533714984856
463,70,1065.0351846581273,109567,1039.5066850967926,1.453533714984856
463,65,1072.0724181176258,101847,1039.5066850967926,1.453533714984856
463,60,1094.1625059619037,94126,1039.5066850967926,1.453533714984856
463,55,1121.5057037385895,86406,1039.5066850967926,1.453533714984856
463,50,1143.2268309621466,78694,1039.5066850967926,1.453533714984856
463,45,1150.5984506131372,70974,1039.5066850967926,1.453533714984856
463,40,1175.710999274239,63253,1039.5066850967926,1.453533714984856
463,35,1182.6473884774775,55533,1039.5066850967926,1.453533714984856
463,30,1199.3731166340851,47821,1039.5066850967926,1.453533714984856
463,25,1266.8042566768988,40101,1039.5066850967926,1.453533714984856
463,20,1335.438164020338,32380,1039.5066850967926,1.453533714984856
463,15,1371.0254371056046,24660,1039.5066850967926,1.453533714984856
463,10,1435.9236177856728,16948,1039.5066850967926,1.453533714984856
463,5,1510.9580137403336,9228,1039.5066850967926,1.453533714984856
464,80,1188.6299536859924,125000,1188.6299536859924,1.4238987274540482
464,75,1205.8596568196035,117279,1188.6299536859924,1.4238987274540482
464,70,1219.043483357386,109567,1188.6299536859924,1.4238987274540482
464,65,1224.6595187236346,101847,1188.6299536859924,1.4238987274540482
464,60,1242.9883623177486,94126,1188.6299536859924,1.4238987274540482
464,55,1280.698856647168,86406,1188.6299536859924,1.4238987274540482
464,50,1302.9924400152904,78694,1188.6299536859924,1.4238987274540482
464,45,1306.5600616307595,70974,1188.6299536859924,1.4238987274540482
464,40,1328.582403865023,63253,1188.6299536859924,1.4238987274540482
464,35,1342.1242976681674,55533,1188.6299536859924,1.4238987274540482
464,30,1366.2186714761235,47821,1188.6299536859924,1.4238987274540482
464,25,1445.2954712644232,40101,1188.6299536859924,1.4238987274540482
464,20,1501.4540881937544,32380,1188.6299536859924,1.4238987274540482
464,15,1521.3808667659976,24660,1188.6299536859924,1.4238987274540482
464,10,1627.040192135741,16948,1188.6299536859924,1.4238987274540482
464,5,1692.488678467249,9228,1188.6299536859924,1.4238987274540482
465,80,1075.769060061034,125000,1075.769060061034,1.4288773022930852
465,75,1086.0820124162994,117279,1075.769060061034,1.4288773022930852
465,70,1099.3749554374813,109567,1075.769060061034,1.4288773022930852
465,65,1107.6558458812165,101847,1075.769060061034,1.4288773022930852
465,60,1124.6338812026136,94126,1075.769060061034,1.4288773022930852
465,55,1155.8338864440482,86406,1075.769060061034,1.4288773022930852
465,50,1177.9981612344604,78694,1075.769060061034,1.4288773022930852
465,45,1181.56869823855,70974,1075.769060061034,1.4288773022930852
465,40,1207.8475249248715,63253,1075.769060061034,1.4288773022930852
465,35,1219.4871094699486,55533,1075.769060061034,1.4288773022930852
465,30,1234.3373631451889,47821,1075.769060061034,1.4288773022930852
465,25,1314.8191190379184,40101,1075.769060061034,1.4288773022930852
465,20,1371.589805468035,32380,1075.769060061034,1.4288773022930852
465,15,1399.3881110992547,24660,1075.769060061034,1.4288773022930852
465,10,1454.2924742522432,16948,1075.769060061034,1.4288773022930852
465,5,1537.1419924303782,9228,1075.769060061034,1.4288773022930852
466,80,1079.8753986976717,125000,1079.8753986976717,1.4448999842846897
466,75,1092.0723775525755,117279,1079.8753986976717,1.4448999842846897
466,70,1102.8988910412806,109567,1079.8753986976717,1.4448999842846897
466,65,1111.3671077961224,101847,1079.8753986976717,1.4448999842846897
466,60,1124.8056569793434,94126,1079.8753986976717,1.4448999842846897
466,55,1163.8862655832468,86406,1079.8753986976717,1.4448999842846897
466,50,1189.2963312781344,78694,1079.8753986976717,1.4448999842846897
466,45,1192.3282094320016,70974,1079.8753986976717,1.4448999842846897
466,40,1223.6163516603551,63253,1079.8753986976717,1.4448999842846897
466,35,1238.137725044362,55533,1079.8753986976717,1.4448999842846897
466,30,1253.4215360116054,47821,1079.8753986976717,1.4448999842846897
466,25,1342.0580693430757,40101,1079.8753986976717,1.4448999842846897
466,20,1392.6211715881518,32380,1079.8753986976717,1.4448999842846897
466,15,1418.9834029806557,24660,1079.8753986976717,1.4448999842846897
466,10,1473.9020010630047,16948,1079.8753986976717,1.4448999842846897
466,5,1560.311946607689,9228,1079.8753986976717,1.4448999842846897
467,80,1094.2072424609548,125000,1094.2072424609548,1.4611481962226749
467,75,1105.5153725234632,117279,1094.2072424609548,1.4611481962226749
467,70,1117.018828256865,109567,1094.2072424609548,1.4611481962226749
467,65,1123.7850461584148,101847,1094.2072424609548,1.4611481962226749
467,60,1133.6010227594002,94126,1094.2072424609548,1.4611481962226749
467,55,1176.992096867093,86406,1094.2072424609548,1.4611481962226749
467,50,1207.9723038913385,78694,1094.2072424609548,1.4611481962226749
467,45,1211.9315785159067,70974,1094.2072424609548,1.4611481962226749
467,40,1248.170852867525,63253,1094.2072424609548,1.4611481962226749
467,35,1262.675533471799,55533,1094.2072424609548,1.4611481962226749
467,30,1279.0490832927633,47821,1094.2072424609548,1.4611481962226749
467,25,1379.0829244263557,40101,1094.2072424609548,1.4611481962226749
467,20,1428.2672421265745,32380,1094.2072424609548,1.4611481962226749
467,15,1453.0043247170845,24660,1094.2072424609548,1.4611481962226749
467,10,1509.3748622523285,16948,1094.2072424609548,1.4611481962226749
467,5,1598.798938615611,9228,1094.2072424609548,1.4611481962226749
468,80,1108.3088419707271,125000,1108.3088419707271,1.4842786438743312
468,75,1120.9666141545822,117279,1108.3088419707271,1.4842786438743312
468,70,1135.3394310107558,109567,1108.3088419707271,1.4842786438743312
468,65,1141.676408416706,101847,1108.3088419707271,1.4842786438743312
468,60,1148.9502551144565,94126,1108.3088419707271,1.4842786438743312
468,55,1194.927287757907,86406,1108.3088419707271,1.4842786438743312
468,50,1228.162843712696,78694,1108.3088419707271,1.4842786438743312
468,45,1235.1719885746968,70974,1108.3088419707271,1.4842786438743312
468,40,1273.6685939545337,63253,1108.3088419707271,1.4842786438743312
468,35,1289.8735571032764,55533,1108.3088419707271,1.4842786438743312
468,30,1307.4719673691382,47821,1108.3088419707271,1.4842786438743312
468,25,1416.903387018767,40101,1108.3088419707271,1.4842786438743312
468,20,1467.523747225143,32380,1108.3088419707271,1.4842786438743312
468,15,1491.7034144846948,24660,1108.3088419707271,1.4842786438743312
468,10,1549.0306239907409,16948,1108.3088419707271,1.4842786438743312
468,5,1645.0391449542412,9228,1108.3088419707271,1.4842786438743312
469,80,1139.5972761134349,125000,1139.5972761134349,1.4841838807737775
469,75,1151.6134457806972,117279,1139.5972761134349,1.4841838807737775
469,70,1170.6369601825502,109567,1139.5972761134349,1.4841838807737775
469,65,1177.1709049969188,101847,1139.5972761134349,1.4841838807737775
469,60,1184.1389909670445,94126,1139.5972761134349,1.4841838807737775
469,55,1228.4165935105038,86406,1139.5972761134349,1.4841838807737775
469,50,1262.2549909758125,78694,1139.5972761134349,1.4841838807737775
469,45,1271.2980222774472,70974,1139.5972761134349,1.4841838807737775
469,40,1306.9164004767165,63253,1139.5972761134349,1.4841838807737775
469,35,1324.9986474144753,55533,1139.5972761134349,1.4841838807737775
469,30,1341.7411354718506,47821,1139.5972761134349,1.4841838807737775
469,25,1454.036760590846,40101,1139.5972761134349,1.4841838807737775
469,20,1506.9047815519675,32380,1139.5972761134349,1.4841838807737775
469,15,1531.4361740371885,24660,1139.5972761134349,1.4841838807737775
469,10,1591.170398514245,16948,1139.5972761134349,1.4841838807737775
469,5,1691.371907781264,9228,1139.5972761134349,1.4841838807737775
470,80,1173.7581792732246,125000,1173.7581792732246,1.4873693569707267
470,75,1187.3640361647915,117279,1173.7581792732246,1.4873693569707267
470,70,1211.167634846598,109567,1173.7581792732246,1.4873693569707267
470,65,1218.509385927016,101847,1173.7581792732246,1.4873693569707267
470,60,1224.6131802434168,94126,1173.7581792732246,1.4873693569707267
470,55,1267.8399941963478,86406,1173.7581792732246,1.4873693569707267
470,50,1300.5587023064231,78694,1173.7581792732246,1.4873693569707267
470,45,1311.2948210762474,70974,1173.7581792732246,1.4873693569707267
470,40,1343.8599055081577,63253,1173.7581792732246,1.4873693569707267
470,35,1364.1479315650338,55533,1173.7581792732246,1.4873693569707267
470,30,1380.9709922358245,47821,1173.7581792732246,1.4873693569707267
470,25,1493.1696282538048,40101,1173.7581792732246,1.4873693569707267
470,20,1551.0550488997442,32380,1173.7581792732246,1.4873693569707267
470,15,1577.5260317069078,24660,1173.7581792732246,1.4873693569707267
470,10,1640.0065466829112,16948,1173.7581792732246,1.4873693569707267
470,5,1745.8119483447472,9228,1173.7581792732246,1.4873693569707267
471,80,1203.2168390973593,125000,1203.2168390973593,1.488673531564614
471,75,1216.54677320745,117279,1203.2168390973593,1.488673531564614
471,70,1245.561980905581,109567,1203.2168390973593,1.488673531564614
471,65,1256.7662257231011,101847,1203.2168390973593,1.488673531564614
471,60,1261.4638613116692,94126,1203.2168390973593,1.488673531564614
471,55,1302.8571743306147,86406,1203.2168390973593,1.488673531564614
471,50,1331.8590374964426,78694,1203.2168390973593,1.488673531564614
471,45,1345.319821900892,70974,1203.2168390973593,1.488673531564614
471,40,1375.056214704452,63253,1203.2168390973593,1.488673531564614
471,35,1396.7065683108076,55533,1203.2168390973593,1.488673531564614
471,30,1415.7661294234745,47821,1203.2168390973593,1.488673531564614
471,25,1527.9312364119082,40101,1203.2168390973593,1.488673531564614
471,20,1587.4166091283753,32380,1203.2168390973593,1.488673531564614
471,15,1614.9312091690524,24660,1203.2168390973593,1.488673531564614
471,10,1677.3149286003818,16948,1203.2168390973593,1.488673531564614
471,5,1791.1970610970775,9228,1203.2168390973593,1.488673531564614
472,80,1217.1055174971875,125000,1217.1055174971875,1.4965547451774142
472,75,1228.000861128188,117279,1217.1055174971875,1.4965547451774142
472,70,1262.3691183606406,109567,1217.1055174971875,1.4965547451774142
472,65,1277.6734447869387,101847,1217.1055174971875,1.4965547451774142
472,60,1280.01278950013,94126,1217.1055174971875,1.4965547451774142
472,55,1323.5701376829293,86406,1217.1055174971875,1.4965547451774142
472,50,1346.7039409893382,78694,1217.1055174971875,1.4965547451774142
472,45,1361.9135407917122,70974,1217.1055174971875,1.4965547451774142
472,40,1392.8168062627014,63253,1217.1055174971875,1.4965547451774142
472,35,1416.4990054755294,55533,1217.1055174971875,1.4965547451774142
472,30,1439.9013641920394,47821,1217.1055174971875,1.4965547451774142
472,25,1548.795631338334,40101,1217.1055174971875,1.4965547451774142
472,20,1609.5502618301978,32380,1217.1055174971875,1.4965547451774142
472,15,1639.3373594013635,24660,1217.1055174971875,1.4965547451774142
472,10,1703.382245866197,16948,1217.1055174971875,1.4965547451774142
472,5,1821.465037592028,9228,1217.1055174971875,1.4965547451774142
473,80,1252.4001526713787,125000,1252.4001526713787,1.507334228677051
473,75,1263.5721847206266,117279,1252.4001526713787,1.507334228677051
473,70,1305.3516391632,109567,1252.4001526713787,1.507334228677051
473,65,1325.5625297605204,101847,1252.4001526713787,1.507334228677051
473,60,1327.6883675716083,94126,1252.4001526713787,1.507334228677051
473,55,1372.4791501280538,86406,1252.4001526713787,1.507334228677051
473,50,1392.7553935900407,78694,1252.4001526713787,1.507334228677051
473,45,1411.0763744938763,70974,1252.4001526713787,1.507334228677051
473,40,1445.475208256586,63253,1252.4001526713787,1.507334228677051
473,35,1469.0108136762683,55533,1252.4001526713787,1.507334228677051
473,30,1501.405509298847,47821,1252.4001526713787,1.507334228677051
473,25,1612.731836143642,40101,1252.4001526713787,1.507334228677051
473,20,1672.621816960242,32380,1252.4001526713787,1.507334228677051
473,15,1706.3702897440594,24660,1252.4001526713787,1.507334228677051
473,10,1778.9278660787304,16948,1252.4001526713787,1.507334228677051
473,5,1887.7856181219336,9228,1252.4001526713787,1.507334228677051
474,80,1268.0391492739311,125000,1268.0391492739311,1.53419492489251
474,75,1282.5980329704587,117279,1268.0391492739311,1.53419492489251
474,70,1324.7212172735335,109567,1268.0391492739311,1.53419492489251
474,65,1349.574468867968,101847,1268.0391492739311,1.53419492489251
474,60,1354.873584517787,94126,1268.0391492739311,1.53419492489251
474,55,1400.9555892802127,86406,1268.0391492739311,1.53419492489251
474,50,1423.487810866011,78694,1268.0391492739311,1.53419492489251
474,45,1443.26555575484,70974,1268.0391492739311,1.53419492489251
474,40,1476.886928309736,63253,1268.0391492739311,1.53419492489251
474,35,1502.5843851350492,55533,1268.0391492739311,1.53419492489251
474,30,1543.0651155839687,47821,1268.0391492739311,1.53419492489251
474,25,1656.626758553193,40101,1268.0391492739311,1.53419492489251
474,20,1715.2629257428862,32380,1268.0391492739311,1.53419492489251
474,15,1752.3622023765822,24660,1268.0391492739311,1.53419492489251
474,10,1826.863893894838,16948,1268.0391492739311,1.53419492489251
474,5,1945.419227381081,9228,1268.0391492739311,1.53419492489251
475,80,1268.0299795074025,125000,1268.0299795074025,1.5647344044731848
475,75,1277.4888830473546,117279,1268.0299795074025,1.5647344044731848
475,70,1312.479483999632,109567,1268.0299795074025,1.5647344044731848
475,65,1338.5076593751107,101847,1268.0299795074025,1.5647344044731848
475,60,1345.813978591552,94126,1268.0299795074025,1.5647344044731848
475,55,1385.479172705814,86406,1268.0299795074025,1.5647344044731848
475,50,1410.651001905361,78694,1268.0299795074025,1.5647344044731848
475,45,1429.37568497004,70974,1268.0299795074025,1.5647344044731848
475,40,1470.2560891616245,63253,1268.0299795074025,1.5647344044731848
475,35,1501.99454712161,55533,1268.0299795074025,1.5647344044731848
475,30,1551.1040336471144,47821,1268.0299795074025,1.5647344044731848
475,25,1656.8529993167426,40101,1268.0299795074025,1.5647344044731848
475,20,1716.7059192343354,32380,1268.0299795074025,1.5647344044731848
475,15,1759.752317612802,24660,1268.0299795074025,1.5647344044731848
475,10,1824.8690237956712,16948,1268.0299795074025,1.5647344044731848
475,5,1984.13013483866,9228,1268.0299795074025,1.5647344044731848
476,80,1188.2990254690812,125000,1188.2990254690812,1.662951628994643
476,75,1193.9690619255634,117279,1188.2990254690812,1.662951628994643
476,70,1222.8114103351968,109567,1188.2990254690812,1.662951628994643
476,65,1253.403145641292,101847,1188.2990254690812,1.662951628994643
476,60,1264.392507738548,94126,1188.2990254690812,1.662951628994643
476,55,1292.561885899702,86406,1188.2990254690812,1.662951628994643
476,50,1318.6029180256091,78694,1188.2990254690812,1.662951628994643
476,45,1340.266849636585,70974,1188.2990254690812,1.662951628994643
476,40,1390.529547600111,63253,1188.2990254690812,1.662951628994643
476,35,1430.1716581738767,55533,1188.2990254690812,1.662951628994643
476,30,1477.477007385644,47821,1188.2990254690812,1.662951628994643
476,25,1580.2922285225968,40101,1188.2990254690812,1.662951628994643
476,20,1650.568109416714,32380,1188.2990254690812,1.662951628994643
476,15,1705.2433563426025,24660,1188.2990254690812,1.662951628994643
476,10,1771.8139582991182,16948,1188.2990254690812,1.662951628994643
476,5,1976.0838001365555,9228,1188.2990254690812,1.662951628994643
477,80,1102.0760847093245,125000,1102.0760847093245,1.8157019757939723
477,75,1113.2257128058795,117279,1102.0760847093245,1.8157019757939723
477,70,1145.3367138977192,109567,1102.0760847093245,1.8157019757939723
477,65,1182.852940385799,101847,1102.0760847093245,1.8157019757939723
477,60,1201.2406796726991,94126,1102.0760847093245,1.8157019757939723
477,55,1224.2701262591324,86406,1102.0760847093245,1.8157019757939723
477,50,1250.9734677880892,78694,1102.0760847093245,1.8157019757939723
477,45,1283.736605036091,70974,1102.0760847093245,1.8157019757939723
477,40,1341.896938889351,63253,1102.0760847093245,1.8157019757939723
477,35,1389.7374338311977,55533,1102.0760847093245,1.8157019757939723
477,30,1439.210350228135,47821,1102.0760847093245,1.8157019757939723
477,25,1529.4686893707378,40101,1102.0760847093245,1.8157019757939723
477,20,1595.6388647253516,32380,1102.0760847093245,1.8157019757939723
477,15,1666.3247944102466,24660,1102.0760847093245,1.8157019757939723
477,10,1755.424136642765,16948,1102.0760847093245,1.8157019757939723
477,5,2001.0417244820053,9228,1102.0760847093245,1.8157019757939723
478,80,953.4101100188706,125000,953.4101100188706,2.1091104876224565
478,75,969.4225528365366,117279,953.4101100188706,2.1091104876224565
478,70,1005.5912148461796,109567,953.4101100188706,2.1091104876224565
478,65,1064.619423203476,101847,953.4101100188706,2.1091104876224565
478,60,1097.406051453582,94126,953.4101100188706,2.1091104876224565
478,55,1121.2797879180523,86406,953.4101100188706,2.1091104876224565
478,50,1144.9783282920785,78694,953.4101100188706,2.1091104876224565
478,45,1183.283363947789,70974,953.4101100188706,2.1091104876224565
478,40,1266.3294926508847,63253,953.4101100188706,2.1091104876224565
478,35,1320.5525215313512,55533,953.4101100188706,2.1091104876224565
478,30,1387.4314370046532,47821,953.4101100188706,2.1091104876224565
478,25,1457.6473555421524,40101,953.4101100188706,2.1091104876224565
478,20,1526.3275066030546,32380,953.4101100188706,2.1091104876224565
478,15,1621.343236827974,24660,953.4101100188706,2.1091104876224565
478,10,1726.916747198135,16948,953.4101100188706,2.1091104876224565
478,5,2010.84726204608,9228,953.4101100188706,2.1091104876224565
480,80,900.8852195072247,125000,900.8852195072247,2.1335580412535373
480,75,917.5035327753324,117279,900.8852195072247,2.1335580412535373
480,70,954.7134122469416,109567,900.8852195072247,2.1335580412535373
480,65,1005.0346968193024,101847,900.8852195072247,2.1335580412535373
480,60,1027.7047240644956,94126,900.8852195072247,2.1335580412535373
480,55,1070.71993042508,86406,900.8852195072247,2.1335580412535373
480,50,1093.2756733703643,78694,900.8852195072247,2.1335580412535373
480,45,1122.725615836186,70974,900.8852195072247,2.1335580412535373
480,40,1196.5390751990194,63253,900.8852195072247,2.1335580412535373
480,35,1240.2722475735566,55533,900.8852195072247,2.1335580412535373
480,30,1299.5693364303158,47821,900.8852195072247,2.1335580412535373
480,25,1359.476097041537,40101,900.8852195072247,2.1335580412535373
480,20,1433.716676106388,32380,900.8852195072247,2.1335580412535373
480,15,1547.3791757247434,24660,900.8852195072247,2.1335580412535373
480,10,1636.5413961595602,16948,900.8852195072247,2.1335580412535373
480,5,1922.0909043260972,9228,900.8852195072247,2.1335580412535373
481,80,941.626964498634,125000,941.626964498634,1.9900269065471847
481,75,953.1228466248712,117279,941.626964498634,1.9900269065471847
481,70,989.0614206990856,109567,941.626964498634,1.9900269065471847
481,65,1029.271914499309,101847,941.626964498634,1.9900269065471847
481,60,1044.0963933876085,94126,941.626964498634,1.9900269065471847
481,55,1085.1281716464025,86406,941.626964498634,1.9900269065471847
481,50,1106.4026545139145,78694,941.626964498634,1.9900269065471847
481,45,1124.9834959854404,70974,941.626964498634,1.9900269065471847
481,40,1196.8310648349848,63253,941.626964498634,1.9900269065471847
481,35,1232.5185366081832,55533,941.626964498634,1.9900269065471847
481,30,1296.379975129267,47821,941.626964498634,1.9900269065471847
481,25,1343.152688853218,40101,941.626964498634,1.9900269065471847
481,20,1421.679040510992,32380,941.626964498634,1.9900269065471847
481,15,1515.379978586681,24660,941.626964498634,1.9900269065471847
481,10,1591.1051973904948,16948,941.626964498634,1.9900269065471847
481,5,1873.8629952826327,9228,941.626964498634,1.9900269065471847
482,80,941.8877619242064,125000,941.8877619242064,1.9683894193346652
482,75,952.3855737811724,117279,941.8877619242064,1.9683894193346652
482,70,990.8350077113544,109567,941.8877619242064,1.9683894193346652
482,65,1027.600004253645,101847,941.8877619242064,1.9683894193346652
482,60,1040.150402922948,94126,941.8877619242064,1.9683894193346652
482,55,1084.9727327735145,86406,941.8877619242064,1.9683894193346652
482,50,1107.2129909521484,78694,941.8877619242064,1.9683894193346652
482,45,1122.1772541210653,70974,941.8877619242064,1.9683894193346652
482,40,1190.938920315772,63253,941.8877619242064,1.9683894193346652
482,35,1227.3059336936317,55533,941.8877619242064,1.9683894193346652
482,30,1293.3338296045165,47821,941.8877619242064,1.9683894193346652
482,25,1327.9902846116604,40101,941.8877619242064,1.9683894193346652
482,20,1413.507472684871,32380,941.8877619242064,1.9683894193346652
482,15,1495.9104479828818,24660,941.8877619242064,1.9683894193346652
482,10,1564.9848304094396,16948,941.8877619242064,1.9683894193346652
482,5,1854.0019047724163,9228,941.8877619242064,1.9683894193346652
483,80,935.5403039570864,125000,935.5403039570864,1.9935467810635583
483,75,950.6794948497014,117279,935.5403039570864,1.9935467810635583
483,70,988.9458659551236,109567,935.5403039570864,1.9935467810635583
483,65,1024.6395714565765,101847,935.5403039570864,1.9935467810635583
483,60,1034.9038744232646,94126,935.5403039570864,1.9935467810635583
483,55,1085.8782764106277,86406,935.5403039570864,1.9935467810635583
483,50,1112.2755005448682,78694,935.5403039570864,1.9935467810635583
483,45,1125.2284052241423,70974,935.5403039570864,1.9935467810635583
483,40,1197.7976300930832,63253,935.5403039570864,1.9935467810635583
483,35,1236.6044119227192,55533,935.5403039570864,1.9935467810635583
483,30,1301.0357305716605,47821,935.5403039570864,1.9935467810635583
483,25,1328.4303852589326,40101,935.5403039570864,1.9935467810635583
483,20,1423.465405886701,32380,935.5403039570864,1.9935467810635583
483,15,1502.390977758782,24660,935.5403039570864,1.9935467810635583
483,10,1567.389725773725,16948,935.5403039570864,1.9935467810635583
483,5,1865.0433615088727,9228,935.5403039570864,1.9935467810635583
484,80,909.4427638500384,125000,909.4427638500384,2.061336950461296
484,75,931.6993481246312,117279,909.4427638500384,2.061336950461296
484,70,969.7402631716282,109567,909.4427638500384,2.061336950461296
484,65,1004.7120278992325,101847,909.4427638500384,2.061336950461296
484,60,1014.7466901289374,94126,909.4427638500384,2.061336950461296
484,55,1075.2050167780371,86406,909.4427638500384,2.061336950461296
484,50,1107.1998709656891,78694,909.4427638500384,2.061336950461296
484,45,1121.0728263574554,70974,909.4427638500384,2.061336950461296
484,40,1200.9243284465863,63253,909.4427638500384,2.061336950461296
484,35,1239.5356022671444,55533,909.4427638500384,2.061336950461296
484,30,1299.5617838967223,47821,909.4427638500384,2.061336950461296
484,25,1323.1655844729703,40101,909.4427638500384,2.061336950461296
484,20,1424.1868911737895,32380,909.4427638500384,2.061336950461296
484,15,1503.4269796444107,24660,909.4427638500384,2.061336950461296
484,10,1568.0935948029455,16948,909.4427638500384,2.061336950461296
484,5,1874.6679734537304,9228,909.4427638500384,2.061336950461296
485,80,856.9816199406603,125000,856.9816199406603,2.199815376876914
485,75,889.181450359058,117279,856.9816199406603,2.199815376876914
485,70,928.6031949666906,109567,856.9816199406603,2.199815376876914
485,65,966.8065197839668,101847,856.9816199406603,2.199815376876914
485,60,977.1335874660402,94126,856.9816199406603,2.199815376876914
485,55,1043.0444174158838,86406,856.9816199406603,2.199815376876914
485,50,1081.487979948617,78694,856.9816199406603,2.199815376876914
485,45,1099.2098022697628,70974,856.9816199406603,2.199815376876914
485,40,1191.4477375401468,63253,856.9816199406603,2.199815376876914
485,35,1230.7318567664022,55533,856.9816199406603,2.199815376876914
485,30,1289.006628588367,47821,856.9816199406603,2.199815376876914
485,25,1311.3544121551406,40101,856.9816199406603,2.199815376876914
485,20,1418.7249640318937,32380,856.9816199406603,2.199815376876914
485,15,1500.60570090177,24660,856.9816199406603,2.199815376876914
485,10,1567.259256111534,16948,856.9816199406603,2.199815376876914
485,5,1885.2013452463525,9228,856.9816199406603,2.199815376876914
487,80,938.2420512873427,125000,938.2420512873427,2.0553809517430146
487,75,972.3383312602812,117279,938.2420512873427,2.0553809517430146
487,70,1001.1246074000532,109567,938.2420512873427,2.0553809517430146
487,65,1029.6286045817956,101847,938.2420512873427,2.0553809517430146
487,60,1040.5423107289794,94126,938.2420512873427,2.0553809517430146
487,55,1091.0199305809315,86406,938.2420512873427,2.0553809517430146
487,50,1121.6967421932702,78694,938.2420512873427,2.0553809517430146
487,45,1148.5087734983383,70974,938.2420512873427,2.0553809517430146
487,40,1238.4125263632666,63253,938.2420512873427,2.0553809517430146
487,35,1277.988612644647,55533,938.2420512873427,2.0553809517430146
487,30,1326.5766252210651,47821,938.2420512873427,2.0553809517430146
487,25,1350.629908633807,40101,938.2420512873427,2.0553809517430146
487,20,1461.535166148996,32380,938.2420512873427,2.0553809517430146
487,15,1531.792600011432,24660,938.2420512873427,2.0553809517430146
487,10,1606.4605165890907,16948,938.2420512873427,2.0553809517430146
487,5,1928.444840340297,9228,938.2420512873427,2.0553809517430146
488,80,1062.5443952194703,125000,1062.5443952194703,1.8429736032521369
488,75,1091.9233425481582,117279,1062.5443952194703,1.8429736032521369
488,70,1110.4429753016668,109567,1062.5443952194703,1.8429736032521369
488,65,1128.559264015514,101847,1062.5443952194703,1.8429736032521369
488,60,1140.9551372036667,94126,1062.5443952194703,1.8429736032521369
488,55,1175.09446256163,86406,1062.5443952194703,1.8429736032521369
488,50,1199.3851350176603,78694,1062.5443952194703,1.8429736032521369
488,45,1227.1791710062955,70974,1062.5443952194703,1.8429736032521369
488,40,1294.5546677399875,63253,1062.5443952194703,1.8429736032521369
488,35,1330.0077978530287,55533,1062.5443952194703,1.8429736032521369
488,30,1374.120531830802,47821,1062.5443952194703,1.8429736032521369
488,25,1399.212205599864,40101,1062.5443952194703,1.8429736032521369
488,20,1497.9227460003071,32380,1062.5443952194703,1.8429736032521369
488,15,1563.0367506493426,24660,1062.5443952194703,1.8429736032521369
488,10,1641.5812792622323,16948,1062.5443952194703,1.8429736032521369
488,5,1958.24127267299,9228,1062.5443952194703,1.8429736032521369
489,80,1126.8972623932546,125000,1126.8972623932546,1.7450401098790054
489,75,1151.2991295411443,117279,1126.8972623932546,1.7450401098790054
489,70,1163.874781725789,109567,1126.8972623932546,1.7450401098790054
489,65,1177.9408612270472,101847,1126.8972623932546,1.7450401098790054
489,60,1190.0351124760425,94126,1126.8972623932546,1.7450401098790054
489,55,1217.8527099149717,86406,1126.8972623932546,1.7450401098790054
489,50,1238.4123922581582,78694,1126.8972623932546,1.7450401098790054
489,45,1266.802038334883,70974,1126.8972623932546,1.7450401098790054
489,40,1320.1364352644646,63253,1126.8972623932546,1.7450401098790054
489,35,1352.3952807540225,55533,1126.8972623932546,1.7450401098790054
489,30,1396.5104178818128,47821,1126.8972623932546,1.7450401098790054
489,25,1421.146532598766,40101,1126.8972623932546,1.7450401098790054
489,20,1507.6587056101644,32380,1126.8972623932546,1.7450401098790054
489,15,1569.9565792570504,24660,1126.8972623932546,1.7450401098790054
489,10,1651.736149507552,16948,1126.8972623932546,1.7450401098790054
489,5,1966.4809225890756,9228,1126.8972623932546,1.7450401098790054
490,80,1166.7297154789758,125000,1166.7297154789758,1.680161434126737
490,75,1185.8185393524248,117279,1166.7297154789758,1.680161434126737
490,70,1192.6988822889202,109567,1166.7297154789758,1.680161434126737
490,65,1205.2067332762952,101847,1166.7297154789758,1.680161434126737
490,60,1217.637778351989,94126,1166.7297154789758,1.680161434126737
490,55,1239.7495443442317,86406,1166.7297154789758,1.680161434126737
490,50,1255.34613160183,78694,1166.7297154789758,1.680161434126737
490,45,1283.034993510483,70974,1166.7297154789758,1.680161434126737
490,40,1327.240143812463,63253,1166.7297154789758,1.680161434126737
490,35,1358.0870942668255,55533,1166.7297154789758,1.680161434126737
490,30,1400.1724613737974,47821,1166.7297154789758,1.680161434126737
490,25,1422.649941025132,40101,1166.7297154789758,1.680161434126737
490,20,1499.5000825328705,32380,1166.7297154789758,1.680161434126737
490,15,1558.9975320118542,24660,1166.7297154789758,1.680161434126737
490,10,1643.9946884243604,16948,1166.7297154789758,1.680161434126737
490,5,1960.294271997436,9228,1166.7297154789758,1.680161434126737
491,80,1197.1686677330288,125000,1197.1686677330288,1.6400765911003057
491,75,1213.0077022886317,117279,1197.1686677330288,1.6400765911003057
491,70,1216.0564302724424,109567,1197.1686677330288,1.6400765911003057
491,65,1228.465389879844,101847,1197.1686677330288,1.6400765911003057
491,60,1242.2030080013628,94126,1197.1686677330288,1.6400765911003057
491,55,1257.0070973578688,86406,1197.1686677330288,1.6400765911003057
491,50,1269.398123374237,78694,1197.1686677330288,1.6400765911003057
491,45,1297.5303962659714,70974,1197.1686677330288,1.6400765911003057
491,40,1333.8137850786622,63253,1197.1686677330288,1.6400765911003057
491,35,1364.6103465107053,55533,1197.1686677330288,1.6400765911003057
491,30,1403.7348873348913,47821,1197.1686677330288,1.6400765911003057
491,25,1423.4762872197398,40101,1197.1686677330288,1.6400765911003057
491,20,1496.2042469319476,32380,1197.1686677330288,1.6400765911003057
491,15,1552.3007880121288,24660,1197.1686677330288,1.6400765911003057
491,10,1639.3210165308697,16948,1197.1686677330288,1.6400765911003057
491,5,1963.44830754768,9228,1197.1686677330288,1.6400765911003057
492,80,925.8439448967512,125000,925.8439448967512,1.6505219381710974
492,75,932.397023214968,117279,925.8439448967512,1.6505219381710974
492,70,933.9353608676844,109567,925.8439448967512,1.6505219381710974
492,65,944.317219336047,101847,925.8439448967512,1.6505219381710974
492,60,955.2235052913342,94126,925.8439448967512,1.6505219381710974
492,55,963.1195917603608,86406,925.8439448967512,1.6505219381710974
492,50,976.7184747488964,78694,925.8439448967512,1.6505219381710974
492,45,1000.1177795099392,70974,925.8439448967512,1.6505219381710974
492,40,1021.695052879517,63253,925.8439448967512,1.6505219381710974
492,35,1039.178001947823,55533,925.8439448967512,1.6505219381710974
492,30,1067.432446641841,47821,925.8439448967512,1.6505219381710974
492,25,1082.7527372367306,40101,925.8439448967512,1.6505219381710974
492,20,1128.7328783709709,32380,925.8439448967512,1.6505219381710974
492,15,1175.2129422860507,24660,925.8439448967512,1.6505219381710974
492,10,1247.3409490074582,16948,925.8439448967512,1.6505219381710974
492,5,1528.1257423749605,9228,925.8439448967512,1.6505219381710974
493,80,761.5905041520246,125000,761.5905041520246,1.6929389320296395
493,75,765.8670334828392,117279,761.5905041520246,1.6929389320296395
493,70,767.2894517106917,109567,761.5905041520246,1.6929389320296395
493,65,775.7735059119523,101847,761.5905041520246,1.6929389320296395
493,60,783.3837087060792,94126,761.5905041520246,1.6929389320296395
493,55,791.7334487085418,86406,761.5905041520246,1.6929389320296395
493,50,808.1393107464827,78694,761.5905041520246,1.6929389320296395
493,45,828.7615615248743,70974,761.5905041520246,1.6929389320296395
493,40,844.0049414107779,63253,761.5905041520246,1.6929389320296395
493,35,855.5308269175346,55533,761.5905041520246,1.6929389320296395
493,30,878.3467696636388,47821,761.5905041520246,1.6929389320296395
493,25,891.7867888048524,40101,761.5905041520246,1.6929389320296395
493,20,925.790495751028,32380,761.5905041520246,1.6929389320296395
493,15,969.5053534835736,24660,761.5905041520246,1.6929389320296395
493,10,1039.955463885196,16948,761.5905041520246,1.6929389320296395
493,5,1289.3262147430432,9228,761.5905041520246,1.6929389320296395
494,80,650.4703407613135,125000,650.4703407613135,1.7367764449351686
494,75,653.0901123334337,117279,650.4703407613135,1.7367764449351686
494,70,654.2433382472086,109567,650.4703407613135,1.7367764449351686
494,65,662.0697602962499,101847,650.4703407613135,1.7367764449351686
494,60,668.2671441318485,94126,650.4703407613135,1.7367764449351686
494,55,677.2847247040985,86406,650.4703407613135,1.7367764449351686
494,50,696.0176071611493,78694,650.4703407613135,1.7367764449351686
494,45,713.3179346365076,70974,650.4703407613135,1.7367764449351686
494,40,723.2110747447405,63253,650.4703407613135,1.7367764449351686
494,35,732.0607801845373,55533,650.4703407613135,1.7367764449351686
494,30,749.8893036938089,47821,650.4703407613135,1.7367764449351686
494,25,761.3731546514706,40101,650.4703407613135,1.7367764449351686
494,20,788.172048406532,32380,650.4703407613135,1.7367764449351686
494,15,833.161401875229,24660,650.4703407613135,1.7367764449351686
494,10,902.2693125365324,16948,650.4703407613135,1.7367764449351686
494,5,1129.7215659632018,9228,650.4703407613135,1.7367764449351686
495,80,560.9347546873047,125000,560.9347546873047,1.810763793308015
495,75,562.8347580190625,117279,560.9347546873047,1.810763793308015
495,70,564.3833462598758,109567,560.9347546873047,1.810763793308015
495,65,572.133838546522,101847,560.9347546873047,1.810763793308015
495,60,577.432759836717,94126,560.9347546873047,1.810763793308015
495,55,586.9106483467217,86406,560.9347546873047,1.810763793308015
495,50,606.4804399551505,78694,560.9347546873047,1.810763793308015
495,45,619.8153246564913,70974,560.9347546873047,1.810763793308015
495,40,624.3195502279572,63253,560.9347546873047,1.810763793308015
495,35,632.3653457455842,55533,560.9347546873047,1.810763793308015
495,30,648.570043096033,47821,560.9347546873047,1.810763793308015
495,25,658.7589405457971,40101,560.9347546873047,1.810763793308015
495,20,681.1929026399873,32380,560.9347546873047,1.810763793308015
495,15,726.9629737606501,24660,560.9347546873047,1.810763793308015
495,10,798.7052413508733,16948,560.9347546873047,1.810763793308015
495,5,1015.7203441958846,9228,560.9347546873047,1.810763793308015
496,80,494.86903074613656,125000,494.86903074613656,1.917836238102816
496,75,496.4830077072357,117279,494.86903074613656,1.917836238102816
496,70,498.64259829005584,109567,494.86903074613656,1.917836238102816
496,65,507.78786032488887,101847,494.86903074613656,1.917836238102816
496,60,511.5492031313496,94126,494.86903074613656,1.917836238102816
496,55,522.9271809934353,86406,494.86903074613656,1.917836238102816
496,50,542.196421238075,78694,494.86903074613656,1.917836238102816
496,45,551.2254671698996,70974,494.86903074613656,1.917836238102816
496,40,553.9544544015287,63253,494.86903074613656,1.917836238102816
496,35,562.9083073077707,55533,494.86903074613656,1.917836238102816
496,30,576.14204781181,47821,494.86903074613656,1.917836238102816
496,25,586.3842686915209,40101,494.86903074613656,1.917836238102816
496,20,602.7820619565333,32380,494.86903074613656,1.917836238102816
496,15,651.1003401002431,24660,494.86903074613656,1.917836238102816
496,10,727.6606512129862,16948,494.86903074613656,1.917836238102816
496,5,949.0777602797572,9228,494.86903074613656,1.917836238102816
497,80,451.5329230428944,125000,451.5329230428944,2.0416332852319385
497,75,452.7071990575736,117279,451.5329230428944,2.0416332852319385
497,70,455.5251279249911,109567,451.5329230428944,2.0416332852319385
497,65,465.3997475966976,101847,451.5329230428944,2.0416332852319385
497,60,468.4663108608095,94126,451.5329230428944,2.0416332852319385
497,55,480.9967456170655,86406,451.5329230428944,2.0416332852319385
497,50,502.58115734448455,78694,451.5329230428944,2.0416332852319385
497,45,509.9319688132821,70974,451.5329230428944,2.0416332852319385
497,40,512.8694122409136,63253,451.5329230428944,2.0416332852319385
497,35,525.0002380647111,55533,451.5329230428944,2.0416332852319385
497,30,536.2872052587937,47821,451.5329230428944,2.0416332852319385
497,25,547.0115694069071,40101,451.5329230428944,2.0416332852319385
497,20,557.9011810189113,32380,451.5329230428944,2.0416332852319385
497,15,608.0757047559293,24660,451.5329230428944,2.0416332852319385
497,10,693.0447778653989,16948,451.5329230428944,2.0416332852319385
497,5,921.8646450624444,9228,451.5329230428944,2.0416332852319385
498,80,433.0068763651578,125000,433.0068763651578,2.1655119607008166
498,75,434.3163410041091,117279,433.0068763651578,2.1655119607008166
498,70,438.3219761077284,109567,433.0068763651578,2.1655119607008166
498,65,447.9065419964562,101847,433.0068763651578,2.1655119607008166
498,60,450.1873753718239,94126,433.0068763651578,2.1655119607008166
498,55,464.0692242910224,86406,433.0068763651578,2.1655119607008166
498,50,486.559163894345,78694,433.0068763651578,2.1655119607008166
498,45,494.1501483737522,70974,433.0068763651578,2.1655119607008166
498,40,499.39599542490447,63253,433.0068763651578,2.1655119607008166
498,35,514.9558130992799,55533,433.0068763651578,2.1655119607008166
498,30,525.9483650843182,47821,433.0068763651578,2.1655119607008166
498,25,538.8155911387692,40101,433.0068763651578,2.1655119607008166
498,20,545.5132861428832,32380,433.0068763651578,2.1655119607008166
498,15,595.5972246471455,24660,433.0068763651578,2.1655119607008166
498,10,689.1011753295159,16948,433.0068763651578,2.1655119607008166
498,5,937.681569834449,9228,433.0068763651578,2.1655119607008166
499,80,420.1966585732932,125000,420.1966585732932,2.3709119365714875
499,75,422.5745019848764,117279,420.1966585732932,2.3709119365714875
499,70,427.6064487345649,109567,420.1966585732932,2.3709119365714875
499,65,437.5336790510068,101847,420.1966585732932,2.3709119365714875
499,60,438.6527535489744,94126,420.1966585732932,2.3709119365714875
499,55,452.19239081143735,86406,420.1966585732932,2.3709119365714875
499,50,475.8907795465157,78694,420.1966585732932,2.3709119365714875
499,45,485.3979866322406,70974,420.1966585732932,2.3709119365714875
499,40,495.37868041728535,63253,420.1966585732932,2.3709119365714875
499,35,513.7816168864604,55533,420.1966585732932,2.3709119365714875
499,30,526.210636365265,47821,420.1966585732932,2.3709119365714875
499,25,543.9399000247813,40101,420.1966585732932,2.3709119365714875
499,20,550.0396264819213,32380,420.1966585732932,2.3709119365714875
499,15,601.4239907019331,24660,420.1966585732932,2.3709119365714875
499,10,712.5157675518016,16948,420.1966585732932,2.3709119365714875
499,5,996.2492735188748,9228,420.1966585732932,2.3709119365714875
500,80,421.7966737606269,125000,421.7966737606269,2.6231127220592194
500,75,425.86062886065633,117279,421.7966737606269,2.6231127220592194
500,70,431.4120298602992,109567,421.7966737606269,2.6231127220592194
500,65,440.744246464285,101847,421.7966737606269,2.6231127220592194
500,60,442.0104112673725,94126,421.7966737606269,2.6231127220592194
500,55,456.10018718118175,86406,421.7966737606269,2.6231127220592194
500,50,480.1339606750208,78694,421.7966737606269,2.6231127220592194
500,45,492.9423143789466,70974,421.7966737606269,2.6231127220592194
500,40,511.17153923328925,63253,421.7966737606269,2.6231127220592194
500,35,531.905163093626,55533,421.7966737606269,2.6231127220592194
500,30,548.4353113467282,47821,421.7966737606269,2.6231127220592194
500,25,575.3615626640562,40101,421.7966737606269,2.6231127220592194
500,20,583.1577109375266,32380,421.7966737606269,2.6231127220592194
500,15,637.6004771866276,24660,421.7966737606269,2.6231127220592194
500,10,771.4754444812012,16948,421.7966737606269,2.6231127220592194
500,5,1106.4202210637625,9228,421.7966737606269,2.6231127220592194
502,80,466.3845923927608,125000,466.3845923927608,3.0938854961766364
502,75,473.304294482105,117279,466.3845923927608,3.0938854961766364
502,70,480.90171000767214,109567,466.3845923927608,3.0938854961766364
502,65,489.180370889879,101847,466.3845923927608,3.0938854961766364
502,60,499.7048502164223,94126,466.3845923927608,3.0938854961766364
502,55,516.1704561625339,86406,466.3845923927608,3.0938854961766364
502,50,536.6545784984776,78694,466.3845923927608,3.0938854961766364
502,45,554.3756084961744,70974,466.3845923927608,3.0938854961766364
502,40,590.9955217691855,63253,466.3845923927608,3.0938854961766364
502,35,619.6517817054033,55533,466.3845923927608,3.0938854961766364
502,30,649.2581669837543,47821,466.3845923927608,3.0938854961766364
502,25,706.3518555836289,40101,466.3845923927608,3.0938854961766364
502,20,720.9148232178904,32380,466.3845923927608,3.0938854961766364
502,15,787.1146361142307,24660,466.3845923927608,3.0938854961766364
502,10,977.244895977381,16948,466.3845923927608,3.0938854961766364
502,5,1442.940526044215,9228,466.3845923927608,3.0938854961766364
503,80,529.6752011149085,125000,529.6752011149085,3.178957690378918
503,75,536.6482034410496,117279,529.6752011149085,3.178957690378918
503,70,543.1367102688,109567,529.6752011149085,3.178957690378918
503,65,549.5390304349272,101847,529.6752011149085,3.178957690378918
503,60,569.4312845970978,94126,529.6752011149085,3.178957690378918
503,55,585.0306940658107,86406,529.6752011149085,3.178957690378918
503,50,605.5462954786251,78694,529.6752011149085,3.178957690378918
503,45,625.8706476020067,70974,529.6752011149085,3.178957690378918
503,40,672.7855753280027,63253,529.6752011149085,3.178957690378918
503,35,704.718376717739,55533,529.6752011149085,3.178957690378918
503,30,743.211056312098,47821,529.6752011149085,3.178957690378918
503,25,818.8327576910284,40101,529.6752011149085,3.178957690378918
503,20,836.7166284351694,32380,529.6752011149085,3.178957690378918
503,15,914.2977475786612,24660,529.6752011149085,3.178957690378918
503,10,1134.1443104537657,16948,529.6752011149085,3.178957690378918
503,5,1683.8150539872386,9228,529.6752011149085,3.178957690378918
504,80,544.9486782733131,125000,544.9486782733131,3.361749670407665
504,75,551.7314566578459,117279,544.9486782733131,3.361749670407665
504,70,558.7668143308049,109567,544.9486782733131,3.361749670407665
504,65,563.9342111267151,101847,544.9486782733131,3.361749670407665
504,60,592.483199821232,94126,544.9486782733131,3.361749670407665
504,55,607.7438523478769,86406,544.9486782733131,3.361749670407665
504,50,630.4543905966152,78694,544.9486782733131,3.361749670407665
504,45,651.8637565188309,70974,544.9486782733131,3.361749670407665
504,40,704.8447389962723,63253,544.9486782733131,3.361749670407665
504,35,738.2922091388433,55533,544.9486782733131,3.361749670407665
504,30,784.6371895478628,47821,544.9486782733131,3.361749670407665
504,25,873.9392117927977,40101,544.9486782733131,3.361749670407665
504,20,893.3609526662542,32380,544.9486782733131,3.361749670407665
504,15,979.0990781899304,24660,544.9486782733131,3.361749670407665
504,10,1221.6664487664275,16948,544.9486782733131,3.361749670407665
504,5,1831.9810395744037,9228,544.9486782733131,3.361749670407665
505,80,495.3135978021491,125000,495.3135978021491,3.715091054656317
505,75,501.29812640596657,117279,495.3135978021491,3.715091054656317
505,70,508.53295527820535,109567,495.3135978021491,3.715091054656317
505,65,513.9116612022406,101847,495.3135978021491,3.715091054656317
505,60,554.9449383198983,94126,495.3135978021491,3.715091054656317
505,55,568.7824753807848,86406,495.3135978021491,3.715091054656317
505,50,594.0690131513668,78694,495.3135978021491,3.715091054656317
505,45,615.7100529834034,70974,495.3135978021491,3.715091054656317
505,40,676.5402042913506,63253,495.3135978021491,3.715091054656317
505,35,713.3690056606154,55533,495.3135978021491,3.715091054656317
505,30,764.3356992815831,47821,495.3135978021491,3.715091054656317
505,25,860.8483412907136,40101,495.3135978021491,3.715091054656317
505,20,883.0225664482789,32380,495.3135978021491,3.715091054656317
505,15,973.1975036809928,24660,495.3135978021491,3.715091054656317
505,10,1220.4030883552311,16948,495.3135978021491,3.715091054656317
505,5,1840.135116444401,9228,495.3135978021491,3.715091054656317
508,80,504.1181120539221,125000,504.1181120539221,3.5295621754994544
508,75,508.1064641668887,117279,504.1181120539221,3.5295621754994544
508,70,512.90660484028,109567,504.1181120539221,3.5295621754994544
508,65,517.1857758965378,101847,504.1181120539221,3.5295621754994544
508,60,568.2229606082112,94126,504.1181120539221,3.5295621754994544
508,55,583.7398040978469,86406,504.1181120539221,3.5295621754994544
508,50,598.3208973792412,78694,504.1181120539221,3.5295621754994544
508,45,614.8139070055598,70974,504.1181120539221,3.5295621754994544
508,40,670.8493397234222,63253,504.1181120539221,3.5295621754994544
508,35,702.0110700025064,55533,504.1181120539221,3.5295621754994544
508,30,742.3168070409395,47821,504.1181120539221,3.5295621754994544
508,25,850.8609795164264,40101,504.1181120539221,3.5295621754994544
508,20,876.0999225547342,32380,504.1181120539221,3.5295621754994544
508,15,954.0111862742356,24660,504.1181120539221,3.5295621754994544
508,10,1208.8675756617502,16948,504.1181120539221,3.5295621754994544
508,5,1779.316220289719,9228,504.1181120539221,3.5295621754994544
509,80,553.4752407323322,125000,553.4752407323322,3.2235461344812326
509,75,556.6584640934069,117279,553.4752407323322,3.2235461344812326
509,70,559.8960560556133,109567,553.4752407323322,3.2235461344812326
509,65,565.685829579611,101847,553.4752407323322,3.2235461344812326
509,60,609.6248225363953,94126,553.4752407323322,3.2235461344812326
509,55,625.8402001724083,86406,553.4752407323322,3.2235461344812326
509,50,636.6236156296305,78694,553.4752407323322,3.2235461344812326
509,45,648.0432859525419,70974,553.4752407323322,3.2235461344812326
509,40,701.0684307645374,63253,553.4752407323322,3.2235461344812326
509,35,729.6307413414971,55533,553.4752407323322,3.2235461344812326
509,30,764.6593900259135,47821,553.4752407323322,3.2235461344812326
509,25,870.2055138512067,40101,553.4752407323322,3.2235461344812326
509,20,891.4057652905776,32380,553.4752407323322,3.2235461344812326
509,15,965.5719929156623,24660,553.4752407323322,3.2235461344812326
509,10,1222.5667914486633,16948,553.4752407323322,3.2235461344812326
509,5,1784.152972793779,9228,553.4752407323322,3.2235461344812326
510,80,566.934067977309,125000,566.934067977309,3.1674729298427184
510,75,570.20593626525,117279,566.934067977309,3.1674729298427184
510,70,573.5263811344596,109567,566.934067977309,3.1674729298427184
510,65,580.4774838403158,101847,566.934067977309,3.1674729298427184
510,60,623.6842969383466,94126,566.934067977309,3.1674729298427184
510,55,644.1338388433803,86406,566.934067977309,3.1674729298427184
510,50,655.2921774021529,78694,566.934067977309,3.1674729298427184
510,45,665.507106016421,70974,566.934067977309,3.1674729298427184
510,40,723.1165321616003,63253,566.934067977309,3.1674729298427184
510,35,749.8272043165069,55533,566.934067977309,3.1674729298427184
510,30,781.282789874169,47821,566.934067977309,3.1674729298427184
510,25,881.3397729571742,40101,566.934067977309,3.1674729298427184
510,20,902.4218195860552,32380,566.934067977309,3.1674729298427184
510,15,972.2887960864168,24660,566.934067977309,3.1674729298427184
510,10,1238.077421612913,16948,566.934067977309,3.1674729298427184
510,5,1795.748313323738,9228,566.934067977309,3.1674729298427184
512,80,635.4005536079641,125000,635.4005536079641,2.7884557048254344
512,75,641.314705520573,117279,635.4005536079641,2.7884557048254344
512,70,644.3833262744071,109567,635.4005536079641,2.7884557048254344
512,65,650.8953020451612,101847,635.4005536079641,2.7884557048254344
512,60,684.9001502900451,94126,635.4005536079641,2.7884557048254344
512,55,704.3695698502623,86406,635.4005536079641,2.7884557048254344
512,50,714.9146360339904,78694,635.4005536079641,2.7884557048254344
512,45,721.2402668511279,70974,635.4005536079641,2.7884557048254344
512,40,773.0120359535287,63253,635.4005536079641,2.7884557048254344
512,35,792.369073892199,55533,635.4005536079641,2.7884557048254344
512,30,823.3318679977247,47821,635.4005536079641,2.7884557048254344
512,25,912.0676861304764,40101,635.4005536079641,2.7884557048254344
512,20,929.7106066767992,32380,635.4005536079641,2.7884557048254344
512,15,990.787239900477,24660,635.4005536079641,2.7884557048254344
512,10,1260.2160939425253,16948,635.4005536079641,2.7884557048254344
512,5,1771.7862985573663,9228,635.4005536079641,2.7884557048254344
513,80,698.3359132083295,125000,698.3359132083295,2.512806811730396
513,75,704.2268250916101,117279,698.3359132083295,2.512806811730396
513,70,707.2135748653501,109567,698.3359132083295,2.512806811730396
513,65,712.3530124053894,101847,698.3359132083295,2.512806811730396
513,60,738.4431883076777,94126,698.3359132083295,2.512806811730396
513,55,756.9159224031337,86406,698.3359132083295,2.512806811730396
513,50,767.5760226224313,78694,698.3359132083295,2.512806811730396
513,45,771.3319867551002,70974,698.3359132083295,2.512806811730396
513,40,808.1808600113618,63253,698.3359132083295,2.512806811730396
513,35,828.5647560416606,55533,698.3359132083295,2.512806811730396
513,30,855.7492431395667,47821,698.3359132083295,2.512806811730396
513,25,935.606638915098,40101,698.3359132083295,2.512806811730396
513,20,952.7566844659268,32380,698.3359132083295,2.512806811730396
513,15,1010.8118002156712,24660,698.3359132083295,2.512806811730396
513,10,1274.90594839334,16948,698.3359132083295,2.512806811730396
513,5,1754.783239585857,9228,698.3359132083295,2.512806811730396
514,80,747.697932882201,125000,747.697932882201,2.32792668102584
514,75,752.057441353305,117279,747.697932882201,2.32792668102584
514,70,754.8715146943795,109567,747.697932882201,2.32792668102584
514,65,760.4586624667262,101847,747.697932882201,2.32792668102584
514,60,780.3429905971582,94126,747.697932882201,2.32792668102584
514,55,795.9268432882058,86406,747.697932882201,2.32792668102584
514,50,810.6932495001738,78694,747.697932882201,2.32792668102584
514,45,815.2420126406032,70974,747.697932882201,2.32792668102584
514,40,836.6806704984939,63253,747.697932882201,2.32792668102584
514,35,858.9822517463837,55533,747.697932882201,2.32792668102584
514,30,875.8661806784894,47821,747.697932882201,2.32792668102584
514,25,947.9577164409294,40101,747.697932882201,2.32792668102584
514,20,966.9509196358816,32380,747.697932882201,2.32792668102584
514,15,1024.4882276554354,24660,747.697932882201,2.32792668102584
514,10,1288.049763882963,16948,747.697932882201,2.32792668102584
514,5,1740.5859673043433,9228,747.697932882201,2.32792668102584
515,80,783.0814595693276,125000,783.0814595693276,2.201757185744144
515,75,786.380857819609,117279,783.0814595693276,2.201757185744144
515,70,788.6459446672799,109567,783.0814595693276,2.201757185744144
515,65,794.13844172213,101847,783.0814595693276,2.201757185744144
515,60,811.7283566734754,94126,783.0814595693276,2.201757185744144
515,55,825.5668683291444,86406,783.0814595693276,2.201757185744144
515,50,847.0665725330813,78694,783.0814595693276,2.201757185744144
515,45,852.6077412944635,70974,783.0814595693276,2.201757185744144
515,40,865.7889619533789,63253,783.0814595693276,2.201757185744144
515,35,888.5462035154435,55533,783.0814595693276,2.201757185744144
515,30,899.178454807519,47821,783.0814595693276,2.201757185744144
515,25,968.306822634914,40101,783.0814595693276,2.201757185744144
515,20,989.6491900443682,32380,783.0814595693276,2.201757185744144
515,15,1041.674479167143,24660,783.0814595693276,2.201757185744144
515,10,1296.2608123295397,16948,783.0814595693276,2.201757185744144
515,5,1724.1552306297792,9228,783.0814595693276,2.201757185744144
516,80,804.2923880066509,125000,804.2923880066509,2.1002695122842576
516,75,806.9177511821605,117279,804.2923880066509,2.1002695122842576
516,70,808.0987227571118,109567,804.2923880066509,2.1002695122842576
516,65,811.2629534941673,101847,804.2923880066509,2.1002695122842576
516,60,830.0363201174541,94126,804.2923880066509,2.1002695122842576
516,55,842.7453988183438,86406,804.2923880066509,2.1002695122842576
516,50,870.2921584021757,78694,804.2923880066509,2.1002695122842576
516,45,874.4404792904936,70974,804.2923880066509,2.1002695122842576
516,40,884.2501588816164,63253,804.2923880066509,2.1002695122842576
516,35,905.832761090227,55533,804.2923880066509,2.1002695122842576
516,30,913.135328055094,47821,804.2923880066509,2.1002695122842576
516,25,970.481552526978,40101,804.2923880066509,2.1002695122842576
516,20,989.6004567264685,32380,804.2923880066509,2.1002695122842576
516,15,1035.8654569266369,24660,804.2923880066509,2.1002695122842576
516,10,1272.1606889531745,16948,804.2923880066509,2.1002695122842576
516,5,1689.2307814926694,9228,804.2923880066509,2.1002695122842576
517,80,836.003938766169,125000,836.003938766169,2.008824032763988
517,75,837.3675515017245,117279,836.003938766169,2.008824032763988
517,70,840.0991179292339,109567,836.003938766169,2.008824032763988
517,65,842.47225247946,101847,836.003938766169,2.008824032763988
517,60,859.7749152487912,94126,836.003938766169,2.008824032763988
517,55,875.7368129190743,86406,836.003938766169,2.008824032763988
517,50,898.9844078116472,78694,836.003938766169,2.008824032763988
517,45,901.1100644523892,70974,836.003938766169,2.008824032763988
517,40,919.4924765534076,63253,836.003938766169,2.008824032763988
517,35,937.1499856010485,55533,836.003938766169,2.008824032763988
517,30,941.0674593748234,47821,836.003938766169,2.008824032763988
517,25,999.0146269969508,40101,836.003938766169,2.008824032763988
517,20,1004.1631027839288,32380,836.003938766169,2.008824032763988
517,15,1048.6049688987368,24660,836.003938766169,2.008824032763988
517,10,1281.093025316029,16948,836.003938766169,2.008824032763988
517,5,1679.3848036788338,9228,836.003938766169,2.008824032763988
518,80,841.6140080054219,125000,841.6140080054219,1.980419196640845
518,75,842.2524170303383,117279,841.6140080054219,1.980419196640845
518,70,845.540987195175,109567,841.6140080054219,1.980419196640845
518,65,849.6287604748971,101847,841.6140080054219,1.980419196640845
518,60,862.9145772410303,94126,841.6140080054219,1.980419196640845
518,55,875.0218705025363,86406,841.6140080054219,1.980419196640845
518,50,895.4648950012104,78694,841.6140080054219,1.980419196640845
518,45,899.1670631112216,70974,841.6140080054219,1.980419196640845
518,40,919.3505273196956,63253,841.6140080054219,1.980419196640845
518,35,935.5737896644164,55533,841.6140080054219,1.980419196640845
518,30,940.4647584727312,47821,841.6140080054219,1.980419196640845
518,25,1018.5705014744918,40101,841.6140080054219,1.980419196640845
518,20,1026.2302613478398,32380,841.6140080054219,1.980419196640845
518,15,1069.7967839549626,24660,841.6140080054219,1.980419196640845
518,10,1291.2143470418623,16948,841.6140080054219,1.980419196640845
518,5,1666.7485376157797,9228,841.6140080054219,1.980419196640845
519,80,812.6847537412361,125000,812.6847537412361,1.959998525375627
519,75,813.8609871519751,117279,812.6847537412361,1.959998525375627
519,70,817.5068016382404,109567,812.6847537412361,1.959998525375627
519,65,827.4446507033838,101847,812.6847537412361,1.959998525375627
519,60,840.0638839635718,94126,812.6847537412361,1.959998525375627
519,55,850.0094727341425,86406,812.6847537412361,1.959998525375627
519,50,870.9827123991656,78694,812.6847537412361,1.959998525375627
519,45,875.944294713806,70974,812.6847537412361,1.959998525375627
519,40,899.3410296135299,63253,812.6847537412361,1.959998525375627
519,35,917.2399581082292,55533,812.6847537412361,1.959998525375627
519,30,924.0032121053364,47821,812.6847537412361,1.959998525375627
519,25,991.7948095507086,40101,812.6847537412361,1.959998525375627
519,20,1003.5282817933722,32380,812.6847537412361,1.959998525375627
519,15,1040.9155781880672,24660,812.6847537412361,1.959998525375627
519,10,1252.5070072661929,16948,812.6847537412361,1.959998525375627
519,5,1592.8609189280771,9228,812.6847537412361,1.959998525375627
520,80,833.4301589491268,125000,833.4301589491268,1.863498815556461
520,75,837.3677019611865,117279,833.4301589491268,1.863498815556461
520,70,840.8350011765789,109567,833.4301589491268,1.863498815556461
520,65,846.6077695091657,101847,833.4301589491268,1.863498815556461
520,60,857.1766182331971,94126,833.4301589491268,1.863498815556461
520,55,867.6920303626531,86406,833.4301589491268,1.863498815556461
520,50,894.7179565110971,78694,833.4301589491268,1.863498815556461
520,45,901.24644133428,70974,833.4301589491268,1.863498815556461
520,40,921.7586552011182,63253,833.4301589491268,1.863498815556461
520,35,940.0473404017308,55533,833.4301589491268,1.863498815556461
520,30,949.5632910589668,47821,833.4301589491268,1.863498815556461
520,25,1013.0047319372107,40101,833.4301589491268,1.863498815556461
520,20,1032.556613864161,32380,833.4301589491268,1.863498815556461
520,15,1057.0711148433863,24660,833.4301589491268,1.863498815556461
520,10,1252.128581453146,16948,833.4301589491268,1.863498815556461
520,5,1553.0961140507309,9228,833.4301589491268,1.863498815556461
521,80,812.4994058200986,125000,812.4994058200986,1.8236336835296827
521,75,814.9040196013952,117279,812.4994058200986,1.8236336835296827
521,70,827.5257420656459,109567,812.4994058200986,1.8236336835296827
521,65,830.9659455264429,101847,812.4994058200986,1.8236336835296827
521,60,842.3293351304558,94126,812.4994058200986,1.8236336835296827
521,55,851.1563248686307,86406,812.4994058200986,1.8236336835296827
521,50,880.1750397964215,78694,812.4994058200986,1.8236336835296827
521,45,892.667596412661,70974,812.4994058200986,1.8236336835296827
521,40,910.3531811318786,63253,812.4994058200986,1.8236336835296827
521,35,926.7412279516516,55533,812.4994058200986,1.8236336835296827
521,30,942.1187147908076,47821,812.4994058200986,1.8236336835296827
521,25,1004.7457968330548,40101,812.4994058200986,1.8236336835296827
521,20,1028.5170776296163,32380,812.4994058200986,1.8236336835296827
521,15,1045.1684209948244,24660,812.4994058200986,1.8236336835296827
521,10,1226.985178620963,16948,812.4994058200986,1.8236336835296827
521,5,1481.701284301385,9228,812.4994058200986,1.8236336835296827
522,80,811.8631083867984,125000,811.8631083867984,1.7776873536184377
522,75,816.4480091256457,117279,811.8631083867984,1.7776873536184377
522,70,828.9353655775487,109567,811.8631083867984,1.7776873536184377
522,65,834.7652551484915,101847,811.8631083867984,1.7776873536184377
522,60,841.14251160092,94126,811.8631083867984,1.7776873536184377
522,55,847.9082340183,86406,811.8631083867984,1.7776873536184377
522,50,870.8204511659332,78694,811.8631083867984,1.7776873536184377
522,45,882.2944282853425,70974,811.8631083867984,1.7776873536184377
522,40,902.9686633144148,63253,811.8631083867984,1.7776873536184377
522,35,921.927398373132,55533,811.8631083867984,1.7776873536184377
522,30,943.0981409807216,47821,811.8631083867984,1.7776873536184377
522,25,995.7459925282924,40101,811.8631083867984,1.7776873536184377
522,20,1023.3840619674183,32380,811.8631083867984,1.7776873536184377
522,15,1041.8675272802914,24660,811.8631083867984,1.7776873536184377
522,10,1202.1753723584914,16948,811.8631083867984,1.7776873536184377
522,5,1443.2387806485665,9228,811.8631083867984,1.7776873536184377
523,80,775.8465166974859,125000,775.8465166974859,1.8195534398639168
523,75,781.31230522232,117279,775.8465166974859,1.8195534398639168
523,70,791.4326142620876,109567,775.8465166974859,1.8195534398639168
523,65,801.4647549746647,101847,775.8465166974859,1.8195534398639168
523,60,808.1423098661264,94126,775.8465166974859,1.8195534398639168
523,55,815.260868578085,86406,775.8465166974859,1.8195534398639168
523,50,835.6801006194106,78694,775.8465166974859,1.8195534398639168
523,45,852.0601926442719,70974,775.8465166974859,1.8195534398639168
523,40,873.9520789820356,63253,775.8465166974859,1.8195534398639168
523,35,887.5340078592342,55533,775.8465166974859,1.8195534398639168
523,30,915.5014632781916,47821,775.8465166974859,1.8195534398639168
523,25,966.3487681557806,40101,775.8465166974859,1.8195534398639168
523,20,1000.6739679226304,32380,775.8465166974859,1.8195534398639168
523,15,1021.1805099265512,24660,775.8465166974859,1.8195534398639168
523,10,1175.6106304612022,16948,775.8465166974859,1.8195534398639168
523,5,1411.694198263348,9228,775.8465166974859,1.8195534398639168
524,80,756.3433176288746,125000,756.3433176288746,1.8197375038818575
524,75,760.9031528630584,117279,756.3433176288746,1.8197375038818575
524,70,771.0113793769178,109567,756.3433176288746,1.8197375038818575
524,65,778.8880380051861,101847,756.3433176288746,1.8197375038818575
524,60,785.2047088263968,94126,756.3433176288746,1.8197375038818575
524,55,789.9506499468208,86406,756.3433176288746,1.8197375038818575
524,50,807.6469335435996,78694,756.3433176288746,1.8197375038818575
524,45,829.8649463881774,70974,756.3433176288746,1.8197375038818575
524,40,853.0765966415494,63253,756.3433176288746,1.8197375038818575
524,35,862.4921269819592,55533,756.3433176288746,1.8197375038818575
524,30,895.5984859536851,47821,756.3433176288746,1.8197375038818575
524,25,943.83475755402,40101,756.3433176288746,1.8197375038818575
524,20,980.2418629219228,32380,756.3433176288746,1.8197375038818575
524,15,1001.7082099075946,24660,756.3433176288746,1.8197375038818575
524,10,1151.5108759194518,16948,756.3433176288746,1.8197375038818575
524,5,1376.3463008996914,9228,756.3433176288746,1.8197375038818575
525,80,726.3419121821686,125000,726.3419121821686,1.8505058007565969
525,75,731.1172507043515,117279,726.3419121821686,1.8505058007565969
525,70,743.3256765983964,109567,726.3419121821686,1.8505058007565969
525,65,750.0413116473663,101847,726.3419121821686,1.8505058007565969
525,60,757.0597162657718,94126,726.3419121821686,1.8505058007565969
525,55,759.0683283343888,86406,726.3419121821686,1.8505058007565969
525,50,772.6785811817717,78694,726.3419121821686,1.8505058007565969
525,45,801.9515439956674,70974,726.3419121821686,1.8505058007565969
525,40,829.5663367458819,63253,726.3419121821686,1.8505058007565969
525,35,836.5275260353793,55533,726.3419121821686,1.8505058007565969
525,30,875.5980368392322,47821,726.3419121821686,1.8505058007565969
525,25,922.6689647983868,40101,726.3419121821686,1.8505058007565969
525,20,961.953799324254,32380,726.3419121821686,1.8505058007565969
525,15,990.2449953782514,24660,726.3419121821686,1.8505058007565969
525,10,1132.8687592917142,16948,726.3419121821686,1.8505058007565969
525,5,1344.0999218257416,9228,726.3419121821686,1.8505058007565969
526,80,709.3911537140979,125000,709.3911537140979,1.849447072800612
526,75,716.8758759137744,117279,709.3911537140979,1.849447072800612
526,70,733.9344389320238,109567,709.3911537140979,1.849447072800612
526,65,741.8204310880419,101847,709.3911537140979,1.849447072800612
526,60,752.148510558741,94126,709.3911537140979,1.849447072800612
526,55,755.8888576505196,86406,709.3911537140979,1.849447072800612
526,50,769.4913854295157,78694,709.3911537140979,1.849447072800612
526,45,803.9743509567878,70974,709.3911537140979,1.849447072800612
526,40,823.196026576757,63253,709.3911537140979,1.849447072800612
526,35,828.4956996185452,55533,709.3911537140979,1.849447072800612
526,30,865.1219009627025,47821,709.3911537140979,1.849447072800612
526,25,922.255089937485,40101,709.3911537140979,1.849447072800612
526,20,967.9975957663876,32380,709.3911537140979,1.849447072800612
526,15,1009.2186306954256,24660,709.3911537140979,1.849447072800612
526,10,1133.482437242746,16948,709.3911537140979,1.849447072800612
526,5,1311.981392707187,9228,709.3911537140979,1.849447072800612
527,80,675.5141820462609,125000,675.5141820462609,1.86672420824108
527,75,687.1802917589254,117279,675.5141820462609,1.86672420824108
527,70,719.6405212813985,109567,675.5141820462609,1.86672420824108
527,65,727.3719262451102,101847,675.5141820462609,1.86672420824108
527,60,733.7504717310469,94126,675.5141820462609,1.86672420824108
527,55,738.1454863549968,86406,675.5141820462609,1.86672420824108
527,50,749.9935543356797,78694,675.5141820462609,1.86672420824108
527,45,775.1094435317251,70974,675.5141820462609,1.86672420824108
527,40,788.776817715206,63253,675.5141820462609,1.86672420824108
527,35,796.8264761984065,55533,675.5141820462609,1.86672420824108
527,30,823.6066923857063,47821,675.5141820462609,1.86672420824108
527,25,883.246207136358,40101,675.5141820462609,1.86672420824108
527,20,944.2643802730756,32380,675.5141820462609,1.86672420824108
527,15,1006.469723953012,24660,675.5141820462609,1.86672420824108
527,10,1132.6837118712206,16948,675.5141820462609,1.86672420824108
527,5,1260.9986766359273,9228,675.5141820462609,1.86672420824108
529,80,692.359351032487,125000,692.359351032487,1.8608350047172413
529,75,709.7122355883407,117279,692.359351032487,1.8608350047172413
529,70,759.5589571473233,109567,692.359351032487,1.8608350047172413
529,65,769.4172639827684,101847,692.359351032487,1.8608350047172413
529,60,771.5652333210083,94126,692.359351032487,1.8608350047172413
529,55,775.5788835850868,86406,692.359351032487,1.8608350047172413
529,50,781.1818256030543,78694,692.359351032487,1.8608350047172413
529,45,793.3011325303327,70974,692.359351032487,1.8608350047172413
529,40,811.6134977584355,63253,692.359351032487,1.8608350047172413
529,35,815.6530320158655,55533,692.359351032487,1.8608350047172413
529,30,835.4938831621844,47821,692.359351032487,1.8608350047172413
529,25,871.2890715186102,40101,692.359351032487,1.8608350047172413
529,20,935.063273595817,32380,692.359351032487,1.8608350047172413
529,15,999.8462259397847,24660,692.359351032487,1.8608350047172413
529,10,1190.5193658285384,16948,692.359351032487,1.8608350047172413
529,5,1288.366516244564,9228,692.359351032487,1.8608350047172413
530,80,731.5332072860805,125000,731.5332072860805,1.7407515406767904
530,75,736.0576340683872,117279,731.5332072860805,1.7407515406767904
530,70,776.1834083448042,109567,731.5332072860805,1.7407515406767904
530,65,780.6855307932324,101847,731.5332072860805,1.7407515406767904
530,60,782.5731651786981,94126,731.5332072860805,1.7407515406767904
530,55,784.5237000064967,86406,731.5332072860805,1.7407515406767904
530,50,786.5366039750061,78694,731.5332072860805,1.7407515406767904
530,45,797.8874095104604,70974,731.5332072860805,1.7407515406767904
530,40,820.2068529955778,63253,731.5332072860805,1.7407515406767904
530,35,825.3198079394903,55533,731.5332072860805,1.7407515406767904
530,30,843.5203729452624,47821,731.5332072860805,1.7407515406767904
530,25,868.2240703189035,40101,731.5332072860805,1.7407515406767904
530,20,924.0982061210498,32380,731.5332072860805,1.7407515406767904
530,15,993.7955059867536,24660,731.5332072860805,1.7407515406767904
530,10,1172.0032611059971,16948,731.5332072860805,1.7407515406767904
530,5,1273.4175576394784,9228,731.5332072860805,1.7407515406767904
531,80,837.7519264236291,125000,837.7519264236291,1.5646236854674809
531,75,847.4735084963044,117279,837.7519264236291,1.5646236854674809
531,70,876.8996160208525,109567,837.7519264236291,1.5646236854674809
531,65,879.8344036984201,101847,837.7519264236291,1.5646236854674809
531,60,894.7572273421739,94126,837.7519264236291,1.5646236854674809
531,55,900.5009715833557,86406,837.7519264236291,1.5646236854674809
531,50,901.619238707955,78694,837.7519264236291,1.5646236854674809
531,45,913.118233152474,70974,837.7519264236291,1.5646236854674809
531,40,933.3484544714024,63253,837.7519264236291,1.5646236854674809
531,35,938.5251147587182,55533,837.7519264236291,1.5646236854674809
531,30,959.940412254966,47821,837.7519264236291,1.5646236854674809
531,25,971.0912846894328,40101,837.7519264236291,1.5646236854674809
531,20,1010.9912509246548,32380,837.7519264236291,1.5646236854674809
531,15,1081.4110557715728,24660,837.7519264236291,1.5646236854674809
531,10,1194.249653343493,16948,837.7519264236291,1.5646236854674809
531,5,1310.7665066284203,9228,837.7519264236291,1.5646236854674809
532,80,724.3378122490988,125000,724.3378122490988,1.6681135084378689
532,75,732.4587713489636,117279,724.3378122490988,1.6681135084378689
532,70,753.9610701438696,109567,724.3378122490988,1.6681135084378689
532,65,761.0971475181472,101847,724.3378122490988,1.6681135084378689
532,60,775.0463751602061,94126,724.3378122490988,1.6681135084378689
532,55,787.0670657232265,86406,724.3378122490988,1.6681135084378689
532,50,789.6316781402469,78694,724.3378122490988,1.6681135084378689
532,45,804.7777297826137,70974,724.3378122490988,1.6681135084378689
532,40,822.4065339930135,63253,724.3378122490988,1.6681135084378689
532,35,827.8601333026382,55533,724.3378122490988,1.6681135084378689
532,30,836.7915678814338,47821,724.3378122490988,1.6681135084378689
532,25,844.5442826164452,40101,724.3378122490988,1.6681135084378689
532,20,896.2232550688587,32380,724.3378122490988,1.6681135084378689
532,15,954.0290465654936,24660,724.3378122490988,1.6681135084378689
532,10,1049.5436539585269,16948,724.3378122490988,1.6681135084378689
532,5,1208.2776892850543,9228,724.3378122490988,1.6681135084378689
533,80,668.9523754797963,125000,668.9523754797963,1.7803958265968405
533,75,677.8988268686597,117279,668.9523754797963,1.7803958265968405
533,70,694.6809474433898,109567,668.9523754797963,1.7803958265968405
533,65,703.1849637582867,101847,668.9523754797963,1.7803958265968405
533,60,714.4767881242459,94126,668.9523754797963,1.7803958265968405
533,55,725.5544691136943,86406,668.9523754797963,1.7803958265968405
533,50,731.2542603220041,78694,668.9523754797963,1.7803958265968405
533,45,749.7624174630713,70974,668.9523754797963,1.7803958265968405
533,40,764.219858667351,63253,668.9523754797963,1.7803958265968405
533,35,765.8399316047418,55533,668.9523754797963,1.7803958265968405
533,30,778.1387567242194,47821,668.9523754797963,1.7803958265968405
533,25,783.7664471330887,40101,668.9523754797963,1.7803958265968405
533,20,840.3887719384809,32380,668.9523754797963,1.7803958265968405
533,15,897.4315809344753,24660,668.9523754797963,1.7803958265968405
533,10,1034.2222596384663,16948,668.9523754797963,1.7803958265968405
533,5,1191.0000174962718,9228,668.9523754797963,1.7803958265968405
534,80,657.6415572766266,125000,657.6415572766266,1.8208281277343024
534,75,663.1150639972645,117279,657.6415572766266,1.8208281277343024
534,70,679.8572156432808,109567,657.6415572766266,1.8208281277343024
534,65,686.2878651250583,101847,657.6415572766266,1.8208281277343024
534,60,688.5474029306619,94126,657.6415572766266,1.8208281277343024
534,55,698.6551953772018,86406,657.6415572766266,1.8208281277343024
534,50,706.1799356650174,78694,657.6415572766266,1.8208281277343024
534,45,728.9649906505889,70974,657.6415572766266,1.8208281277343024
534,40,734.5536153798101,63253,657.6415572766266,1.8208281277343024
534,35,750.6396182408126,55533,657.6415572766266,1.8208281277343024
534,30,759.0019603448281,47821,657.6415572766266,1.8208281277343024
534,25,780.5388147377286,40101,657.6415572766266,1.8208281277343024
534,20,836.7599765321004,32380,657.6415572766266,1.8208281277343024
534,15,872.3981911793016,24660,657.6415572766266,1.8208281277343024
534,10,1117.830240354469,16948,657.6415572766266,1.8208281277343024
534,5,1197.4522454562712,9228,657.6415572766266,1.8208281277343024
535,80,702.901723622492,125000,702.901723622492,1.7295437391259323
535,75,707.2681294909129,117279,702.901723622492,1.7295437391259323
535,70,724.982323657513,109567,702.901723622492,1.7295437391259323
535,65,728.9356250073058,101847,702.901723622492,1.7295437391259323
535,60,730.4399002450554,94126,702.901723622492,1.7295437391259323
535,55,738.1023721547194,86406,702.901723622492,1.7295437391259323
535,50,743.4207251331607,78694,702.901723622492,1.7295437391259323
535,45,763.2853902894124,70974,702.901723622492,1.7295437391259323
535,40,769.6920780290695,63253,702.901723622492,1.7295437391259323
535,35,784.4171901912475,55533,702.901723622492,1.7295437391259323
535,30,798.1386282136068,47821,702.901723622492,1.7295437391259323
535,25,814.7815878921521,40101,702.901723622492,1.7295437391259323
535,20,851.3699727923329,32380,702.901723622492,1.7295437391259323
535,15,882.9467975650097,24660,702.901723622492,1.7295437391259323
535,10,1130.3563326210078,16948,702.901723622492,1.7295437391259323
535,5,1215.6992753121076,9228,702.901723622492,1.7295437391259323
536,80,754.7338934709056,125000,754.7338934709056,1.7024687557362743
536,75,759.21181096439,117279,754.7338934709056,1.7024687557362743
536,70,779.694359617403,109567,754.7338934709056,1.7024687557362743
536,65,784.0287556188256,101847,754.7338934709056,1.7024687557362743
536,60,785.1175570898743,94126,754.7338934709056,1.7024687557362743
536,55,797.6807629507675,86406,754.7338934709056,1.7024687557362743
536,50,804.6389329781093,78694,754.7338934709056,1.7024687557362743
536,45,826.2699691100146,70974,754.7338934709056,1.7024687557362743
536,40,834.3701710838257,63253,754.7338934709056,1.7024687557362743
536,35,839.6054367270951,55533,754.7338934709056,1.7024687557362743
536,30,864.1975606800045,47821,754.7338934709056,1.7024687557362743
536,25,878.8433504093016,40101,754.7338934709056,1.7024687557362743
536,20,913.558141233036,32380,754.7338934709056,1.7024687557362743
536,15,947.4061022923198,24660,754.7338934709056,1.7024687557362743
536,10,1196.880268243583,16948,754.7338934709056,1.7024687557362743
536,5,1284.9108725294066,9228,754.7338934709056,1.7024687557362743
537,80,800.45895550471,125000,800.45895550471,1.6637297168021985
537,75,804.9519825457614,117279,800.45895550471,1.6637297168021985
537,70,820.220999005455,109567,800.45895550471,1.6637297168021985
537,65,824.6822362808134,101847,800.45895550471,1.6637297168021985
537,60,826.6960412442727,94126,800.45895550471,1.6637297168021985
537,55,842.410691882608,86406,800.45895550471,1.6637297168021985
537,50,849.4760018297956,78694,800.45895550471,1.6637297168021985
537,45,869.000112789603,70974,800.45895550471,1.6637297168021985
537,40,874.9666509790272,63253,800.45895550471,1.6637297168021985
537,35,878.8306382397734,55533,800.45895550471,1.6637297168021985
537,30,902.0229990451396,47821,800.45895550471,1.6637297168021985
537,25,914.2906019387736,40101,800.45895550471,1.6637297168021985
537,20,955.8670845922104,32380,800.45895550471,1.6637297168021985
537,15,991.7208888065052,24660,800.45895550471,1.6637297168021985
537,10,1240.7445163557095,16948,800.45895550471,1.6637297168021985
537,5,1331.747351353635,9228,800.45895550471,1.6637297168021985
538,80,780.2314460685765,125000,780.2314460685765,1.6716182401566153
538,75,783.0050066082994,117279,780.2314460685765,1.6716182401566153
538,70,791.080587662889,109567,780.2314460685765,1.6716182401566153
538,65,799.3367179223295,101847,780.2314460685765,1.6716182401566153
538,60,803.4968300683398,94126,780.2314460685765,1.6716182401566153
538,55,819.0462600946571,86406,780.2314460685765,1.6716182401566153
538,50,822.1082767098384,78694,780.2314460685765,1.6716182401566153
538,45,848.6004146703455,70974,780.2314460685765,1.6716182401566153
538,40,853.3083746203806,63253,780.2314460685765,1.6716182401566153
538,35,857.5108215822462,55533,780.2314460685765,1.6716182401566153
538,30,872.5181276085174,47821,780.2314460685765,1.6716182401566153
538,25,879.7897338587165,40101,780.2314460685765,1.6716182401566153
538,20,928.3207585134144,32380,780.2314460685765,1.6716182401566153
538,15,969.950329042573,24660,780.2314460685765,1.6716182401566153
538,10,1198.116790181154,16948,780.2314460685765,1.6716182401566153
538,5,1304.249116792005,9228,780.2314460685765,1.6716182401566153
539,80,657.4553353523246,125000,657.4553353523246,1.9814711473797173
539,75,662.3996520181762,117279,657.4553353523246,1.9814711473797173
539,70,671.5581143472118,109567,657.4553353523246,1.9814711473797173
539,65,685.0119058503202,101847,657.4553353523246,1.9814711473797173
539,60,687.8809002168522,94126,657.4553353523246,1.9814711473797173
539,55,717.2068565174429,86406,657.4553353523246,1.9814711473797173
539,50,727.1142135982676,78694,657.4553353523246,1.9814711473797173
539,45,754.8557383341242,70974,657.4553353523246,1.9814711473797173
539,40,763.0000162506892,63253,657.4553353523246,1.9814711473797173
539,35,764.5963046845693,55533,657.4553353523246,1.9814711473797173
539,30,776.1644574300002,47821,657.4553353523246,1.9814711473797173
539,25,784.941049302087,40101,657.4553353523246,1.9814711473797173
539,20,838.5497334993591,32380,657.4553353523246,1.9814711473797173
539,15,883.8534050233803,24660,657.4553353523246,1.9814711473797173
539,10,1179.5890036980168,16948,657.4553353523246,1.9814711473797173
539,5,1302.7287776914875,9228,657.4553353523246,1.9814711473797173
540,80,572.2193455004186,125000,572.2193455004186,2.191859841316247
540,75,577.80510575358,117279,572.2193455004186,2.191859841316247
540,70,585.7734233225748,109567,572.2193455004186,2.191859841316247
540,65,597.3660799250603,101847,572.2193455004186,2.191859841316247
540,60,599.1833181250028,94126,572.2193455004186,2.191859841316247
540,55,621.0873333166209,86406,572.2193455004186,2.191859841316247
540,50,634.5527448211812,78694,572.2193455004186,2.191859841316247
540,45,659.4719641697355,70974,572.2193455004186,2.191859841316247
540,40,663.4551989788242,63253,572.2193455004186,2.191859841316247
540,35,669.0276974307887,55533,572.2193455004186,2.191859841316247
540,30,681.6384056665781,47821,572.2193455004186,2.191859841316247
540,25,705.6945942496617,40101,572.2193455004186,2.191859841316247
540,20,762.9776485162873,32380,572.2193455004186,2.191859841316247
540,15,802.1499418145103,24660,572.2193455004186,2.191859841316247
540,10,1168.370061992327,16948,572.2193455004186,2.191859841316247
540,5,1254.2246038266342,9228,572.2193455004186,2.191859841316247
541,80,624.0697463502582,125000,624.0697463502582,2.0050814749110586
541,75,630.4024328905282,117279,624.0697463502582,2.0050814749110586
541,70,636.7966969058012,109567,624.0697463502582,2.0050814749110586
541,65,647.3986387845274,101847,624.0697463502582,2.0050814749110586
541,60,650.2814282589043,94126,624.0697463502582,2.0050814749110586
541,55,662.919285562153,86406,624.0697463502582,2.0050814749110586
541,50,667.7299741923533,78694,624.0697463502582,2.0050814749110586
541,45,690.5226157067134,70974,624.0697463502582,2.0050814749110586
541,40,692.4232955475759,63253,624.0697463502582,2.0050814749110586
541,35,702.8500992684834,55533,624.0697463502582,2.0050814749110586
541,30,720.775699538245,47821,624.0697463502582,2.0050814749110586
541,25,746.3826946588205,40101,624.0697463502582,2.0050814749110586
541,20,790.6987168530478,32380,624.0697463502582,2.0050814749110586
541,15,825.4578364043299,24660,624.0697463502582,2.0050814749110586
541,10,1199.3611858798386,16948,624.0697463502582,2.0050814749110586
541,5,1251.310687459346,9228,624.0697463502582,2.0050814749110586
542,80,679.6706828516926,125000,679.6706828516926,1.9281074435808527
542,75,685.9753569988011,117279,679.6706828516926,1.9281074435808527
542,70,694.6862199770331,109567,679.6706828516926,1.9281074435808527
542,65,703.5779384485277,101847,679.6706828516926,1.9281074435808527
542,60,705.8881878108521,94126,679.6706828516926,1.9281074435808527
542,55,715.1073996922615,86406,679.6706828516926,1.9281074435808527
542,50,719.1764112569251,78694,679.6706828516926,1.9281074435808527
542,45,743.0501506235053,70974,679.6706828516926,1.9281074435808527
542,40,744.7635356247924,63253,679.6706828516926,1.9281074435808527
542,35,753.421745961074,55533,679.6706828516926,1.9281074435808527
542,30,771.3373347920269,47821,679.6706828516926,1.9281074435808527
542,25,791.2777741785818,40101,679.6706828516926,1.9281074435808527
542,20,834.5530912223735,32380,679.6706828516926,1.9281074435808527
542,15,872.1413911988213,24660,679.6706828516926,1.9281074435808527
542,10,1249.710556604596,16948,679.6706828516926,1.9281074435808527
542,5,1310.47810279003,9228,679.6706828516926,1.9281074435808527
543,80,677.4330199462598,125000,677.4330199462598,2.0311644254236207
543,75,683.5073966927287,117279,677.4330199462598,2.0311644254236207
543,70,695.288205871712,109567,677.4330199462598,2.0311644254236207
543,65,704.4099447523082,101847,677.4330199462598,2.0311644254236207
543,60,706.962891491136,94126,677.4330199462598,2.0311644254236207
543,55,724.9185072417483,86406,677.4330199462598,2.0311644254236207
543,50,736.3951762468331,78694,677.4330199462598,2.0311644254236207
543,45,766.4151264349329,70974,677.4330199462598,2.0311644254236207
543,40,770.0118259545344,63253,677.4330199462598,2.0311644254236207
543,35,782.8493822205137,55533,677.4330199462598,2.0311644254236207
543,30,801.052807118805,47821,677.4330199462598,2.0311644254236207
543,25,822.0136886135397,40101,677.4330199462598,2.0311644254236207
543,20,868.7107163358723,32380,677.4330199462598,2.0311644254236207
543,15,905.1510183693516,24660,677.4330199462598,2.0311644254236207
543,10,1306.272232165875,16948,677.4330199462598,2.0311644254236207
543,5,1375.977850722133,9228,677.4330199462598,2.0311644254236207
545,80,733.2093421708066,125000,733.2093421708066,1.934220313524428
545,75,742.7787054822155,117279,733.2093421708066,1.934220313524428
545,70,753.4186635762958,109567,733.2093421708066,1.934220313524428
545,65,761.1758626628671,101847,733.2093421708066,1.934220313524428
545,60,764.7929293032239,94126,733.2093421708066,1.934220313524428
545,55,788.6793149500979,86406,733.2093421708066,1.934220313524428
545,50,806.8625478516009,78694,733.2093421708066,1.934220313524428
545,45,832.4155146621645,70974,733.2093421708066,1.934220313524428
545,40,835.5993819565286,63253,733.2093421708066,1.934220313524428
545,35,852.4460181556839,55533,733.2093421708066,1.934220313524428
545,30,865.7665565015576,47821,733.2093421708066,1.934220313524428
545,25,883.6286858177415,40101,733.2093421708066,1.934220313524428
545,20,942.1105775063058,32380,733.2093421708066,1.934220313524428
545,15,979.2739348820404,24660,733.2093421708066,1.934220313524428
545,10,1360.9060159282053,16948,733.2093421708066,1.934220313524428
545,5,1418.1884036926572,9228,733.2093421708066,1.934220313524428
546,80,744.327241123996,125000,744.327241123996,1.841065302343966
546,75,755.2890819557964,117279,744.327241123996,1.841065302343966
546,70,766.9900455037086,109567,744.327241123996,1.841065302343966
546,65,775.0709759063202,101847,744.327241123996,1.841065302343966
546,60,781.4020304908082,94126,744.327241123996,1.841065302343966
546,55,802.9942355154475,86406,744.327241123996,1.841065302343966
546,50,814.1642711609624,78694,744.327241123996,1.841065302343966
546,45,830.3526360716415,70974,744.327241123996,1.841065302343966
546,40,836.5767985143265,63253,744.327241123996,1.841065302343966
546,35,846.340734962895,55533,744.327241123996,1.841065302343966
546,30,859.0429129984902,47821,744.327241123996,1.841065302343966
546,25,882.2531866312225,40101,744.327241123996,1.841065302343966
546,20,929.8737587687376,32380,744.327241123996,1.841065302343966
546,15,968.4693425190104,24660,744.327241123996,1.841065302343966
546,10,1303.182361136198,16948,744.327241123996,1.841065302343966
546,5,1370.3550572227998,9228,744.327241123996,1.841065302343966
547,80,790.4046812606105,125000,790.4046812606105,1.741178654013834
547,75,797.8436297666038,117279,790.4046812606105,1.741178654013834
547,70,815.844326398752,109567,790.4046812606105,1.741178654013834
547,65,826.2308675790775,101847,790.4046812606105,1.741178654013834
547,60,830.0200048016449,94126,790.4046812606105,1.741178654013834
547,55,853.4337863210332,86406,790.4046812606105,1.741178654013834
547,50,861.1884237752489,78694,790.4046812606105,1.741178654013834
547,45,876.0792205944929,70974,790.4046812606105,1.741178654013834
547,40,880.010042009329,63253,790.4046812606105,1.741178654013834
547,35,884.7131471611282,55533,790.4046812606105,1.741178654013834
547,30,902.7273089602486,47821,790.4046812606105,1.741178654013834
547,25,931.1982061252525,40101,790.4046812606105,1.741178654013834
547,20,969.2434437124203,32380,790.4046812606105,1.741178654013834
547,15,1010.9923071019804,24660,790.4046812606105,1.741178654013834
547,10,1295.6434744695543,16948,790.4046812606105,1.741178654013834
547,5,1376.2357590435834,9228,790.4046812606105,1.741178654013834
548,80,794.6205920486667,125000,794.6205920486667,1.6865714189946834
548,75,803.1468384304262,117279,794.6205920486667,1.6865714189946834
548,70,829.0469288948754,109567,794.6205920486667,1.6865714189946834
548,65,841.532650665179,101847,794.6205920486667,1.6865714189946834
548,60,843.9723541443664,94126,794.6205920486667,1.6865714189946834
548,55,861.5289294443147,86406,794.6205920486667,1.6865714189946834
548,50,866.1712460210206,78694,794.6205920486667,1.6865714189946834
548,45,875.106344650633,70974,794.6205920486667,1.6865714189946834
548,40,880.7803837040846,63253,794.6205920486667,1.6865714189946834
548,35,882.8747554079893,55533,794.6205920486667,1.6865714189946834
548,30,898.7862884458281,47821,794.6205920486667,1.6865714189946834
548,25,926.3030810720984,40101,794.6205920486667,1.6865714189946834
548,20,944.5128607847976,32380,794.6205920486667,1.6865714189946834
548,15,997.0452302351378,24660,794.6205920486667,1.6865714189946834
548,10,1243.3007637885976,16948,794.6205920486667,1.6865714189946834
548,5,1340.1843794939152,9228,794.6205920486667,1.6865714189946834
549,80,851.0690565320226,125000,851.0690565320226,1.62167354452756
549,75,855.3014392217588,117279,851.0690565320226,1.62167354452756
549,70,878.9443346469758,109567,851.0690565320226,1.62167354452756
549,65,887.172531733689,101847,851.0690565320226,1.62167354452756
549,60,888.6249491187319,94126,851.0690565320226,1.62167354452756
549,55,902.829653470835,86406,851.0690565320226,1.62167354452756
549,50,904.5668005890304,78694,851.0690565320226,1.62167354452756
549,45,918.8205527950544,70974,851.0690565320226,1.62167354452756
549,40,927.6755362565044,63253,851.0690565320226,1.62167354452756
549,35,929.921476599022,55533,851.0690565320226,1.62167354452756
549,30,945.6920406744534,47821,851.0690565320226,1.62167354452756
549,25,976.7545808238708,40101,851.0690565320226,1.62167354452756
549,20,984.0406378366996,32380,851.0690565320226,1.62167354452756
549,15,1043.0494572738355,24660,851.0690565320226,1.62167354452756
549,10,1261.9101851159126,16948,851.0690565320226,1.62167354452756
549,5,1380.1561735440116,9228,851.0690565320226,1.62167354452756
550,80,903.89355824187,125000,903.89355824187,1.593069136295142
550,75,907.562785902751,117279,903.89355824187,1.593069136295142
550,70,928.4631663905668,109567,903.89355824187,1.593069136295142
550,65,935.8864606382888,101847,903.89355824187,1.593069136295142
550,60,938.6519611088912,94126,903.89355824187,1.593069136295142
550,55,953.5606039670022,86406,903.89355824187,1.593069136295142
550,50,956.2083643004428,78694,903.89355824187,1.593069136295142
550,45,971.2533491980668,70974,903.89355824187,1.593069136295142
550,40,979.9233301673854,63253,903.89355824187,1.593069136295142
550,35,983.3260546875104,55533,903.89355824187,1.593069136295142
550,30,1000.1956296923412,47821,903.89355824187,1.593069136295142
550,25,1028.2997334506508,40101,903.89355824187,1.593069136295142
550,20,1032.2740046580618,32380,903.89355824187,1.593069136295142
550,15,1101.1036621946332,24660,903.89355824187,1.593069136295142
550,10,1321.9767483244898,16948,903.89355824187,1.593069136295142
550,5,1439.9649301311188,9228,903.89355824187,1.593069136295142
551,80,903.825285995534,125000,903.825285995534,1.5958243425113154
551,75,908.5866127666578,117279,903.825285995534,1.5958243425113154
551,70,922.985378874251,109567,903.825285995534,1.5958243425113154
551,65,930.8428421232778,101847,903.825285995534,1.5958243425113154
551,60,937.2443279973144,94126,903.825285995534,1.5958243425113154
551,55,953.4608394651356,86406,903.825285995534,1.5958243425113154
551,50,957.018406505456,78694,903.825285995534,1.5958243425113154
551,45,969.216553501226,70974,903.825285995534,1.5958243425113154
551,40,979.4294132330826,63253,903.825285995534,1.5958243425113154
551,35,984.6567804434048,55533,903.825285995534,1.5958243425113154
551,30,1001.1148808980316,47821,903.825285995534,1.5958243425113154
551,25,1026.7010183435614,40101,903.825285995534,1.5958243425113154
551,20,1033.1821736853915,32380,903.825285995534,1.5958243425113154
551,15,1116.51162774547,24660,903.825285995534,1.5958243425113154
551,10,1332.8896995144555,16948,903.825285995534,1.5958243425113154
551,5,1442.3463927689245,9228,903.825285995534,1.5958243425113154
552,80,954.1777485239514,125000,954.1777485239514,1.5892424682312247
552,75,961.2798858572908,117279,954.1777485239514,1.5892424682312247
552,70,973.974003325807,109567,954.1777485239514,1.5892424682312247
552,65,984.643738170038,101847,954.1777485239514,1.5892424682312247
552,60,1000.1125993434566,94126,954.1777485239514,1.5892424682312247
552,55,1012.097169116369,86406,954.1777485239514,1.5892424682312247
552,50,1016.2057395546734,78694,954.1777485239514,1.5892424682312247
552,45,1027.185512834144,70974,954.1777485239514,1.5892424682312247
552,40,1036.790314932781,63253,954.1777485239514,1.5892424682312247
552,35,1045.7411846812413,55533,954.1777485239514,1.5892424682312247
552,30,1061.8465800925171,47821,954.1777485239514,1.5892424682312247
552,25,1086.8804490697107,40101,954.1777485239514,1.5892424682312247
552,20,1104.028718080172,32380,954.1777485239514,1.5892424682312247
552,15,1208.9966243669735,24660,954.1777485239514,1.5892424682312247
552,10,1414.7799866822909,16948,954.1777485239514,1.5892424682312247
552,5,1516.4198001955174,9228,954.1777485239514,1.5892424682312247
553,80,919.476367308008,125000,919.476367308008,1.6308085479680994
553,75,931.064626519642,117279,919.476367308008,1.6308085479680994
553,70,944.1440342355723,109567,919.476367308008,1.6308085479680994
553,65,954.1637107594324,101847,919.476367308008,1.6308085479680994
553,60,977.7848545841248,94126,919.476367308008,1.6308085479680994
553,55,983.5799392182968,86406,919.476367308008,1.6308085479680994
553,50,995.5587601454948,78694,919.476367308008,1.6308085479680994
553,45,1005.1526946040912,70974,919.476367308008,1.6308085479680994
553,40,1012.1898964997048,63253,919.476367308008,1.6308085479680994
553,35,1019.3575084551268,55533,919.476367308008,1.6308085479680994
553,30,1031.2862294031872,47821,919.476367308008,1.6308085479680994
553,25,1063.3085226210771,40101,919.476367308008,1.6308085479680994
553,20,1085.5909802916674,32380,919.476367308008,1.6308085479680994
553,15,1224.841658691006,24660,919.476367308008,1.6308085479680994
553,10,1404.6171995726918,16948,919.476367308008,1.6308085479680994
553,5,1499.4899194605553,9228,919.476367308008,1.6308085479680994
556,80,519.5856600686263,125000,519.5856600686263,2.603168341882058
556,75,533.8405209953227,117279,519.5856600686263,2.603168341882058
556,70,540.1543324681528,109567,519.5856600686263,2.603168341882058
556,65,560.0547058490247,101847,519.5856600686263,2.603168341882058
556,60,583.7776742870972,94126,519.5856600686263,2.603168341882058
556,55,602.7841565483814,86406,519.5856600686263,2.603168341882058
556,50,641.5676087300398,78694,519.5856600686263,2.603168341882058
556,45,672.5064272845142,70974,519.5856600686263,2.603168341882058
556,40,683.9850055861851,63253,519.5856600686263,2.603168341882058
556,35,732.3299499350333,55533,519.5856600686263,2.603168341882058
556,30,753.0270902265028,47821,519.5856600686263,2.603168341882058
556,25,785.3562655370454,40101,519.5856600686263,2.603168341882058
556,20,822.9233907846857,32380,519.5856600686263,2.603168341882058
556,15,1036.696507979472,24660,519.5856600686263,2.603168341882058
556,10,1238.9892607740962,16948,519.5856600686263,2.603168341882058
556,5,1352.5689411865403,9228,519.5856600686263,2.603168341882058
558,80,815.7297025098568,125000,815.7297025098568,2.282405936562653
558,75,835.874695958532,117279,815.7297025098568,2.282405936562653
558,70,857.988105082327,109567,815.7297025098568,2.282405936562653
558,65,877.0146717772901,101847,815.7297025098568,2.282405936562653
558,60,893.5493542448708,94126,815.7297025098568,2.282405936562653
558,55,907.5412959455502,86406,815.7297025098568,2.282405936562653
558,50,966.3673869243054,78694,815.7297025098568,2.282405936562653
558,45,1032.2284463662882,70974,815.7297025098568,2.282405936562653
558,40,1038.538181394295,63253,815.7297025098568,2.282405936562653
558,35,1063.9899898785477,55533,815.7297025098568,2.282405936562653
558,30,1090.2598459044516,47821,815.7297025098568,2.282405936562653
558,25,1159.3238642126976,40101,815.7297025098568,2.282405936562653
558,20,1263.5894023210749,32380,815.7297025098568,2.282405936562653
558,15,1523.4881653583634,24660,815.7297025098568,2.282405936562653
558,10,1665.5241156868458,16948,815.7297025098568,2.282405936562653
558,5,1861.826315638984,9228,815.7297025098568,2.282405936562653
559,80,890.6282855757136,125000,890.6282855757136,2.0798596948919275
559,75,906.452711496157,117279,890.6282855757136,2.0798596948919275
559,70,918.9907242011938,109567,890.6282855757136,2.0798596948919275
559,65,930.080690257383,101847,890.6282855757136,2.0798596948919275
559,60,946.523029115357,94126,890.6282855757136,2.0798596948919275
559,55,955.4476919166332,86406,890.6282855757136,2.0798596948919275
559,50,1001.9167766206222,78694,890.6282855757136,2.0798596948919275
559,45,1053.5042101496535,70974,890.6282855757136,2.0798596948919275
559,40,1057.1522534136082,63253,890.6282855757136,2.0798596948919275
559,35,1069.763440819162,55533,890.6282855757136,2.0798596948919275
559,30,1093.4862079134766,47821,890.6282855757136,2.0798596948919275
559,25,1146.3866559414514,40101,890.6282855757136,2.0798596948919275
559,20,1233.4509223504915,32380,890.6282855757136,2.0798596948919275
559,15,1458.224865135759,24660,890.6282855757136,2.0798596948919275
559,10,1603.9346279199035,16948,890.6282855757136,2.0798596948919275
559,5,1852.381874299624,9228,890.6282855757136,2.0798596948919275
560,80,967.0708186247272,125000,967.0708186247272,1.8889062495273523
560,75,974.5118221960162,117279,967.0708186247272,1.8889062495273523
560,70,985.180764484424,109567,967.0708186247272,1.8889062495273523
560,65,1012.3179057462424,101847,967.0708186247272,1.8889062495273523
560,60,1022.5780242776258,94126,967.0708186247272,1.8889062495273523
560,55,1043.6647079674983,86406,967.0708186247272,1.8889062495273523
560,50,1073.2290336008318,78694,967.0708186247272,1.8889062495273523
560,45,1134.4167201075536,70974,967.0708186247272,1.8889062495273523
560,40,1143.561924141031,63253,967.0708186247272,1.8889062495273523
560,35,1157.15193565958,55533,967.0708186247272,1.8889062495273523
560,30,1171.4534724469274,47821,967.0708186247272,1.8889062495273523
560,25,1204.338317172746,40101,967.0708186247272,1.8889062495273523
560,20,1307.625546979451,32380,967.0708186247272,1.8889062495273523
560,15,1471.621863418654,24660,967.0708186247272,1.8889062495273523
560,10,1586.5551759713344,16948,967.0708186247272,1.8889062495273523
560,5,1826.70611303578,9228,967.0708186247272,1.8889062495273523
561,80,974.6477529546572,125000,974.6477529546572,1.8288487334615635
561,75,980.0543306982296,117279,974.6477529546572,1.8288487334615635
561,70,986.2254514622258,109567,974.6477529546572,1.8288487334615635
561,65,1010.3038776763628,101847,974.6477529546572,1.8288487334615635
561,60,1018.086663239056,94126,974.6477529546572,1.8288487334615635
561,55,1038.282566073536,86406,974.6477529546572,1.8288487334615635
561,50,1068.1364200834705,78694,974.6477529546572,1.8288487334615635
561,45,1121.9627510226169,70974,974.6477529546572,1.8288487334615635
561,40,1137.3155808727852,63253,974.6477529546572,1.8288487334615635
561,35,1158.2244393618823,55533,974.6477529546572,1.8288487334615635
561,30,1167.5370161831136,47821,974.6477529546572,1.8288487334615635
561,25,1206.5975684280315,40101,974.6477529546572,1.8288487334615635
561,20,1281.2787339689442,32380,974.6477529546572,1.8288487334615635
561,15,1460.5227669385138,24660,974.6477529546572,1.8288487334615635
561,10,1554.3519457335922,16948,974.6477529546572,1.8288487334615635
561,5,1782.4833085622838,9228,974.6477529546572,1.8288487334615635
562,80,938.7253289494082,125000,938.7253289494082,1.825331531636108
562,75,949.370143182938,117279,938.7253289494082,1.825331531636108
562,70,959.6574618948852,109567,938.7253289494082,1.825331531636108
562,65,981.5390748890334,101847,938.7253289494082,1.825331531636108
562,60,998.1502238055284,94126,938.7253289494082,1.825331531636108
562,55,1006.8490216889438,86406,938.7253289494082,1.825331531636108
562,50,1037.174118641457,78694,938.7253289494082,1.825331531636108
562,45,1096.858329399454,70974,938.7253289494082,1.825331531636108
562,40,1115.9991024707124,63253,938.7253289494082,1.825331531636108
562,35,1135.5036029638372,55533,938.7253289494082,1.825331531636108
562,30,1142.60757512009,47821,938.7253289494082,1.825331531636108
562,25,1176.071804767667,40101,938.7253289494082,1.825331531636108
562,20,1252.8587821970627,32380,938.7253289494082,1.825331531636108
562,15,1419.3082117397796,24660,938.7253289494082,1.825331531636108
562,10,1499.213465870644,16948,938.7253289494082,1.825331531636108
562,5,1713.4849424768329,9228,938.7253289494082,1.825331531636108
563,80,900.5953078043042,125000,900.5953078043042,1.8792584878086265
563,75,908.545009530119,117279,900.5953078043042,1.8792584878086265
563,70,923.9776845425672,109567,900.5953078043042,1.8792584878086265
563,65,949.6292563886796,101847,900.5953078043042,1.8792584878086265
563,60,977.74011612666,94126,900.5953078043042,1.8792584878086265
563,55,980.9647961624104,86406,900.5953078043042,1.8792584878086265
563,50,1029.8353057985707,78694,900.5953078043042,1.8792584878086265
563,45,1084.167563452016,70974,900.5953078043042,1.8792584878086265
563,40,1103.0440617909258,63253,900.5953078043042,1.8792584878086265
563,35,1124.2714681257355,55533,900.5953078043042,1.8792584878086265
563,30,1132.4989101285046,47821,900.5953078043042,1.8792584878086265
563,25,1169.539348913034,40101,900.5953078043042,1.8792584878086265
563,20,1255.117071146809,32380,900.5953078043042,1.8792584878086265
563,15,1435.8339989894082,24660,900.5953078043042,1.8792584878086265
563,10,1498.122461013916,16948,900.5953078043042,1.8792584878086265
563,5,1692.4513762718611,9228,900.5953078043042,1.8792584878086265
564,80,854.6977730264081,125000,854.6977730264081,1.9441741847883909
564,75,861.5308015912415,117279,854.6977730264081,1.9441741847883909
564,70,885.3522858843265,109567,854.6977730264081,1.9441741847883909
564,65,914.7769516745852,101847,854.6977730264081,1.9441741847883909
564,60,949.9163883727854,94126,854.6977730264081,1.9441741847883909
564,55,955.2710691724942,86406,854.6977730264081,1.9441741847883909
564,50,1019.7719252533092,78694,854.6977730264081,1.9441741847883909
564,45,1063.6131453745943,70974,854.6977730264081,1.9441741847883909
564,40,1083.9691145313795,63253,854.6977730264081,1.9441741847883909
564,35,1100.1516008353422,55533,854.6977730264081,1.9441741847883909
564,30,1113.4254522555862,47821,854.6977730264081,1.9441741847883909
564,25,1156.44501294361,40101,854.6977730264081,1.9441741847883909
564,20,1258.798838870089,32380,854.6977730264081,1.9441741847883909
564,15,1426.873050340099,24660,854.6977730264081,1.9441741847883909
564,10,1477.302384605706,16948,854.6977730264081,1.9441741847883909
564,5,1661.6813461140698,9228,854.6977730264081,1.9441741847883909
565,80,818.6107566289696,125000,818.6107566289696,2.007574450501277
565,75,827.0032451053391,117279,818.6107566289696,2.007574450501277
565,70,857.3357963862474,109567,818.6107566289696,2.007574450501277
565,65,899.937806468903,101847,818.6107566289696,2.007574450501277
565,60,929.4424376820195,94126,818.6107566289696,2.007574450501277
565,55,939.328362774992,86406,818.6107566289696,2.007574450501277
565,50,1011.387676983378,78694,818.6107566289696,2.007574450501277
565,45,1055.0711432478995,70974,818.6107566289696,2.007574450501277
565,40,1077.827362470544,63253,818.6107566289696,2.007574450501277
565,35,1091.3694336529431,55533,818.6107566289696,2.007574450501277
565,30,1106.944357881222,47821,818.6107566289696,2.007574450501277
565,25,1144.976171931041,40101,818.6107566289696,2.007574450501277
565,20,1248.504496715857,32380,818.6107566289696,2.007574450501277
565,15,1424.3011341253966,24660,818.6107566289696,2.007574450501277
565,10,1462.083415367673,16948,818.6107566289696,2.007574450501277
565,5,1643.4220399138385,9228,818.6107566289696,2.007574450501277
566,80,774.1244018720338,125000,774.1244018720338,2.0984159519169205
566,75,784.804193999075,117279,774.1244018720338,2.0984159519169205
566,70,817.0850640482835,109567,774.1244018720338,2.0984159519169205
566,65,873.6364472692061,101847,774.1244018720338,2.0984159519169205
566,60,903.2700457211524,94126,774.1244018720338,2.0984159519169205
566,55,918.1172237182752,86406,774.1244018720338,2.0984159519169205
566,50,986.6869374818796,78694,774.1244018720338,2.0984159519169205
566,45,1036.8622250973713,70974,774.1244018720338,2.0984159519169205
566,40,1060.5937043400772,63253,774.1244018720338,2.0984159519169205
566,35,1072.1781435746743,55533,774.1244018720338,2.0984159519169205
566,30,1096.591622344475,47821,774.1244018720338,2.0984159519169205
566,25,1129.3833267904913,40101,774.1244018720338,2.0984159519169205
566,20,1246.3535071398258,32380,774.1244018720338,2.0984159519169205
566,15,1407.10626886706,24660,774.1244018720338,2.0984159519169205
566,10,1440.907252157505,16948,774.1244018720338,2.0984159519169205
566,5,1624.4349936564206,9228,774.1244018720338,2.0984159519169205
568,80,724.5631599869496,125000,724.5631599869496,2.1918830173149404
568,75,734.94061534569,117279,724.5631599869496,2.1918830173149404
568,70,766.0244340753142,109567,724.5631599869496,2.1918830173149404
568,65,824.3082850482194,101847,724.5631599869496,2.1918830173149404
568,60,851.8314988370248,94126,724.5631599869496,2.1918830173149404
568,55,869.2140083705267,86406,724.5631599869496,2.1918830173149404
568,50,922.5087652426636,78694,724.5631599869496,2.1918830173149404
568,45,978.1178512602528,70974,724.5631599869496,2.1918830173149404
568,40,1005.9007566414188,63253,724.5631599869496,2.1918830173149404
568,35,1017.603987963873,55533,724.5631599869496,2.1918830173149404
568,30,1054.886954278265,47821,724.5631599869496,2.1918830173149404
568,25,1088.3101481149436,40101,724.5631599869496,2.1918830173149404
568,20,1201.8948269236082,32380,724.5631599869496,2.1918830173149404
568,15,1338.9896762684996,24660,724.5631599869496,2.1918830173149404
568,10,1387.040030692112,16948,724.5631599869496,2.1918830173149404
568,5,1588.1576853474428,9228,724.5631599869496,2.1918830173149404
569,80,747.6280514285959,125000,747.6280514285959,2.0988370742515654
569,75,757.87496653863,117279,747.6280514285959,2.0988370742515654
569,70,781.2574092255385,109567,747.6280514285959,2.0988370742515654
569,65,831.509785856962,101847,747.6280514285959,2.0988370742515654
569,60,851.9716337103364,94126,747.6280514285959,2.0988370742515654
569,55,870.403961998421,86406,747.6280514285959,2.0988370742515654
569,50,912.1705308868868,78694,747.6280514285959,2.0988370742515654
569,45,962.87606746044,70974,747.6280514285959,2.0988370742515654
569,40,992.0129710387512,63253,747.6280514285959,2.0988370742515654
569,35,1003.0302028776698,55533,747.6280514285959,2.0988370742515654
569,30,1045.642199030739,47821,747.6280514285959,2.0988370742515654
569,25,1079.5939783224094,40101,747.6280514285959,2.0988370742515654
569,20,1187.3610244624972,32380,747.6280514285959,2.0988370742515654
569,15,1314.057453391733,24660,747.6280514285959,2.0988370742515654
569,10,1363.415563539122,16948,747.6280514285959,2.0988370742515654
569,5,1569.1494720887931,9228,747.6280514285959,2.0988370742515654
570,80,740.2552172421798,125000,740.2552172421798,2.099461709838871
570,75,747.9467408870373,117279,740.2552172421798,2.099461709838871
570,70,767.6205956080881,109567,740.2552172421798,2.099461709838871
570,65,810.8979799271244,101847,740.2552172421798,2.099461709838871
570,60,829.1176605390202,94126,740.2552172421798,2.099461709838871
570,55,845.2887029136924,86406,740.2552172421798,2.099461709838871
570,50,885.3641546794026,78694,740.2552172421798,2.099461709838871
570,45,933.2319966555503,70974,740.2552172421798,2.099461709838871
570,40,961.176353926055,63253,740.2552172421798,2.099461709838871
570,35,975.0601523383888,55533,740.2552172421798,2.099461709838871
570,30,1022.6119364765448,47821,740.2552172421798,2.099461709838871
570,25,1059.9625465386562,40101,740.2552172421798,2.099461709838871
570,20,1157.3046086648908,32380,740.2552172421798,2.099461709838871
570,15,1285.78775275034,24660,740.2552172421798,2.099461709838871
570,10,1337.4482115193232,16948,740.2552172421798,2.099461709838871
570,5,1554.137484108412,9228,740.2552172421798,2.099461709838871
571,80,726.9339700740136,125000,726.9339700740136,2.121816335283977
571,75,733.9753686746154,117279,726.9339700740136,2.121816335283977
571,70,747.4358041262822,109567,726.9339700740136,2.121816335283977
571,65,781.9835725502115,101847,726.9339700740136,2.121816335283977
571,60,798.5644524309762,94126,726.9339700740136,2.121816335283977
571,55,813.4940249538216,86406,726.9339700740136,2.121816335283977
571,50,849.8449455925735,78694,726.9339700740136,2.121816335283977
571,45,896.5673637847613,70974,726.9339700740136,2.121816335283977
571,40,923.0710735909372,63253,726.9339700740136,2.121816335283977
571,35,941.9620871606256,55533,726.9339700740136,2.121816335283977
571,30,994.7951967514756,47821,726.9339700740136,2.121816335283977
571,25,1037.1979087168102,40101,726.9339700740136,2.121816335283977
571,20,1121.4100886808626,32380,726.9339700740136,2.121816335283977
571,15,1251.5729812879476,24660,726.9339700740136,2.121816335283977
571,10,1308.809494218747,16948,726.9339700740136,2.121816335283977
571,5,1542.4203723758758,9228,726.9339700740136,2.121816335283977
572,80,694.4442879475164,125000,694.4442879475164,2.22169060043122
572,75,703.0379139331941,117279,694.4442879475164,2.22169060043122
572,70,713.3954586406934,109567,694.4442879475164,2.22169060043122
572,65,740.9841504076096,101847,694.4442879475164,2.22169060043122
572,60,759.1108633518768,94126,694.4442879475164,2.22169060043122
572,55,773.8883052252181,86406,694.4442879475164,2.22169060043122
572,50,804.5310376693594,78694,694.4442879475164,2.22169060043122
572,45,851.161714209316,70974,694.4442879475164,2.22169060043122
572,40,887.2684618829442,63253,694.4442879475164,2.22169060043122
572,35,913.67924764219,55533,694.4442879475164,2.22169060043122
572,30,968.013199299968,47821,694.4442879475164,2.22169060043122
572,25,1021.5710651581148,40101,694.4442879475164,2.22169060043122
572,20,1098.2310578227089,32380,694.4442879475164,2.22169060043122
572,15,1243.6140344066937,24660,694.4442879475164,2.22169060043122
572,10,1294.735972258107,16948,694.4442879475164,2.22169060043122
572,5,1542.8403470561484,9228,694.4442879475164,2.22169060043122
573,80,682.6271249375679,125000,682.6271249375679,2.306752669933299
573,75,690.3331896276883,117279,682.6271249375679,2.306752669933299
573,70,705.8592730588874,109567,682.6271249375679,2.306752669933299
573,65,729.8215368177174,101847,682.6271249375679,2.306752669933299
573,60,746.3821991495925,94126,682.6271249375679,2.306752669933299
573,55,763.1591032354711,86406,682.6271249375679,2.306752669933299
573,50,788.9843998239172,78694,682.6271249375679,2.306752669933299
573,45,837.4058488779336,70974,682.6271249375679,2.306752669933299
573,40,881.9801925622808,63253,682.6271249375679,2.306752669933299
573,35,910.5671124087144,55533,682.6271249375679,2.306752669933299
573,30,977.7018343011764,47821,682.6271249375679,2.306752669933299
573,25,1041.593858819713,40101,682.6271249375679,2.306752669933299
573,20,1114.7328660314015,32380,682.6271249375679,2.306752669933299
573,15,1263.8033362214044,24660,682.6271249375679,2.306752669933299
573,10,1309.803920570146,16948,682.6271249375679,2.306752669933299
573,5,1574.6519430186263,9228,682.6271249375679,2.306752669933299
574,80,748.1996569565987,125000,748.1996569565987,2.2012998887115165
574,75,757.6172948480903,117279,748.1996569565987,2.2012998887115165
574,70,780.3899242895718,109567,748.1996569565987,2.2012998887115165
574,65,801.0859036634938,101847,748.1996569565987,2.2012998887115165
574,60,814.0168962102908,94126,748.1996569565987,2.2012998887115165
574,55,823.2311456881101,86406,748.1996569565987,2.2012998887115165
574,50,836.1763318705783,78694,748.1996569565987,2.2012998887115165
574,45,892.239189774708,70974,748.1996569565987,2.2012998887115165
574,40,924.7028133465072,63253,748.1996569565987,2.2012998887115165
574,35,959.239664968464,55533,748.1996569565987,2.2012998887115165
574,30,1021.1487211983756,47821,748.1996569565987,2.2012998887115165
574,25,1079.3633227725477,40101,748.1996569565987,2.2012998887115165
574,20,1148.7042059716712,32380,748.1996569565987,2.2012998887115165
574,15,1307.634994023687,24660,748.1996569565987,2.2012998887115165
574,10,1380.9209600090412,16948,748.1996569565987,2.2012998887115165
574,5,1647.0118215925556,9228,748.1996569565987,2.2012998887115165
575,80,762.0404864034034,125000,762.0404864034034,2.243531702582331
575,75,775.0973146841098,117279,762.0404864034034,2.243531702582331
575,70,789.6552716047386,109567,762.0404864034034,2.243531702582331
575,65,800.7866958207185,101847,762.0404864034034,2.243531702582331
575,60,814.6807171738927,94126,762.0404864034034,2.243531702582331
575,55,818.9038321455185,86406,762.0404864034034,2.243531702582331
575,50,832.8906653854999,78694,762.0404864034034,2.243531702582331
575,45,889.2214642578678,70974,762.0404864034034,2.243531702582331
575,40,914.6579440758616,63253,762.0404864034034,2.243531702582331
575,35,976.0226007580624,55533,762.0404864034034,2.243531702582331
575,30,1042.1469937991187,47821,762.0404864034034,2.243531702582331
575,25,1107.3589662508982,40101,762.0404864034034,2.243531702582331
575,20,1178.164060259854,32380,762.0404864034034,2.243531702582331
575,15,1344.518388382869,24660,762.0404864034034,2.243531702582331
575,10,1479.2616346070402,16948,762.0404864034034,2.243531702582331
575,5,1709.6619898972951,9228,762.0404864034034,2.243531702582331
576,80,737.6064186627749,125000,737.6064186627749,2.32800266571616
576,75,748.4151615720557,117279,737.6064186627749,2.32800266571616
576,70,768.9802071816126,109567,737.6064186627749,2.32800266571616
576,65,781.1122682669961,101847,737.6064186627749,2.32800266571616
576,60,805.2722124586782,94126,737.6064186627749,2.32800266571616
576,55,812.6902762740657,86406,737.6064186627749,2.32800266571616
576,50,829.5740207029601,78694,737.6064186627749,2.32800266571616
576,45,880.2427606989324,70974,737.6064186627749,2.32800266571616
576,40,903.6848870107996,63253,737.6064186627749,2.32800266571616
576,35,962.0578153925122,55533,737.6064186627749,2.32800266571616
576,30,1025.8797313837208,47821,737.6064186627749,2.32800266571616
576,25,1109.8819632604234,40101,737.6064186627749,2.32800266571616
576,20,1153.0653039597316,32380,737.6064186627749,2.32800266571616
576,15,1337.4900794967834,24660,737.6064186627749,2.32800266571616
576,10,1505.285508821516,16948,737.6064186627749,2.32800266571616
576,5,1717.14970889629,9228,737.6064186627749,2.32800266571616
577,80,712.2086941849875,125000,712.2086941849875,2.3903993031276976
577,75,723.1164269103901,117279,712.2086941849875,2.3903993031276976
577,70,746.4924932278532,109567,712.2086941849875,2.3903993031276976
577,65,756.8106717798585,101847,712.2086941849875,2.3903993031276976
577,60,777.9894291425344,94126,712.2086941849875,2.3903993031276976
577,55,785.6911008046254,86406,712.2086941849875,2.3903993031276976
577,50,802.3249495043043,78694,712.2086941849875,2.3903993031276976
577,45,843.654952574687,70974,712.2086941849875,2.3903993031276976
577,40,864.6440826200123,63253,712.2086941849875,2.3903993031276976
577,35,922.5208958169358,55533,712.2086941849875,2.3903993031276976
577,30,995.1391886454852,47821,712.2086941849875,2.3903993031276976
577,25,1074.4839362185314,40101,712.2086941849875,2.3903993031276976
577,20,1124.1171260584767,32380,712.2086941849875,2.3903993031276976
577,15,1265.446106444247,24660,712.2086941849875,2.3903993031276976
577,10,1475.6966546705285,16948,712.2086941849875,2.3903993031276976
577,5,1702.4631662612817,9228,712.2086941849875,2.3903993031276976
578,80,653.6969481273087,125000,653.6969481273087,2.571314892963394
578,75,662.5223437513239,117279,653.6969481273087,2.571314892963394
578,70,683.33090653814,109567,653.6969481273087,2.571314892963394
578,65,694.275910016156,101847,653.6969481273087,2.571314892963394
578,60,712.7248960910011,94126,653.6969481273087,2.571314892963394
578,55,723.5901470678389,86406,653.6969481273087,2.571314892963394
578,50,736.2297097059676,78694,653.6969481273087,2.571314892963394
578,45,777.9018640564612,70974,653.6969481273087,2.571314892963394
578,40,794.5229105102679,63253,653.6969481273087,2.571314892963394
578,35,851.0514879275152,55533,653.6969481273087,2.571314892963394
578,30,923.6495511094984,47821,653.6969481273087,2.571314892963394
578,25,989.5184181132008,40101,653.6969481273087,2.571314892963394
578,20,1041.5847014799604,32380,653.6969481273087,2.571314892963394
578,15,1172.9887960218723,24660,653.6969481273087,2.571314892963394
578,10,1445.0008912034652,16948,653.6969481273087,2.571314892963394
578,5,1680.860698204468,9228,653.6969481273087,2.571314892963394
579,80,621.1953849429495,125000,621.1953849429495,2.6532501374046995
579,75,629.8791734893043,117279,621.1953849429495,2.6532501374046995
579,70,655.6293688005761,109567,621.1953849429495,2.6532501374046995
579,65,667.833759476871,101847,621.1953849429495,2.6532501374046995
579,60,690.7177039013201,94126,621.1953849429495,2.6532501374046995
579,55,701.7216230372711,86406,621.1953849429495,2.6532501374046995
579,50,708.2025194751502,78694,621.1953849429495,2.6532501374046995
579,45,758.6885330369362,70974,621.1953849429495,2.6532501374046995
579,40,776.5455142339523,63253,621.1953849429495,2.6532501374046995
579,35,822.69160201031,55533,621.1953849429495,2.6532501374046995
579,30,904.7615952423336,47821,621.1953849429495,2.6532501374046995
579,25,965.3535656525823,40101,621.1953849429495,2.6532501374046995
579,20,1013.7019679454552,32380,621.1953849429495,2.6532501374046995
579,15,1134.8389428728417,24660,621.1953849429495,2.6532501374046995
579,10,1409.8701371696848,16948,621.1953849429495,2.6532501374046995
579,5,1648.186740455046,9228,621.1953849429495,2.6532501374046995
580,80,650.4651120285448,125000,650.4651120285448,2.582957416013667
580,75,667.7922596254856,117279,650.4651120285448,2.582957416013667
580,70,705.0049215706205,109567,650.4651120285448,2.582957416013667
580,65,725.5292756644271,101847,650.4651120285448,2.582957416013667
580,60,749.6534239371775,94126,650.4651120285448,2.582957416013667
580,55,764.4867765052595,86406,650.4651120285448,2.582957416013667
580,50,766.0969947090199,78694,650.4651120285448,2.582957416013667
580,45,821.7798689473221,70974,650.4651120285448,2.582957416013667
580,40,849.7502243462418,63253,650.4651120285448,2.582957416013667
580,35,907.4109817936442,55533,650.4651120285448,2.582957416013667
580,30,1014.9786798449508,47821,650.4651120285448,2.582957416013667
580,25,1074.2732288142677,40101,650.4651120285448,2.582957416013667
580,20,1135.120186751903,32380,650.4651120285448,2.582957416013667
580,15,1231.9664884372105,24660,650.4651120285448,2.582957416013667
580,10,1453.3849784223746,16948,650.4651120285448,2.582957416013667
580,5,1680.123684972291,9228,650.4651120285448,2.582957416013667
583,80,708.7925551261895,125000,708.7925551261895,2.4227332387595184
583,75,731.8571782705686,117279,708.7925551261895,2.4227332387595184
583,70,764.483927867345,109567,708.7925551261895,2.4227332387595184
583,65,778.6435950837911,101847,708.7925551261895,2.4227332387595184
583,60,812.7904605659992,94126,708.7925551261895,2.4227332387595184
583,55,826.7307764460445,86406,708.7925551261895,2.4227332387595184
583,50,836.5208284597267,78694,708.7925551261895,2.4227332387595184
583,45,896.1678817386164,70974,708.7925551261895,2.4227332387595184
583,40,954.1443761072962,63253,708.7925551261895,2.4227332387595184
583,35,1024.5824379319529,55533,708.7925551261895,2.4227332387595184
583,30,1150.398931889681,47821,708.7925551261895,2.4227332387595184
583,25,1207.425359356382,40101,708.7925551261895,2.4227332387595184
583,20,1255.1127255270012,32380,708.7925551261895,2.4227332387595184
583,15,1377.3924906427362,24660,708.7925551261895,2.4227332387595184
583,10,1468.4819131370982,16948,708.7925551261895,2.4227332387595184
583,5,1717.2152826895078,9228,708.7925551261895,2.4227332387595184
584,80,861.8049770966112,125000,861.8049770966112,2.0180914212828456
584,75,888.2698731363453,117279,861.8049770966112,2.0180914212828456
584,70,916.7357427538144,109567,861.8049770966112,2.0180914212828456
584,65,923.395062616038,101847,861.8049770966112,2.0180914212828456
584,60,967.8603717033202,94126,861.8049770966112,2.0180914212828456
584,55,972.3271383230816,86406,861.8049770966112,2.0180914212828456
584,50,977.6252379435732,78694,861.8049770966112,2.0180914212828456
584,45,1019.9129290302,70974,861.8049770966112,2.0180914212828456
584,40,1064.488083079942,63253,861.8049770966112,2.0180914212828456
584,35,1132.1336513691797,55533,861.8049770966112,2.0180914212828456
584,30,1244.6365176838344,47821,861.8049770966112,2.0180914212828456
584,25,1304.469783195122,40101,861.8049770966112,2.0180914212828456
584,20,1349.5889476055693,32380,861.8049770966112,2.0180914212828456
584,15,1465.5765501783874,24660,861.8049770966112,2.0180914212828456
584,10,1536.8068920891233,16948,861.8049770966112,2.0180914212828456
584,5,1739.2012310975304,9228,861.8049770966112,2.0180914212828456
585,80,902.5294760094896,125000,902.5294760094896,1.9059239936437635
585,75,925.93972199928,117279,902.5294760094896,1.9059239936437635
585,70,951.1417650194248,109567,902.5294760094896,1.9059239936437635
585,65,964.4208740026288,101847,902.5294760094896,1.9059239936437635
585,60,999.103934439766,94126,902.5294760094896,1.9059239936437635
585,55,1009.1986875221772,86406,902.5294760094896,1.9059239936437635
585,50,1013.7079330434888,78694,902.5294760094896,1.9059239936437635
585,45,1067.558499666082,70974,902.5294760094896,1.9059239936437635
585,40,1108.907343337364,63253,902.5294760094896,1.9059239936437635
585,35,1161.5149552967048,55533,902.5294760094896,1.9059239936437635
585,30,1256.0208415945026,47821,902.5294760094896,1.9059239936437635
585,25,1317.3007852292988,40101,902.5294760094896,1.9059239936437635
585,20,1355.020157120059,32380,902.5294760094896,1.9059239936437635
585,15,1456.4903745638012,24660,902.5294760094896,1.9059239936437635
585,10,1527.078566076281,16948,902.5294760094896,1.9059239936437635
585,5,1720.1525832972195,9228,902.5294760094896,1.9059239936437635
586,80,903.7551284787562,125000,903.7551284787562,1.8692167299778208
586,75,924.8125655874512,117279,903.7551284787562,1.8692167299778208
586,70,942.2769042186468,109567,903.7551284787562,1.8692167299778208
586,65,960.0864752177666,101847,903.7551284787562,1.8692167299778208
586,60,985.7130271690804,94126,903.7551284787562,1.8692167299778208
586,55,1001.2888582963058,86406,903.7551284787562,1.8692167299778208
586,50,1006.1419517428836,78694,903.7551284787562,1.8692167299778208
586,45,1071.979973064684,70974,903.7551284787562,1.8692167299778208
586,40,1106.8822744279712,63253,903.7551284787562,1.8692167299778208
586,35,1153.7784148823223,55533,903.7551284787562,1.8692167299778208
586,30,1249.1309310682154,47821,903.7551284787562,1.8692167299778208
586,25,1314.725853261718,40101,903.7551284787562,1.8692167299778208
586,20,1350.960063040266,32380,903.7551284787562,1.8692167299778208
586,15,1433.978534349132,24660,903.7551284787562,1.8692167299778208
586,10,1495.6882996716065,16948,903.7551284787562,1.8692167299778208
586,5,1689.3142059557458,9228,903.7551284787562,1.8692167299778208
587,80,929.3044190936156,125000,929.3044190936156,1.808552481834584
587,75,949.984677556796,117279,929.3044190936156,1.808552481834584
587,70,964.784788016132,109567,929.3044190936156,1.808552481834584
587,65,983.8956301615284,101847,929.3044190936156,1.808552481834584
587,60,1000.2576291104932,94126,929.3044190936156,1.808552481834584
587,55,1016.9866112111928,86406,929.3044190936156,1.808552481834584
587,50,1024.3419788589556,78694,929.3044190936156,1.808552481834584
587,45,1081.5403167733932,70974,929.3044190936156,1.808552481834584
587,40,1113.9235664583396,63253,929.3044190936156,1.808552481834584
587,35,1146.1672218426634,55533,929.3044190936156,1.808552481834584
587,30,1237.404779733051,47821,929.3044190936156,1.808552481834584
587,25,1309.3123369968807,40101,929.3044190936156,1.808552481834584
587,20,1354.6365723140937,32380,929.3044190936156,1.808552481834584
587,15,1429.7917858804765,24660,929.3044190936156,1.808552481834584
587,10,1484.844704416757,16948,929.3044190936156,1.808552481834584
587,5,1680.6958135316047,9228,929.3044190936156,1.808552481834584
588,80,976.7449323978994,125000,976.7449323978994,1.739015448365757
588,75,993.8138020244252,117279,976.7449323978994,1.739015448365757
588,70,1007.8829871234174,109567,976.7449323978994,1.739015448365757
588,65,1026.408854384484,101847,976.7449323978994,1.739015448365757
588,60,1043.1868313171954,94126,976.7449323978994,1.739015448365757
588,55,1055.8121087330685,86406,976.7449323978994,1.739015448365757
588,50,1064.4387797250329,78694,976.7449323978994,1.739015448365757
588,45,1109.808035256919,70974,976.7449323978994,1.739015448365757
588,40,1132.6415095998743,63253,976.7449323978994,1.739015448365757
588,35,1157.122348925261,55533,976.7449323978994,1.739015448365757
588,30,1230.5000707698075,47821,976.7449323978994,1.739015448365757
588,25,1315.692131749372,40101,976.7449323978994,1.739015448365757
588,20,1376.526193683411,32380,976.7449323978994,1.739015448365757
588,15,1452.2631480793,24660,976.7449323978994,1.739015448365757
588,10,1502.4023830269043,16948,976.7449323978994,1.739015448365757
588,5,1698.574526552914,9228,976.7449323978994,1.739015448365757
589,80,986.6666296456216,125000,986.6666296456216,1.7121297776220417
589,75,1003.1505697482296,117279,986.6666296456216,1.7121297776220417
589,70,1016.6647806469894,109567,986.6666296456216,1.7121297776220417
589,65,1032.6998117027158,101847,986.6666296456216,1.7121297776220417
589,60,1052.150896210022,94126,986.6666296456216,1.7121297776220417
589,55,1064.334673281992,86406,986.6666296456216,1.7121297776220417
589,50,1076.5959982231152,78694,986.6666296456216,1.7121297776220417
589,45,1112.490394543393,70974,986.6666296456216,1.7121297776220417
589,40,1121.0206640904023,63253,986.6666296456216,1.7121297776220417
589,35,1139.9315728455413,55533,986.6666296456216,1.7121297776220417
589,30,1211.0412949121828,47821,986.6666296456216,1.7121297776220417
589,25,1308.8436960992017,40101,986.6666296456216,1.7121297776220417
589,20,1375.0132840004069,32380,986.6666296456216,1.7121297776220417
589,15,1456.7238134996526,24660,986.6666296456216,1.7121297776220417
589,10,1506.480013310961,16948,986.6666296456216,1.7121297776220417
589,5,1689.3013172022474,9228,986.6666296456216,1.7121297776220417
590,80,973.5922729909698,125000,973.5922729909698,1.7419756361822718
590,75,994.3322799919148,117279,973.5922729909698,1.7419756361822718
590,70,1005.2796108794122,109567,973.5922729909698,1.7419756361822718
590,65,1016.0214427814608,101847,973.5922729909698,1.7419756361822718
590,60,1038.8674877425185,94126,973.5922729909698,1.7419756361822718
590,55,1051.6505985374254,86406,973.5922729909698,1.7419756361822718
590,50,1065.8880306179144,78694,973.5922729909698,1.7419756361822718
590,45,1098.1211742775058,70974,973.5922729909698,1.7419756361822718
590,40,1101.0950752426577,63253,973.5922729909698,1.7419756361822718
590,35,1119.971986040175,55533,973.5922729909698,1.7419756361822718
590,30,1206.8176892444128,47821,973.5922729909698,1.7419756361822718
590,25,1315.2825210214887,40101,973.5922729909698,1.7419756361822718
590,20,1398.0872475960318,32380,973.5922729909698,1.7419756361822718
590,15,1476.3299347923175,24660,973.5922729909698,1.7419756361822718
590,10,1545.4503598817278,16948,973.5922729909698,1.7419756361822718
590,5,1695.9740191255887,9228,973.5922729909698,1.7419756361822718
591,80,958.2866842170756,125000,958.2866842170756,1.7545092622960914
591,75,980.0156317930062,117279,958.2866842170756,1.7545092622960914
591,70,991.093091075355,109567,958.2866842170756,1.7545092622960914
591,65,1000.7265860765474,101847,958.2866842170756,1.7545092622960914
591,60,1019.4145693951124,94126,958.2866842170756,1.7545092622960914
591,55,1030.3893562333592,86406,958.2866842170756,1.7545092622960914
591,50,1043.4668829556333,78694,958.2866842170756,1.7545092622960914
591,45,1072.0151093774878,70974,958.2866842170756,1.7545092622960914
591,40,1074.5519506103362,63253,958.2866842170756,1.7545092622960914
591,35,1093.7002741411688,55533,958.2866842170756,1.7545092622960914
591,30,1187.65692650166,47821,958.2866842170756,1.7545092622960914
591,25,1294.391904052521,40101,958.2866842170756,1.7545092622960914
591,20,1383.1867108844644,32380,958.2866842170756,1.7545092622960914
591,15,1461.731256628767,24660,958.2866842170756,1.7545092622960914
591,10,1541.4708423066618,16948,958.2866842170756,1.7545092622960914
591,5,1681.3228633938686,9228,958.2866842170756,1.7545092622960914
592,80,959.7440987376856,125000,959.7440987376856,1.7340900628765656
592,75,978.4540298583288,117279,959.7440987376856,1.7340900628765656
592,70,987.0145791837848,109567,959.7440987376856,1.7340900628765656
592,65,996.7788761156957,101847,959.7440987376856,1.7340900628765656
592,60,1013.3377037843262,94126,959.7440987376856,1.7340900628765656
592,55,1021.6794087770622,86406,959.7440987376856,1.7340900628765656
592,50,1034.250858619827,78694,959.7440987376856,1.7340900628765656
592,45,1056.3934518525264,70974,959.7440987376856,1.7340900628765656
592,40,1059.472386972839,63253,959.7440987376856,1.7340900628765656
592,35,1077.0855517283696,55533,959.7440987376856,1.7340900628765656
592,30,1168.320182428213,47821,959.7440987376856,1.7340900628765656
592,25,1278.1207941123498,40101,959.7440987376856,1.7340900628765656
592,20,1369.0252143562327,32380,959.7440987376856,1.7340900628765656
592,15,1439.9534975876509,24660,959.7440987376856,1.7340900628765656
592,10,1535.9821446406115,16948,959.7440987376856,1.7340900628765656
592,5,1664.282704525446,9228,959.7440987376856,1.7340900628765656
593,80,963.4791360575,125000,963.4791360575,1.7153348734691252
593,75,982.1487275428622,117279,963.4791360575,1.7153348734691252
593,70,990.764379701258,109567,963.4791360575,1.7153348734691252
593,65,1000.1919659197242,101847,963.4791360575,1.7153348734691252
593,60,1014.2814232366304,94126,963.4791360575,1.7153348734691252
593,55,1022.558700176518,86406,963.4791360575,1.7153348734691252
593,50,1038.7521608819436,78694,963.4791360575,1.7153348734691252
593,45,1055.7511939537883,70974,963.4791360575,1.7153348734691252
593,40,1060.2346284040912,63253,963.4791360575,1.7153348734691252
593,35,1079.7067995153477,55533,963.4791360575,1.7153348734691252
593,30,1168.1366248318943,47821,963.4791360575,1.7153348734691252
593,25,1288.0974663761938,40101,963.4791360575,1.7153348734691252
593,20,1372.4601072433006,32380,963.4791360575,1.7153348734691252
593,15,1432.7308859263871,24660,963.4791360575,1.7153348734691252
593,10,1536.9378085886997,16948,963.4791360575,1.7153348734691252
593,5,1652.6893619393336,9228,963.4791360575,1.7153348734691252
594,80,964.707791317864,125000,964.707791317864,1.7126651530484676
594,75,986.2181701616732,117279,964.707791317864,1.7126651530484676
594,70,996.403474331506,109567,964.707791317864,1.7126651530484676
594,65,1004.4751824327328,101847,964.707791317864,1.7126651530484676
594,60,1016.529552918484,94126,964.707791317864,1.7126651530484676
594,55,1034.148624538528,86406,964.707791317864,1.7126651530484676
594,50,1056.716820435361,78694,964.707791317864,1.7126651530484676
594,45,1076.1522414921,70974,964.707791317864,1.7126651530484676
594,40,1083.5702407841384,63253,964.707791317864,1.7126651530484676
594,35,1101.8464329492365,55533,964.707791317864,1.7126651530484676
594,30,1198.1724270417465,47821,964.707791317864,1.7126651530484676
594,25,1330.7553386371787,40101,964.707791317864,1.7126651530484676
594,20,1395.678857651902,32380,964.707791317864,1.7126651530484676
594,15,1445.7878446950208,24660,964.707791317864,1.7126651530484676
594,10,1552.0615115583096,16948,964.707791317864,1.7126651530484676
594,5,1652.2214170644588,9228,964.707791317864,1.7126651530484676
595,80,963.3601849414848,125000,963.3601849414848,1.7446485531667693
595,75,989.5704064910752,117279,963.3601849414848,1.7446485531667693
595,70,1015.929164764144,109567,963.3601849414848,1.7446485531667693
595,65,1029.3621273481506,101847,963.3601849414848,1.7446485531667693
595,60,1043.1682745631429,94126,963.3601849414848,1.7446485531667693
595,55,1068.8345121536925,86406,963.3601849414848,1.7446485531667693
595,50,1103.4569664522237,78694,963.3601849414848,1.7446485531667693
595,45,1131.0444928087763,70974,963.3601849414848,1.7446485531667693
595,40,1143.4390534871577,63253,963.3601849414848,1.7446485531667693
595,35,1163.1064720797503,55533,963.3601849414848,1.7446485531667693
595,30,1267.7926582002551,47821,963.3601849414848,1.7446485531667693
595,25,1414.501737289523,40101,963.3601849414848,1.7446485531667693
595,20,1462.303420118635,32380,963.3601849414848,1.7446485531667693
595,15,1495.9977138659194,24660,963.3601849414848,1.7446485531667693
595,10,1594.0192919510391,16948,963.3601849414848,1.7446485531667693
595,5,1680.7249528366326,9228,963.3601849414848,1.7446485531667693
597,80,963.4355353981508,125000,963.4355353981508,1.772416967065143
597,75,981.7727434677518,117279,963.4355353981508,1.772416967065143
597,70,1015.2910747946808,109567,963.4355353981508,1.772416967065143
597,65,1043.6957139431372,101847,963.4355353981508,1.772416967065143
597,60,1068.1067546251468,94126,963.4355353981508,1.772416967065143
597,55,1099.551017270543,86406,963.4355353981508,1.772416967065143
597,50,1125.3560753774543,78694,963.4355353981508,1.772416967065143
597,45,1159.5922715021802,70974,963.4355353981508,1.772416967065143
597,40,1186.5479484482955,63253,963.4355353981508,1.772416967065143
597,35,1217.549884383856,55533,963.4355353981508,1.772416967065143
597,30,1294.2586898023949,47821,963.4355353981508,1.772416967065143
597,25,1474.7915915355104,40101,963.4355353981508,1.772416967065143
597,20,1490.7058088790368,32380,963.4355353981508,1.772416967065143
597,15,1516.927161241458,24660,963.4355353981508,1.772416967065143
597,10,1622.8565091742937,16948,963.4355353981508,1.772416967065143
597,5,1707.6094896131729,9228,963.4355353981508,1.772416967065143
598,80,1037.243342709544,125000,1037.243342709544,1.7341383703473114
598,75,1044.698346246903,117279,1037.243342709544,1.7341383703473114
598,70,1078.982137900348,109567,1037.243342709544,1.7341383703473114
598,65,1118.6756680556712,101847,1037.243342709544,1.7341383703473114
598,60,1139.2149805133874,94126,1037.243342709544,1.7341383703473114
598,55,1167.2767193557693,86406,1037.243342709544,1.7341383703473114
598,50,1188.8972015403972,78694,1037.243342709544,1.7341383703473114
598,45,1219.926288052571,70974,1037.243342709544,1.7341383703473114
598,40,1259.6962833875702,63253,1037.243342709544,1.7341383703473114
598,35,1284.669653417284,55533,1037.243342709544,1.7341383703473114
598,30,1355.0280621405673,47821,1037.243342709544,1.7341383703473114
598,25,1543.3299614852444,40101,1037.243342709544,1.7341383703473114
598,20,1549.6975245840292,32380,1037.243342709544,1.7341383703473114
598,15,1569.2008396964106,24660,1037.243342709544,1.7341383703473114
598,10,1682.4663784519869,16948,1037.243342709544,1.7341383703473114
598,5,1798.7234799799269,9228,1037.243342709544,1.7341383703473114
600,80,1232.8651840775378,125000,1232.8651840775378,1.565593815310092
600,75,1234.3937723465117,117279,1232.8651840775378,1.565593815310092
600,70,1276.1259260886818,109567,1232.8651840775378,1.565593815310092
600,65,1299.660227356912,101847,1232.8651840775378,1.565593815310092
600,60,1323.1018133739017,94126,1232.8651840775378,1.565593815310092
600,55,1335.2026463105628,86406,1232.8651840775378,1.565593815310092
600,50,1353.4917446946315,78694,1232.8651840775378,1.565593815310092
600,45,1372.6649059447927,70974,1232.8651840775378,1.565593815310092
600,40,1413.3759088735706,63253,1232.8651840775378,1.565593815310092
600,35,1450.1719214086102,55533,1232.8651840775378,1.565593815310092
600,30,1511.9893825510112,47821,1232.8651840775378,1.565593815310092
600,25,1690.2536035112776,40101,1232.8651840775378,1.565593815310092
600,20,1707.7434400482516,32380,1232.8651840775378,1.565593815310092
600,15,1720.6434408161456,24660,1232.8651840775378,1.565593815310092
600,10,1802.4723802584092,16948,1232.8651840775378,1.565593815310092
600,5,1930.1661073029316,9228,1232.8651840775378,1.565593815310092
601,80,1291.7753038790495,125000,1291.7753038790495,1.5112164083651682
601,75,1296.992045899785,117279,1291.7753038790495,1.5112164083651682
601,70,1323.0932466016873,109567,1291.7753038790495,1.5112164083651682
601,65,1352.7856898972427,101847,1291.7753038790495,1.5112164083651682
601,60,1373.1014564337256,94126,1291.7753038790495,1.5112164083651682
601,55,1389.3287972947985,86406,1291.7753038790495,1.5112164083651682
601,50,1408.29082260996,78694,1291.7753038790495,1.5112164083651682
601,45,1417.9921980929776,70974,1291.7753038790495,1.5112164083651682
601,40,1451.3083872149289,63253,1291.7753038790495,1.5112164083651682
601,35,1501.6774574040417,55533,1291.7753038790495,1.5112164083651682
601,30,1542.9079678715366,47821,1291.7753038790495,1.5112164083651682
601,25,1733.0742292264954,40101,1291.7753038790495,1.5112164083651682
601,20,1755.9729744029069,32380,1291.7753038790495,1.5112164083651682
601,15,1764.539048060404,24660,1291.7753038790495,1.5112164083651682
601,10,1844.903471255593,16948,1291.7753038790495,1.5112164083651682
601,5,1952.1520351429208,9228,1291.7753038790495,1.5112164083651682
602,80,1306.777041615678,125000,1306.777041615678,1.500250781488726
602,75,1312.442511363805,117279,1306.777041615678,1.500250781488726
602,70,1328.691132200445,109567,1306.777041615678,1.500250781488726
602,65,1365.5797504407512,101847,1306.777041615678,1.500250781488726
602,60,1391.1968314479586,94126,1306.777041615678,1.500250781488726
602,55,1405.8156774681452,86406,1306.777041615678,1.500250781488726
602,50,1416.419685028798,78694,1306.777041615678,1.500250781488726
602,45,1427.30836492083,70974,1306.777041615678,1.500250781488726
602,40,1451.0704917112312,63253,1306.777041615678,1.500250781488726
602,35,1503.177154093423,55533,1306.777041615678,1.500250781488726
602,30,1535.510881421484,47821,1306.777041615678,1.500250781488726
602,25,1715.081043741332,40101,1306.777041615678,1.500250781488726
602,20,1750.642842010168,32380,1306.777041615678,1.500250781488726
602,15,1766.187630634761,24660,1306.777041615678,1.500250781488726
602,10,1856.251941472954,16948,1306.777041615678,1.500250781488726
602,5,1960.4932779154465,9228,1306.777041615678,1.500250781488726
603,80,1345.9354475818936,125000,1345.9354475818936,1.4697754774157563
603,75,1354.3562271189917,117279,1345.9354475818936,1.4697754774157563
603,70,1365.2724380215388,109567,1345.9354475818936,1.4697754774157563
603,65,1402.1433153768448,101847,1345.9354475818936,1.4697754774157563
603,60,1425.966828866011,94126,1345.9354475818936,1.4697754774157563
603,55,1441.977531763127,86406,1345.9354475818936,1.4697754774157563
603,50,1451.2794613994956,78694,1345.9354475818936,1.4697754774157563
603,45,1466.4128768936969,70974,1345.9354475818936,1.4697754774157563
603,40,1483.8998775942002,63253,1345.9354475818936,1.4697754774157563
603,35,1534.623073037867,55533,1345.9354475818936,1.4697754774157563
603,30,1567.168396204811,47821,1345.9354475818936,1.4697754774157563
603,25,1735.583391099485,40101,1345.9354475818936,1.4697754774157563
603,20,1780.0206984023812,32380,1345.9354475818936,1.4697754774157563
603,15,1802.179281896988,24660,1345.9354475818936,1.4697754774157563
603,10,1889.5188783206368,16948,1345.9354475818936,1.4697754774157563
603,5,1978.2229150404676,9228,1345.9354475818936,1.4697754774157563
604,80,1366.7439577630996,125000,1366.7439577630996,1.460355744394375
604,75,1380.562692164549,117279,1366.7439577630996,1.460355744394375
604,70,1394.0411472102203,109567,1366.7439577630996,1.460355744394375
604,65,1428.341442240392,101847,1366.7439577630996,1.460355744394375
604,60,1447.108406989487,94126,1366.7439577630996,1.460355744394375
604,55,1471.5859724914717,86406,1366.7439577630996,1.460355744394375
604,50,1478.4249811705486,78694,1366.7439577630996,1.460355744394375
604,45,1501.8883069716424,70974,1366.7439577630996,1.460355744394375
604,40,1519.3240244104657,63253,1366.7439577630996,1.460355744394375
604,35,1568.674059448681,55533,1366.7439577630996,1.460355744394375
604,30,1600.4737085757376,47821,1366.7439577630996,1.460355744394375
604,25,1757.442188942921,40101,1366.7439577630996,1.460355744394375
604,20,1802.3086179957088,32380,1366.7439577630996,1.460355744394375
604,15,1829.0981355108413,24660,1366.7439577630996,1.460355744394375
604,10,1918.3735173758312,16948,1366.7439577630996,1.460355744394375
604,5,1995.9323898356456,9228,1366.7439577630996,1.460355744394375
605,80,1363.0028587668255,125000,1363.0028587668255,1.4573198538825334
605,75,1386.1710842428145,117279,1363.0028587668255,1.4573198538825334
605,70,1402.2053389803486,109567,1363.0028587668255,1.4573198538825334
605,65,1425.7705960252545,101847,1363.0028587668255,1.4573198538825334
605,60,1441.8163047204098,94126,1363.0028587668255,1.4573198538825334
605,55,1462.6862581901078,86406,1363.0028587668255,1.4573198538825334
605,50,1469.649567494261,78694,1363.0028587668255,1.4573198538825334
605,45,1500.7714778662123,70974,1363.0028587668255,1.4573198538825334
605,40,1514.4307165363714,63253,1363.0028587668255,1.4573198538825334
605,35,1561.6832415704134,55533,1363.0028587668255,1.4573198538825334
605,30,1606.825945935915,47821,1363.0028587668255,1.4573198538825334
605,25,1744.6966005649565,40101,1363.0028587668255,1.4573198538825334
605,20,1783.7969368142078,32380,1363.0028587668255,1.4573198538825334
605,15,1816.2483624581964,24660,1363.0028587668255,1.4573198538825334
605,10,1919.5236544069408,16948,1363.0028587668255,1.4573198538825334
605,5,1986.3311269795456,9228,1363.0028587668255,1.4573198538825334
606,80,1358.0060837574133,125000,1358.0060837574133,1.4612057638492784
606,75,1382.5127318741334,117279,1358.0060837574133,1.4612057638492784
606,70,1395.490699898796,109567,1358.0060837574133,1.4612057638492784
606,65,1410.5675352187045,101847,1358.0060837574133,1.4612057638492784
606,60,1426.108520575994,94126,1358.0060837574133,1.4612057638492784
606,55,1453.647246604496,86406,1358.0060837574133,1.4612057638492784
606,50,1460.6812584760405,78694,1358.0060837574133,1.4612057638492784
606,45,1497.2100054765533,70974,1358.0060837574133,1.4612057638492784
606,40,1507.4021818079616,63253,1358.0060837574133,1.4612057638492784
606,35,1558.6598446486344,55533,1358.0060837574133,1.4612057638492784
606,30,1618.690251629448,47821,1358.0060837574133,1.4612057638492784
606,25,1739.493418567086,40101,1358.0060837574133,1.4612057638492784
606,20,1779.9563178053957,32380,1358.0060837574133,1.4612057638492784
606,15,1811.394568762783,24660,1358.0060837574133,1.4612057638492784
606,10,1922.7288574820116,16948,1358.0060837574133,1.4612057638492784
606,5,1984.326316928718,9228,1358.0060837574133,1.4612057638492784
607,80,1323.6664255905036,125000,1323.6664255905036,1.4818535976727698
607,75,1346.132129538521,117279,1323.6664255905036,1.4818535976727698
607,70,1355.5198293776027,109567,1323.6664255905036,1.4818535976727698
607,65,1369.438455237482,101847,1323.6664255905036,1.4818535976727698
607,60,1382.4585812299154,94126,1323.6664255905036,1.4818535976727698
607,55,1408.0271896053976,86406,1323.6664255905036,1.4818535976727698
607,50,1415.4096496702757,78694,1323.6664255905036,1.4818535976727698
607,45,1459.4136175544438,70974,1323.6664255905036,1.4818535976727698
607,40,1473.711921980705,63253,1323.6664255905036,1.4818535976727698
607,35,1528.394018107976,55533,1323.6664255905036,1.4818535976727698
607,30,1584.8329723772033,47821,1323.6664255905036,1.4818535976727698
607,25,1703.374477787636,40101,1323.6664255905036,1.4818535976727698
607,20,1745.3876551000728,32380,1323.6664255905036,1.4818535976727698
607,15,1776.054070735846,24660,1323.6664255905036,1.4818535976727698
607,10,1894.64509532749,16948,1323.6664255905036,1.4818535976727698
607,5,1961.479854879944,9228,1323.6664255905036,1.4818535976727698
608,80,1277.720789481822,125000,1277.720789481822,1.5250346022686507
608,75,1296.9986144316538,117279,1277.720789481822,1.5250346022686507
608,70,1304.3594326272726,109567,1277.720789481822,1.5250346022686507
608,65,1318.837252150186,101847,1277.720789481822,1.5250346022686507
608,60,1330.5408859295517,94126,1277.720789481822,1.5250346022686507
608,55,1355.35759422169,86406,1277.720789481822,1.5250346022686507
608,50,1362.992797447938,78694,1277.720789481822,1.5250346022686507
608,45,1410.7169928475498,70974,1277.720789481822,1.5250346022686507
608,40,1426.1154083754266,63253,1277.720789481822,1.5250346022686507
608,35,1490.4096343821875,55533,1277.720789481822,1.5250346022686507
608,30,1556.6504762708869,47821,1277.720789481822,1.5250346022686507
608,25,1670.8539120421112,40101,1277.720789481822,1.5250346022686507
608,20,1712.7397442531196,32380,1277.720789481822,1.5250346022686507
608,15,1740.0450906239005,24660,1277.720789481822,1.5250346022686507
608,10,1877.3841476378293,16948,1277.720789481822,1.5250346022686507
608,5,1948.5684159977968,9228,1277.720789481822,1.5250346022686507
609,80,1163.4752518474277,125000,1163.4752518474277,1.6508460342671902
609,75,1182.070029141304,117279,1163.4752518474277,1.6508460342671902
609,70,1191.8665932873423,109567,1163.4752518474277,1.6508460342671902
609,65,1206.1533462009652,101847,1163.4752518474277,1.6508460342671902
609,60,1214.8009655050566,94126,1163.4752518474277,1.6508460342671902
609,55,1244.2814068384782,86406,1163.4752518474277,1.6508460342671902
609,50,1258.7906182094357,78694,1163.4752518474277,1.6508460342671902
609,45,1308.757102669039,70974,1163.4752518474277,1.6508460342671902
609,40,1328.639403877182,63253,1163.4752518474277,1.6508460342671902
609,35,1407.4316272524477,55533,1163.4752518474277,1.6508460342671902
609,30,1487.5309813281417,47821,1163.4752518474277,1.6508460342671902
609,25,1616.526407638386,40101,1163.4752518474277,1.6508460342671902
609,20,1662.1526991880316,32380,1163.4752518474277,1.6508460342671902
609,15,1685.6236194223948,24660,1163.4752518474277,1.6508460342671902
609,10,1842.7269536672416,16948,1163.4752518474277,1.6508460342671902
609,5,1920.7185054803465,9228,1163.4752518474277,1.6508460342671902
610,80,991.3919605439564,125000,991.3919605439564,1.903289723477373
610,75,1011.3229454465462,117279,991.3919605439564,1.903289723477373
610,70,1023.0645999427352,109567,991.3919605439564,1.903289723477373
610,65,1042.1117161585803,101847,991.3919605439564,1.903289723477373
610,60,1051.357471389011,94126,991.3919605439564,1.903289723477373
610,55,1088.993539210001,86406,991.3919605439564,1.903289723477373
610,50,1119.429683972902,78694,991.3919605439564,1.903289723477373
610,45,1174.9862954272917,70974,991.3919605439564,1.903289723477373
610,40,1206.4277822002598,63253,991.3919605439564,1.903289723477373
610,35,1298.650659161947,55533,991.3919605439564,1.903289723477373
610,30,1399.972635637666,47821,991.3919605439564,1.903289723477373
610,25,1550.770453572063,40101,991.3919605439564,1.903289723477373
610,20,1606.6961480199122,32380,991.3919605439564,1.903289723477373
610,15,1625.589536245759,24660,991.3919605439564,1.903289723477373
610,10,1802.7501127159835,16948,991.3919605439564,1.903289723477373
610,5,1886.9061304413972,9228,991.3919605439564,1.903289723477373
613,80,948.3343415426576,125000,948.3343415426576,1.996559391126944
613,75,958.9881907092976,117279,948.3343415426576,1.996559391126944
613,70,974.1161220359472,109567,948.3343415426576,1.996559391126944
613,65,987.04403565536,101847,948.3343415426576,1.996559391126944
613,60,1004.1965519877368,94126,948.3343415426576,1.996559391126944
613,55,1047.521955776852,86406,948.3343415426576,1.996559391126944
613,50,1089.5662206642828,78694,948.3343415426576,1.996559391126944
613,45,1116.587798576125,70974,948.3343415426576,1.996559391126944
613,40,1171.5011457523776,63253,948.3343415426576,1.996559391126944
613,35,1279.3544018831317,55533,948.3343415426576,1.996559391126944
613,30,1354.4593261154791,47821,948.3343415426576,1.996559391126944
613,25,1494.1883209402038,40101,948.3343415426576,1.996559391126944
613,20,1584.5588117412929,32380,948.3343415426576,1.996559391126944
613,15,1603.0337961640448,24660,948.3343415426576,1.996559391126944
613,10,1822.930622552051,16948,948.3343415426576,1.996559391126944
613,5,1893.40583553518,9228,948.3343415426576,1.996559391126944
614,80,1113.3314270965525,125000,1113.3314270965525,1.7431127756805471
614,75,1115.9060314258431,117279,1113.3314270965525,1.7431127756805471
614,70,1121.4449897029813,109567,1113.3314270965525,1.7431127756805471
614,65,1128.7586173406792,101847,1113.3314270965525,1.7431127756805471
614,60,1141.2306847231948,94126,1113.3314270965525,1.7431127756805471
614,55,1173.2956949612956,86406,1113.3314270965525,1.7431127756805471
614,50,1204.767494138698,78694,1113.3314270965525,1.7431127756805471
614,45,1219.677603338817,70974,1113.3314270965525,1.7431127756805471
614,40,1261.908278579608,63253,1113.3314270965525,1.7431127756805471
614,35,1356.2155181392202,55533,1113.3314270965525,1.7431127756805471
614,30,1399.4156869885862,47821,1113.3314270965525,1.7431127756805471
614,25,1524.2106444091944,40101,1113.3314270965525,1.7431127756805471
614,20,1615.8254549671594,32380,1113.3314270965525,1.7431127756805471
614,15,1640.099036049211,24660,1113.3314270965525,1.7431127756805471
614,10,1864.5618973881028,16948,1113.3314270965525,1.7431127756805471
614,5,1940.6622341386565,9228,1113.3314270965525,1.7431127756805471
615,80,1221.2712722664298,125000,1221.2712722664298,1.6445904377452374
615,75,1222.4693337451029,117279,1221.2712722664298,1.6445904377452374
615,70,1224.082572247505,109567,1221.2712722664298,1.6445904377452374
615,65,1228.176554614662,101847,1221.2712722664298,1.6445904377452374
615,60,1239.1731284020725,94126,1221.2712722664298,1.6445904377452374
615,55,1263.913626479013,86406,1221.2712722664298,1.6445904377452374
615,50,1285.332325043781,78694,1221.2712722664298,1.6445904377452374
615,45,1297.6804560339824,70974,1221.2712722664298,1.6445904377452374
615,40,1326.1594017176435,63253,1221.2712722664298,1.6445904377452374
615,35,1409.7207978788297,55533,1221.2712722664298,1.6445904377452374
615,30,1441.673646232938,47821,1221.2712722664298,1.6445904377452374
615,25,1555.2027974567966,40101,1221.2712722664298,1.6445904377452374
615,20,1653.1435354512066,32380,1221.2712722664298,1.6445904377452374
615,15,1684.051783345364,24660,1221.2712722664298,1.6445904377452374
615,10,1935.8053441790817,16948,1221.2712722664298,1.6445904377452374
615,5,2008.4910562623309,9228,1221.2712722664298,1.6445904377452374
616,80,1304.6222647466504,125000,1304.6222647466504,1.604448182901273
616,75,1307.6178035667183,117279,1304.6222647466504,1.604448182901273
616,70,1310.157021956685,109567,1304.6222647466504,1.604448182901273
616,65,1314.2851791217763,101847,1304.6222647466504,1.604448182901273
616,60,1325.3737985699377,94126,1304.6222647466504,1.604448182901273
616,55,1344.6000374980297,86406,1304.6222647466504,1.604448182901273
616,50,1363.1162396588293,78694,1304.6222647466504,1.604448182901273
616,45,1381.4078565387802,70974,1304.6222647466504,1.604448182901273
616,40,1398.4900985374716,63253,1304.6222647466504,1.604448182901273
616,35,1470.4736196551646,55533,1304.6222647466504,1.604448182901273
616,30,1499.583678946654,47821,1304.6222647466504,1.604448182901273
616,25,1602.416800019795,40101,1304.6222647466504,1.604448182901273
616,20,1705.6486159614883,32380,1304.6222647466504,1.604448182901273
616,15,1742.2695773338655,24660,1304.6222647466504,1.604448182901273
616,10,2024.3891669092943,16948,1304.6222647466504,1.604448182901273
616,5,2093.1988220453063,9228,1304.6222647466504,1.604448182901273
617,80,1345.0755626462435,125000,1345.0755626462435,1.6206625675153497
617,75,1353.029489502874,117279,1345.0755626462435,1.6206625675153497
617,70,1356.7757264697163,109567,1345.0755626462435,1.6206625675153497
617,65,1365.4059016806248,101847,1345.0755626462435,1.6206625675153497
617,60,1381.6540717537007,94126,1345.0755626462435,1.6206625675153497
617,55,1395.9607017448318,86406,1345.0755626462435,1.6206625675153497
617,50,1413.1177320180602,78694,1345.0755626462435,1.6206625675153497
617,45,1445.8393371688226,70974,1345.0755626462435,1.6206625675153497
617,40,1458.6037885952144,63253,1345.0755626462435,1.6206625675153497
617,35,1526.7014459166944,55533,1345.0755626462435,1.6206625675153497
617,30,1548.8816070464516,47821,1345.0755626462435,1.6206625675153497
617,25,1662.6125066228126,40101,1345.0755626462435,1.6206625675153497
617,20,1758.514573483792,32380,1345.0755626462435,1.6206625675153497
617,15,1805.8681845352053,24660,1345.0755626462435,1.6206625675153497
617,10,2112.067543397952,16948,1345.0755626462435,1.6206625675153497
617,5,2179.913614860415,9228,1345.0755626462435,1.6206625675153497
618,80,1378.642765501428,125000,1378.642765501428,1.6234969012712663
618,75,1388.749382488911,117279,1378.642765501428,1.6234969012712663
618,70,1397.6795346391698,109567,1378.642765501428,1.6234969012712663
618,65,1410.8026065687493,101847,1378.642765501428,1.6234969012712663
618,60,1421.483960999933,94126,1378.642765501428,1.6234969012712663
618,55,1436.3641201472417,86406,1378.642765501428,1.6234969012712663
618,50,1444.546506292725,78694,1378.642765501428,1.6234969012712663
618,45,1487.8275116172986,70974,1378.642765501428,1.6234969012712663
618,40,1504.4931545744148,63253,1378.642765501428,1.6234969012712663
618,35,1558.0688253850922,55533,1378.642765501428,1.6234969012712663
618,30,1575.0151749914742,47821,1378.642765501428,1.6234969012712663
618,25,1687.5722087331549,40101,1378.642765501428,1.6234969012712663
618,20,1760.3135050866365,32380,1378.642765501428,1.6234969012712663
618,15,1833.6211336447416,24660,1378.642765501428,1.6234969012712663
618,10,2159.694492561142,16948,1378.642765501428,1.6234969012712663
618,5,2238.2222577516177,9228,1378.642765501428,1.6234969012712663
619,80,1420.4044556896963,125000,1420.4044556896963,1.5764960825762466
619,75,1433.5024946840826,117279,1420.4044556896963,1.5764960825762466
619,70,1442.619923974525,109567,1420.4044556896963,1.5764960825762466
619,65,1448.64508028635,101847,1420.4044556896963,1.5764960825762466
619,60,1452.9719327216797,94126,1420.4044556896963,1.5764960825762466
619,55,1471.518899300846,86406,1420.4044556896963,1.5764960825762466
619,50,1482.9510137133211,78694,1420.4044556896963,1.5764960825762466
619,45,1514.0825507958602,70974,1420.4044556896963,1.5764960825762466
619,40,1536.414756273657,63253,1420.4044556896963,1.5764960825762466
619,35,1583.797207055612,55533,1420.4044556896963,1.5764960825762466
619,30,1610.009310036588,47821,1420.4044556896963,1.5764960825762466
619,25,1693.1222431337735,40101,1420.4044556896963,1.5764960825762466
619,20,1744.025426751203,32380,1420.4044556896963,1.5764960825762466
619,15,1844.3185975535876,24660,1420.4044556896963,1.5764960825762466
619,10,2145.817376338062,16948,1420.4044556896963,1.5764960825762466
619,5,2239.2620600686523,9228,1420.4044556896963,1.5764960825762466
620,80,1184.824573217368,125000,1184.824573217368,1.6345853561210115
620,75,1195.807971208006,117279,1184.824573217368,1.6345853561210115
620,70,1210.4258019007686,109567,1184.824573217368,1.6345853561210115
620,65,1212.5391551210346,101847,1184.824573217368,1.6345853561210115
620,60,1214.5511294562104,94126,1184.824573217368,1.6345853561210115
620,55,1224.938846441054,86406,1184.824573217368,1.6345853561210115
620,50,1236.1520658682953,78694,1184.824573217368,1.6345853561210115
620,45,1244.7263187671072,70974,1184.824573217368,1.6345853561210115
620,40,1272.822861441457,63253,1184.824573217368,1.6345853561210115
620,35,1307.6515491049536,55533,1184.824573217368,1.6345853561210115
620,30,1358.0821396170918,47821,1184.824573217368,1.6345853561210115
620,25,1391.762121016221,40101,1184.824573217368,1.6345853561210115
620,20,1460.843294953417,32380,1184.824573217368,1.6345853561210115
620,15,1593.264741152167,24660,1184.824573217368,1.6345853561210115
620,10,1735.0215270407853,16948,1184.824573217368,1.6345853561210115
620,5,1936.696896953437,9228,1184.824573217368,1.6345853561210115
622,80,1180.8440474121394,125000,1180.8440474121394,1.7274428634359569
622,75,1184.2858781712944,117279,1180.8440474121394,1.7274428634359569
622,70,1200.7612349215842,109567,1180.8440474121394,1.7274428634359569
622,65,1212.476969808662,101847,1180.8440474121394,1.7274428634359569
622,60,1219.7341810604755,94126,1180.8440474121394,1.7274428634359569
622,55,1223.29212208505,86406,1180.8440474121394,1.7274428634359569
622,50,1235.6627222494888,78694,1180.8440474121394,1.7274428634359569
622,45,1256.0565772852874,70974,1180.8440474121394,1.7274428634359569
622,40,1283.5100965358167,63253,1180.8440474121394,1.7274428634359569
622,35,1325.096124309615,55533,1180.8440474121394,1.7274428634359569
622,30,1341.1275460135553,47821,1180.8440474121394,1.7274428634359569
622,25,1364.6515016106086,40101,1180.8440474121394,1.7274428634359569
622,20,1437.552245934824,32380,1180.8440474121394,1.7274428634359569
622,15,1637.1495977763263,24660,1180.8440474121394,1.7274428634359569
622,10,1810.153989985416,16948,1180.8440474121394,1.7274428634359569
622,5,2039.8406225329309,9228,1180.8440474121394,1.7274428634359569
623,80,1189.2020536987925,125000,1189.2020536987925,1.7886531199577669
623,75,1207.708210703035,117279,1189.2020536987925,1.7886531199577669
623,70,1229.5967432227055,109567,1189.2020536987925,1.7886531199577669
623,65,1244.4957353707907,101847,1189.2020536987925,1.7886531199577669
623,60,1257.0763277728367,94126,1189.2020536987925,1.7886531199577669
623,55,1267.756885852424,86406,1189.2020536987925,1.7886531199577669
623,50,1301.8453207036307,78694,1189.2020536987925,1.7886531199577669
623,45,1321.9489415457322,70974,1189.2020536987925,1.7886531199577669
623,40,1341.2581662003283,63253,1189.2020536987925,1.7886531199577669
623,35,1427.5162020668754,55533,1189.2020536987925,1.7886531199577669
623,30,1457.9310788888636,47821,1189.2020536987925,1.7886531199577669
623,25,1472.6578145519716,40101,1189.2020536987925,1.7886531199577669
623,20,1537.172458987025,32380,1189.2020536987925,1.7886531199577669
623,15,1713.614428254313,24660,1189.2020536987925,1.7886531199577669
623,10,1868.702904526341,16948,1189.2020536987925,1.7886531199577669
623,5,2127.0699636085287,9228,1189.2020536987925,1.7886531199577669
624,80,1285.6114015359108,125000,1285.6114015359108,1.7254050069236126
624,75,1298.8965546796474,117279,1285.6114015359108,1.7254050069236126
624,70,1314.1982318142266,109567,1285.6114015359108,1.7254050069236126
624,65,1318.5672038131763,101847,1285.6114015359108,1.7254050069236126
624,60,1332.1512957154528,94126,1285.6114015359108,1.7254050069236126
624,55,1351.6378416009622,86406,1285.6114015359108,1.7254050069236126
624,50,1362.1519191225516,78694,1285.6114015359108,1.7254050069236126
624,45,1385.2289770221578,70974,1285.6114015359108,1.7254050069236126
624,40,1404.0084156588712,63253,1285.6114015359108,1.7254050069236126
624,35,1460.8673488398842,55533,1285.6114015359108,1.7254050069236126
624,30,1545.212731921578,47821,1285.6114015359108,1.7254050069236126
624,25,1562.2272257966176,40101,1285.6114015359108,1.7254050069236126
624,20,1605.1610069059052,32380,1285.6114015359108,1.7254050069236126
624,15,1815.1239851903,24660,1285.6114015359108,1.7254050069236126
624,10,1932.8217751788263,16948,1285.6114015359108,1.7254050069236126
624,5,2218.2003491681435,9228,1285.6114015359108,1.7254050069236126
625,80,1312.0388973145511,125000,1312.0388973145511,1.6823415053277826
625,75,1325.5000633240588,117279,1312.0388973145511,1.6823415053277826
625,70,1339.116890168747,109567,1312.0388973145511,1.6823415053277826
625,65,1352.9882970692013,101847,1312.0388973145511,1.6823415053277826
625,60,1379.099170771705,94126,1312.0388973145511,1.6823415053277826
625,55,1416.7875465882678,86406,1312.0388973145511,1.6823415053277826
625,50,1427.8462620738517,78694,1312.0388973145511,1.6823415053277826
625,45,1440.90511900154,70974,1312.0388973145511,1.6823415053277826
625,40,1451.2285400531364,63253,1312.0388973145511,1.6823415053277826
625,35,1475.51012988066,55533,1312.0388973145511,1.6823415053277826
625,30,1556.7626817394262,47821,1312.0388973145511,1.6823415053277826
625,25,1583.8945960540889,40101,1312.0388973145511,1.6823415053277826
625,20,1634.95145318759,32380,1312.0388973145511,1.6823415053277826
625,15,1803.2692991869612,24660,1312.0388973145511,1.6823415053277826
625,10,1889.3965446422776,16948,1312.0388973145511,1.6823415053277826
625,5,2207.297493556766,9228,1312.0388973145511,1.6823415053277826
626,80,1359.2053664108837,125000,1359.2053664108837,1.653783556550796
626,75,1365.3535993991582,117279,1359.2053664108837,1.653783556550796
626,70,1381.242803593857,109567,1359.2053664108837,1.653783556550796
626,65,1401.2692262087126,101847,1359.2053664108837,1.653783556550796
626,60,1418.5326883535988,94126,1359.2053664108837,1.653783556550796
626,55,1458.6323603061996,86406,1359.2053664108837,1.653783556550796
626,50,1478.395520780509,78694,1359.2053664108837,1.653783556550796
626,45,1486.042997286609,70974,1359.2053664108837,1.653783556550796
626,40,1498.7499451933131,63253,1359.2053664108837,1.653783556550796
626,35,1526.003903202346,55533,1359.2053664108837,1.653783556550796
626,30,1588.788795712882,47821,1359.2053664108837,1.653783556550796
626,25,1644.6917153492857,40101,1359.2053664108837,1.653783556550796
626,20,1714.6013649909291,32380,1359.2053664108837,1.653783556550796
626,15,1890.5787723690328,24660,1359.2053664108837,1.653783556550796
626,10,1946.4910147447945,16948,1359.2053664108837,1.653783556550796
626,5,2247.831484945919,9228,1359.2053664108837,1.653783556550796
627,80,1355.1801056833813,125000,1355.1801056833813,1.597983577637922
627,75,1357.8780037256554,117279,1355.1801056833813,1.597983577637922
627,70,1365.322379668102,109567,1355.1801056833813,1.597983577637922
627,65,1388.3240960459534,101847,1355.1801056833813,1.597983577637922
627,60,1401.039244802124,94126,1355.1801056833813,1.597983577637922
627,55,1453.6310525938486,86406,1355.1801056833813,1.597983577637922
627,50,1499.476725524236,78694,1355.1801056833813,1.597983577637922
627,45,1503.4607686580366,70974,1355.1801056833813,1.597983577637922
627,40,1521.5698100547138,63253,1355.1801056833813,1.597983577637922
627,35,1552.4220761822833,55533,1355.1801056833813,1.597983577637922
627,30,1623.1306568336074,47821,1355.1801056833813,1.597983577637922
627,25,1694.8207654273335,40101,1355.1801056833813,1.597983577637922
627,20,1760.7024422354966,32380,1355.1801056833813,1.597983577637922
627,15,1921.8092427206732,24660,1355.1801056833813,1.597983577637922
627,10,1953.7418319200576,16948,1355.1801056833813,1.597983577637922
627,5,2165.555553623667,9228,1355.1801056833813,1.597983577637922
628,80,1305.5065472530623,125000,1305.5065472530623,1.6005868661001212
628,75,1307.199677587262,117279,1305.5065472530623,1.6005868661001212
628,70,1313.734922812403,109567,1305.5065472530623,1.6005868661001212
628,65,1329.6918229361158,101847,1305.5065472530623,1.6005868661001212
628,60,1337.8065233165862,94126,1305.5065472530623,1.6005868661001212
628,55,1385.0534000590017,86406,1305.5065472530623,1.6005868661001212
628,50,1427.4947495158258,78694,1305.5065472530623,1.6005868661001212
628,45,1429.473093245528,70974,1305.5065472530623,1.6005868661001212
628,40,1451.9779981207416,63253,1305.5065472530623,1.6005868661001212
628,35,1477.9335990770062,55533,1305.5065472530623,1.6005868661001212
628,30,1546.2171436422543,47821,1305.5065472530623,1.6005868661001212
628,25,1620.2797686290205,40101,1305.5065472530623,1.6005868661001212
628,20,1738.127446659639,32380,1305.5065472530623,1.6005868661001212
628,15,1861.7850388641516,24660,1305.5065472530623,1.6005868661001212
628,10,1885.680396536325,16948,1305.5065472530623,1.6005868661001212
628,5,2089.576633140969,9228,1305.5065472530623,1.6005868661001212
629,80,1422.8202472479406,125000,1422.8202472479406,1.5543963900285571
629,75,1423.4315271972414,117279,1422.8202472479406,1.5543963900285571
629,70,1433.6866731247587,109567,1422.8202472479406,1.5543963900285571
629,65,1447.4213419454195,101847,1422.8202472479406,1.5543963900285571
629,60,1453.2330925623012,94126,1422.8202472479406,1.5543963900285571
629,55,1507.519772106156,86406,1422.8202472479406,1.5543963900285571
629,50,1559.8602749956135,78694,1422.8202472479406,1.5543963900285571
629,45,1561.3679673798836,70974,1422.8202472479406,1.5543963900285571
629,40,1583.953962620532,63253,1422.8202472479406,1.5543963900285571
629,35,1609.161578529754,55533,1422.8202472479406,1.5543963900285571
629,30,1661.8041126121093,47821,1422.8202472479406,1.5543963900285571
629,25,1727.9237372008329,40101,1422.8202472479406,1.5543963900285571
629,20,1880.40638180054,32380,1422.8202472479406,1.5543963900285571
629,15,1967.6527323996463,24660,1422.8202472479406,1.5543963900285571
629,10,1992.1337884090592,16948,1422.8202472479406,1.5543963900285571
629,5,2211.626655981738,9228,1422.8202472479406,1.5543963900285571
630,80,1531.2256390728949,125000,1531.2256390728949,1.51156306886364
630,75,1534.1575118033577,117279,1531.2256390728949,1.51156306886364
630,70,1543.3773531106822,109567,1531.2256390728949,1.51156306886364
630,65,1557.9974564064476,101847,1531.2256390728949,1.51156306886364
630,60,1566.8838850660857,94126,1531.2256390728949,1.51156306886364
630,55,1616.184002735458,86406,1531.2256390728949,1.51156306886364
630,50,1659.9584599067962,78694,1531.2256390728949,1.51156306886364
630,45,1662.5164185661963,70974,1531.2256390728949,1.51156306886364
630,40,1685.85249288966,63253,1531.2256390728949,1.51156306886364
630,35,1723.401445719244,55533,1531.2256390728949,1.51156306886364
630,30,1748.08383469192,47821,1531.2256390728949,1.51156306886364
630,25,1812.813937257496,40101,1531.2256390728949,1.51156306886364
630,20,1996.797171374414,32380,1531.2256390728949,1.51156306886364
630,15,2055.941488430979,24660,1531.2256390728949,1.51156306886364
630,10,2088.416550382948,16948,1531.2256390728949,1.51156306886364
630,5,2314.5441261197134,9228,1531.2256390728949,1.51156306886364
631,80,1459.5393325172915,125000,1459.5393325172915,1.5819537402915973
631,75,1474.440910214975,117279,1459.5393325172915,1.5819537402915973
631,70,1485.759053734636,109567,1459.5393325172915,1.5819537402915973
631,65,1500.7549315306671,101847,1459.5393325172915,1.5819537402915973
631,60,1522.411224344355,94126,1459.5393325172915,1.5819537402915973
631,55,1557.8085008126209,86406,1459.5393325172915,1.5819537402915973
631,50,1600.261260886092,78694,1459.5393325172915,1.5819537402915973
631,45,1607.787704255971,70974,1459.5393325172915,1.5819537402915973
631,40,1632.1093385046786,63253,1459.5393325172915,1.5819537402915973
631,35,1681.1585854351508,55533,1459.5393325172915,1.5819537402915973
631,30,1697.038177853604,47821,1459.5393325172915,1.5819537402915973
631,25,1758.9196193200155,40101,1459.5393325172915,1.5819537402915973
631,20,1957.624885477016,32380,1459.5393325172915,1.5819537402915973
631,15,2015.47601952956,24660,1459.5393325172915,1.5819537402915973
631,10,2062.4749214154835,16948,1459.5393325172915,1.5819537402915973
631,5,2308.9237061784306,9228,1459.5393325172915,1.5819537402915973
632,80,1332.13973364273,125000,1332.13973364273,1.7252872588313188
632,75,1353.3146175725806,117279,1332.13973364273,1.7252872588313188
632,70,1372.8737727751893,109567,1332.13973364273,1.7252872588313188
632,65,1386.0495917952092,101847,1332.13973364273,1.7252872588313188
632,60,1419.3628221549225,94126,1332.13973364273,1.7252872588313188
632,55,1437.7930377955065,86406,1332.13973364273,1.7252872588313188
632,50,1494.866329026678,78694,1332.13973364273,1.7252872588313188
632,45,1511.1341568402931,70974,1332.13973364273,1.7252872588313188
632,40,1545.656901309029,63253,1332.13973364273,1.7252872588313188
632,35,1605.6724303248293,55533,1332.13973364273,1.7252872588313188
632,30,1622.4656604334104,47821,1332.13973364273,1.7252872588313188
632,25,1682.9814690127243,40101,1332.13973364273,1.7252872588313188
632,20,1882.2476907005707,32380,1332.13973364273,1.7252872588313188
632,15,1952.780460019255,24660,1332.13973364273,1.7252872588313188
632,10,2023.3362684983645,16948,1332.13973364273,1.7252872588313188
632,5,2298.3237094367487,9228,1332.13973364273,1.7252872588313188
633,80,1221.9829161014206,125000,1221.9829161014206,1.8787770023352848
633,75,1245.0407911607756,117279,1221.9829161014206,1.8787770023352848
633,70,1264.6416344952463,109567,1221.9829161014206,1.8787770023352848
633,65,1277.0349359875777,101847,1221.9829161014206,1.8787770023352848
633,60,1324.7740168756704,94126,1221.9829161014206,1.8787770023352848
633,55,1337.8767379971987,86406,1221.9829161014206,1.8787770023352848
633,50,1409.7059369447456,78694,1221.9829161014206,1.8787770023352848
633,45,1428.135915471754,70974,1221.9829161014206,1.8787770023352848
633,40,1479.2745212376124,63253,1221.9829161014206,1.8787770023352848
633,35,1556.0122209243002,55533,1221.9829161014206,1.8787770023352848
633,30,1572.9410385163394,47821,1221.9829161014206,1.8787770023352848
633,25,1635.7486899560597,40101,1221.9829161014206,1.8787770023352848
633,20,1845.474407783329,32380,1221.9829161014206,1.8787770023352848
633,15,1929.242296424812,24660,1221.9829161014206,1.8787770023352848
633,10,2009.849513950517,16948,1221.9829161014206,1.8787770023352848
633,5,2295.833400017957,9228,1221.9829161014206,1.8787770023352848
634,80,1113.9171779065082,125000,1113.9171779065082,2.0490266141164057
634,75,1138.2505061927611,117279,1113.9171779065082,2.0490266141164057
634,70,1158.4754137884383,109567,1113.9171779065082,2.0490266141164057
634,65,1169.9303710067218,101847,1113.9171779065082,2.0490266141164057
634,60,1235.9356093719684,94126,1113.9171779065082,2.0490266141164057
634,55,1251.6048402418407,86406,1113.9171779065082,2.0490266141164057
634,50,1316.351319188726,78694,1113.9171779065082,2.0490266141164057
634,45,1336.3396585117823,70974,1113.9171779065082,2.0490266141164057
634,40,1392.0060792233498,63253,1113.9171779065082,2.0490266141164057
634,35,1496.0104192025851,55533,1113.9171779065082,2.0490266141164057
634,30,1513.7747312781787,47821,1113.9171779065082,2.0490266141164057
634,25,1584.2220773467911,40101,1113.9171779065082,2.0490266141164057
634,20,1820.6061542769532,32380,1113.9171779065082,2.0490266141164057
634,15,1928.211375333425,24660,1113.9171779065082,2.0490266141164057
634,10,2008.121447556563,16948,1113.9171779065082,2.0490266141164057
634,5,2282.4459434518744,9228,1113.9171779065082,2.0490266141164057
635,80,1013.1928937452908,125000,1013.1928937452908,2.248751761385761
635,75,1044.7919629894386,117279,1013.1928937452908,2.248751761385761
635,70,1062.2534580608428,109567,1013.1928937452908,2.248751761385761
635,65,1070.6327865029175,101847,1013.1928937452908,2.248751761385761
635,60,1150.2755018445962,94126,1013.1928937452908,2.248751761385761
635,55,1171.166956554334,86406,1013.1928937452908,2.248751761385761
635,50,1239.6653487600145,78694,1013.1928937452908,2.248751761385761
635,45,1265.8155097350707,70974,1013.1928937452908,2.248751761385761
635,40,1329.51836755233,63253,1013.1928937452908,2.248751761385761
635,35,1454.2307644256578,55533,1013.1928937452908,2.248751761385761
635,30,1472.174825926756,47821,1013.1928937452908,2.248751761385761
635,25,1555.3587975257324,40101,1013.1928937452908,2.248751761385761
635,20,1804.2358977929343,32380,1013.1928937452908,2.248751761385761
635,15,1928.7860270230651,24660,1013.1928937452908,2.248751761385761
635,10,2006.018990844196,16948,1013.1928937452908,2.248751761385761
635,5,2278.419304433259,9228,1013.1928937452908,2.248751761385761
636,80,903.9463867030786,125000,903.9463867030786,2.548503273182505
636,75,949.7926964157274,117279,903.9463867030786,2.548503273182505
636,70,965.9157595106092,109567,903.9463867030786,2.548503273182505
636,65,971.3505763159347,101847,903.9463867030786,2.548503273182505
636,60,1068.7259111388794,94126,903.9463867030786,2.548503273182505
636,55,1094.9439237260551,86406,903.9463867030786,2.548503273182505
636,50,1173.3324202189854,78694,903.9463867030786,2.548503273182505
636,45,1207.4300321249643,70974,903.9463867030786,2.548503273182505
636,40,1295.9609924108688,63253,903.9463867030786,2.548503273182505
636,35,1449.2244578735535,55533,903.9463867030786,2.548503273182505
636,30,1467.2388497693428,47821,903.9463867030786,2.548503273182505
636,25,1568.9167574348128,40101,903.9463867030786,2.548503273182505
636,20,1826.2831181732915,32380,903.9463867030786,2.548503273182505
636,15,1958.23308927931,24660,903.9463867030786,2.548503273182505
636,10,2035.2996723207184,16948,903.9463867030786,2.548503273182505
636,5,2303.710325294294,9228,903.9463867030786,2.548503273182505
638,80,972.7691003152794,125000,972.7691003152794,2.4208405459269504
638,75,997.681717327071,117279,972.7691003152794,2.4208405459269504
638,70,1004.8721410810095,109567,972.7691003152794,2.4208405459269504
638,65,1011.0172865111005,101847,972.7691003152794,2.4208405459269504
638,60,1077.4888296799504,94126,972.7691003152794,2.4208405459269504
638,55,1119.7949645775902,86406,972.7691003152794,2.4208405459269504
638,50,1181.0011464729007,78694,972.7691003152794,2.4208405459269504
638,45,1221.9767337641438,70974,972.7691003152794,2.4208405459269504
638,40,1315.4344101554152,63253,972.7691003152794,2.4208405459269504
638,35,1463.6123842824634,55533,972.7691003152794,2.4208405459269504
638,30,1486.9503845863169,47821,972.7691003152794,2.4208405459269504
638,25,1638.8481960920894,40101,972.7691003152794,2.4208405459269504
638,20,1891.568614158694,32380,972.7691003152794,2.4208405459269504
638,15,2034.3636346857247,24660,972.7691003152794,2.4208405459269504
638,10,2113.690958080793,16948,972.7691003152794,2.4208405459269504
638,5,2354.9188798681093,9228,972.7691003152794,2.4208405459269504
639,80,1041.0438230535392,125000,1041.0438230535392,2.1973407835221868
639,75,1058.1210349500311,117279,1041.0438230535392,2.1973407835221868
639,70,1064.8699223892822,109567,1041.0438230535392,2.1973407835221868
639,65,1070.2118815827148,101847,1041.0438230535392,2.1973407835221868
639,60,1115.0728722373449,94126,1041.0438230535392,2.1973407835221868
639,55,1153.1318416567365,86406,1041.0438230535392,2.1973407835221868
639,50,1197.462082041024,78694,1041.0438230535392,2.1973407835221868
639,45,1227.7954152557163,70974,1041.0438230535392,2.1973407835221868
639,40,1323.491235576162,63253,1041.0438230535392,2.1973407835221868
639,35,1428.6008155723289,55533,1041.0438230535392,2.1973407835221868
639,30,1446.4613519128864,47821,1041.0438230535392,2.1973407835221868
639,25,1582.2640789398931,40101,1041.0438230535392,2.1973407835221868
639,20,1806.2273785217048,32380,1041.0438230535392,2.1973407835221868
639,15,1973.8343849724447,24660,1041.0438230535392,2.1973407835221868
639,10,2055.580397115437,16948,1041.0438230535392,2.1973407835221868
639,5,2287.5280498293964,9228,1041.0438230535392,2.1973407835221868
640,80,1092.6158082854863,125000,1092.6158082854863,2.078817795828789
640,75,1105.1312729018623,117279,1092.6158082854863,2.078817795828789
640,70,1110.6566299253295,109567,1092.6158082854863,2.078817795828789
640,65,1118.963906730133,101847,1092.6158082854863,2.078817795828789
640,60,1156.9145542865322,94126,1092.6158082854863,2.078817795828789
640,55,1187.870038361536,86406,1092.6158082854863,2.078817795828789
640,50,1225.6824114725096,78694,1092.6158082854863,2.078817795828789
640,45,1248.6360262746216,70974,1092.6158082854863,2.078817795828789
640,40,1349.61205007786,63253,1092.6158082854863,2.078817795828789
640,35,1431.0793540102768,55533,1092.6158082854863,2.078817795828789
640,30,1445.5822963676528,47821,1092.6158082854863,2.078817795828789
640,25,1576.0735883674254,40101,1092.6158082854863,2.078817795828789
640,20,1782.5792843823897,32380,1092.6158082854863,2.078817795828789
640,15,1972.079164005376,24660,1092.6158082854863,2.078817795828789
640,10,2058.551085076342,16948,1092.6158082854863,2.078817795828789
640,5,2271.3491862677265,9228,1092.6158082854863,2.078817795828789
641,80,1156.4750024624727,125000,1156.4750024624727,1.9826681855718815
641,75,1166.5772618794133,117279,1156.4750024624727,1.9826681855718815
641,70,1172.3374649336467,109567,1156.4750024624727,1.9826681855718815
641,65,1188.3110554546004,101847,1156.4750024624727,1.9826681855718815
641,60,1220.736013181248,94126,1156.4750024624727,1.9826681855718815
641,55,1241.5222805593246,86406,1156.4750024624727,1.9826681855718815
641,50,1270.5064356078274,78694,1156.4750024624727,1.9826681855718815
641,45,1287.8525224565983,70974,1156.4750024624727,1.9826681855718815
641,40,1384.3127328026917,63253,1156.4750024624727,1.9826681855718815
641,35,1450.3198058912262,55533,1156.4750024624727,1.9826681855718815
641,30,1460.3620466599782,47821,1156.4750024624727,1.9826681855718815
641,25,1587.4430221270866,40101,1156.4750024624727,1.9826681855718815
641,20,1793.7409659028356,32380,1156.4750024624727,1.9826681855718815
641,15,2007.346467128914,24660,1156.4750024624727,1.9826681855718815
641,10,2107.8380563713126,16948,1156.4750024624727,1.9826681855718815
641,5,2292.9061947915084,9228,1156.4750024624727,1.9826681855718815
642,80,1169.960976909432,125000,1169.960976909432,1.9736095758568808
642,75,1179.037071281325,117279,1169.960976909432,1.9736095758568808
642,70,1186.6275013210943,109567,1169.960976909432,1.9736095758568808
642,65,1206.2114939883518,101847,1169.960976909432,1.9736095758568808
642,60,1236.391678163262,94126,1169.960976909432,1.9736095758568808
642,55,1254.6740750199183,86406,1169.960976909432,1.9736095758568808
642,50,1280.6033677832704,78694,1169.960976909432,1.9736095758568808
642,45,1299.1259705555797,70974,1169.960976909432,1.9736095758568808
642,40,1393.5234765653704,63253,1169.960976909432,1.9736095758568808
642,35,1455.4969545651531,55533,1169.960976909432,1.9736095758568808
642,30,1463.83693940273,47821,1169.960976909432,1.9736095758568808
642,25,1591.3169933112983,40101,1169.960976909432,1.9736095758568808
642,20,1807.8928075962287,32380,1169.960976909432,1.9736095758568808
642,15,2033.2685330499671,24660,1169.960976909432,1.9736095758568808
642,10,2137.68781100571,16948,1169.960976909432,1.9736095758568808
642,5,2309.0461874073267,9228,1169.960976909432,1.9736095758568808
643,80,1172.5561069231092,125000,1172.5561069231092,1.9945082353974437
643,75,1181.977302338163,117279,1172.5561069231092,1.9945082353974437
643,70,1192.9594437435192,109567,1172.5561069231092,1.9945082353974437
643,65,1212.851784929005,101847,1172.5561069231092,1.9945082353974437
643,60,1238.7800998668738,94126,1172.5561069231092,1.9945082353974437
643,55,1253.307109658418,86406,1172.5561069231092,1.9945082353974437
643,50,1274.7076624397655,78694,1172.5561069231092,1.9945082353974437
643,45,1297.401585697187,70974,1172.5561069231092,1.9945082353974437
643,40,1394.759050046364,63253,1172.5561069231092,1.9945082353974437
643,35,1464.2410763718349,55533,1172.5561069231092,1.9945082353974437
643,30,1474.1321960781345,47821,1172.5561069231092,1.9945082353974437
643,25,1610.274304445,40101,1172.5561069231092,1.9945082353974437
643,20,1833.2360018088675,32380,1172.5561069231092,1.9945082353974437
643,15,2067.194324177147,24660,1172.5561069231092,1.9945082353974437
643,10,2177.5328790840845,16948,1172.5561069231092,1.9945082353974437
643,5,2338.672811723706,9228,1172.5561069231092,1.9945082353974437
644,80,1198.1565860531368,125000,1198.1565860531368,2.011256527248664
644,75,1208.6257478582722,117279,1198.1565860531368,2.011256527248664
644,70,1222.467585584882,109567,1198.1565860531368,2.011256527248664
644,65,1241.5416264687342,101847,1198.1565860531368,2.011256527248664
644,60,1264.5627770646836,94126,1198.1565860531368,2.011256527248664
644,55,1277.2508073504084,86406,1198.1565860531368,2.011256527248664
644,50,1294.0443821726617,78694,1198.1565860531368,2.011256527248664
644,45,1324.1708099547004,70974,1198.1565860531368,2.011256527248664
644,40,1421.8547756442742,63253,1198.1565860531368,2.011256527248664
644,35,1508.9071257104172,55533,1198.1565860531368,2.011256527248664
644,30,1521.0512938703405,47821,1198.1565860531368,2.011256527248664
644,25,1676.9418374066431,40101,1198.1565860531368,2.011256527248664
644,20,1903.939414893044,32380,1198.1565860531368,2.011256527248664
644,15,2142.561779191156,24660,1198.1565860531368,2.011256527248664
644,10,2256.9591208345014,16948,1198.1565860531368,2.011256527248664
644,5,2409.8002543653465,9228,1198.1565860531368,2.011256527248664
645,80,1182.0343543251483,125000,1182.0343543251483,2.0818772323007355
645,75,1196.5976445794793,117279,1182.0343543251483,2.0818772323007355
645,70,1211.9750371373148,109567,1182.0343543251483,2.0818772323007355
645,65,1232.8980787459636,101847,1182.0343543251483,2.0818772323007355
645,60,1250.969088305053,94126,1182.0343543251483,2.0818772323007355
645,55,1263.1146380216862,86406,1182.0343543251483,2.0818772323007355
645,50,1278.1622680746336,78694,1182.0343543251483,2.0818772323007355
645,45,1317.4432328705493,70974,1182.0343543251483,2.0818772323007355
645,40,1415.6933526286512,63253,1182.0343543251483,2.0818772323007355
645,35,1512.769583276288,55533,1182.0343543251483,2.0818772323007355
645,30,1525.6269204439338,47821,1182.0343543251483,2.0818772323007355
645,25,1701.7356716321435,40101,1182.0343543251483,2.0818772323007355
645,20,1931.2259262539096,32380,1182.0343543251483,2.0818772323007355
645,15,2184.4007526526566,24660,1182.0343543251483,2.0818772323007355
645,10,2311.036737469804,16948,1182.0343543251483,2.0818772323007355
645,5,2460.850410066827,9228,1182.0343543251483,2.0818772323007355
646,80,1131.837275560693,125000,1131.837275560693,2.1883481219854324
646,75,1151.9116905638818,117279,1131.837275560693,2.1883481219854324
646,70,1168.6926314943782,109567,1131.837275560693,2.1883481219854324
646,65,1192.1403634132455,101847,1131.837275560693,2.1883481219854324
646,60,1208.9771078907934,94126,1131.837275560693,2.1883481219854324
646,55,1219.988173445949,86406,1131.837275560693,2.1883481219854324
646,50,1235.2298072937222,78694,1131.837275560693,2.1883481219854324
646,45,1279.8717821340504,70974,1131.837275560693,2.1883481219854324
646,40,1383.7694468194302,63253,1131.837275560693,2.1883481219854324
646,35,1487.517169614893,55533,1131.837275560693,2.1883481219854324
646,30,1502.5511562261538,47821,1131.837275560693,2.1883481219854324
646,25,1691.6232660995388,40101,1131.837275560693,2.1883481219854324
646,20,1927.4784223725171,32380,1131.837275560693,2.1883481219854324
646,15,2190.814126696727,24660,1131.837275560693,2.1883481219854324
646,10,2328.438138722455,16948,1131.837275560693,2.1883481219854324
646,5,2476.8539763663503,9228,1131.837275560693,2.1883481219854324
647,80,1071.401358324208,125000,1071.401358324208,2.3266787412786947
647,75,1097.3809158158151,117279,1071.401358324208,2.3266787412786947
647,70,1114.9592058024648,109567,1071.401358324208,2.3266787412786947
647,65,1141.1168655339493,101847,1071.401358324208,2.3266787412786947
647,60,1156.5940716085763,94126,1071.401358324208,2.3266787412786947
647,55,1166.8238590644212,86406,1071.401358324208,2.3266787412786947
647,50,1182.4063976981995,78694,1071.401358324208,2.3266787412786947
647,45,1231.6703068592728,70974,1071.401358324208,2.3266787412786947
647,40,1343.264486420503,63253,1071.401358324208,2.3266787412786947
647,35,1455.327742834425,55533,1071.401358324208,2.3266787412786947
647,30,1474.20619711007,47821,1071.401358324208,2.3266787412786947
647,25,1675.897733077362,40101,1071.401358324208,2.3266787412786947
647,20,1918.747677101626,32380,1071.401358324208,2.3266787412786947
647,15,2194.193873157348,24660,1071.401358324208,2.3266787412786947
647,10,2345.935082818796,16948,1071.401358324208,2.3266787412786947
647,5,2492.806763790052,9228,1071.401358324208,2.3266787412786947
648,80,988.938789419463,125000,988.938789419463,2.5458260434797584
648,75,1021.98094769646,117279,988.938789419463,2.5458260434797584
648,70,1040.7394205945543,109567,988.938789419463,2.5458260434797584
648,65,1070.8991200880712,101847,988.938789419463,2.5458260434797584
648,60,1085.9978010380728,94126,988.938789419463,2.5458260434797584
648,55,1095.8265595769103,86406,988.938789419463,2.5458260434797584
648,50,1113.74186657071,78694,988.938789419463,2.5458260434797584
648,45,1164.803144041702,70974,988.938789419463,2.5458260434797584
648,40,1288.1262090181915,63253,988.938789419463,2.5458260434797584
648,35,1414.6775219207289,55533,988.938789419463,2.5458260434797584
648,30,1439.408159838075,47821,988.938789419463,2.5458260434797584
648,25,1662.7361150616905,40101,988.938789419463,2.5458260434797584
648,20,1920.7599251806328,32380,988.938789419463,2.5458260434797584
648,15,2205.238496420526,24660,988.938789419463,2.5458260434797584
648,10,2374.947040944434,16948,988.938789419463,2.5458260434797584
648,5,2517.666125511413,9228,988.938789419463,2.5458260434797584
649,80,803.1115830107545,125000,803.1115830107545,3.156026203764616
649,75,842.653449560618,117279,803.1115830107545,3.156026203764616
649,70,865.1113263419322,109567,803.1115830107545,3.156026203764616
649,65,898.4139098557985,101847,803.1115830107545,3.156026203764616
649,60,911.877131963905,94126,803.1115830107545,3.156026203764616
649,55,924.5025110929256,86406,803.1115830107545,3.156026203764616
649,50,946.0796741690556,78694,803.1115830107545,3.156026203764616
649,45,1010.8416138354886,70974,803.1115830107545,3.156026203764616
649,40,1169.185518029816,63253,803.1115830107545,3.156026203764616
649,35,1324.059201516224,55533,803.1115830107545,3.156026203764616
649,30,1363.3843300776384,47821,803.1115830107545,3.156026203764616
649,25,1607.7663216535748,40101,803.1115830107545,3.156026203764616
649,20,1878.7517605087853,32380,803.1115830107545,3.156026203764616
649,15,2184.8888817629136,24660,803.1115830107545,3.156026203764616
649,10,2384.4096751551897,16948,803.1115830107545,3.156026203764616
649,5,2534.6412005288225,9228,803.1115830107545,3.156026203764616
650,80,621.5100708840824,125000,621.5100708840824,4.0903876028378265
650,75,665.0071672683812,117279,621.5100708840824,4.0903876028378265
650,70,691.9646089251771,109567,621.5100708840824,4.0903876028378265
650,65,729.8991044497659,101847,621.5100708840824,4.0903876028378265
650,60,742.5519461238152,94126,621.5100708840824,4.0903876028378265
650,55,759.3724732542761,86406,621.5100708840824,4.0903876028378265
650,50,780.1371311222532,78694,621.5100708840824,4.0903876028378265
650,45,864.565627462794,70974,621.5100708840824,4.0903876028378265
650,40,1052.1047516152462,63253,621.5100708840824,4.0903876028378265
650,35,1233.3415189148157,55533,621.5100708840824,4.0903876028378265
650,30,1286.425128955034,47821,621.5100708840824,4.0903876028378265
650,25,1541.9133136967637,40101,621.5100708840824,4.0903876028378265
650,20,1824.2787384376325,32380,621.5100708840824,4.0903876028378265
650,15,2148.8663834870385,24660,621.5100708840824,4.0903876028378265
650,10,2375.5568239792447,16948,621.5100708840824,4.0903876028378265
650,5,2542.217088983109,9228,621.5100708840824,4.0903876028378265
652,80,470.910229341164,125000,470.910229341164,5.404707592020702
652,75,513.6109426722705,117279,470.910229341164,5.404707592020702
652,70,559.1624224581597,109567,470.910229341164,5.404707592020702
652,65,598.3955567209306,101847,470.910229341164,5.404707592020702
652,60,610.9272309953549,94126,470.910229341164,5.404707592020702
652,55,627.8539829169172,86406,470.910229341164,5.404707592020702
652,50,644.3717873176489,78694,470.910229341164,5.404707592020702
652,45,742.1386369477249,70974,470.910229341164,5.404707592020702
652,40,957.1728701893963,63253,470.910229341164,5.404707592020702
652,35,1106.0266626209163,55533,470.910229341164,5.404707592020702
652,30,1163.309355998115,47821,470.910229341164,5.404707592020702
652,25,1434.7739988616772,40101,470.910229341164,5.404707592020702
652,20,1731.1640576904524,32380,470.910229341164,5.404707592020702
652,15,2089.1740853475085,24660,470.910229341164,5.404707592020702
652,10,2344.780758477945,16948,470.910229341164,5.404707592020702
652,5,2545.132091680399,9228,470.910229341164,5.404707592020702
653,80,428.10774065767936,125000,428.10774065767936,5.9661243076801895
653,75,480.3569797112358,117279,428.10774065767936,5.9661243076801895
653,70,529.8092255076684,109567,428.10774065767936,5.9661243076801895
653,65,574.8095088707591,101847,428.10774065767936,5.9661243076801895
653,60,589.7151529392701,94126,428.10774065767936,5.9661243076801895
653,55,605.9104875515801,86406,428.10774065767936,5.9661243076801895
653,50,618.9922215287617,78694,428.10774065767936,5.9661243076801895
653,45,726.052112378811,70974,428.10774065767936,5.9661243076801895
653,40,936.4378745216566,63253,428.10774065767936,5.9661243076801895
653,35,1078.8394593822948,55533,428.10774065767936,5.9661243076801895
653,30,1139.29399941175,47821,428.10774065767936,5.9661243076801895
653,25,1421.613553093807,40101,428.10774065767936,5.9661243076801895
653,20,1706.4842135963222,32380,428.10774065767936,5.9661243076801895
653,15,2073.804799808121,24660,428.10774065767936,5.9661243076801895
653,10,2340.9807845479613,16948,428.10774065767936,5.9661243076801895
653,5,2554.1439978438275,9228,428.10774065767936,5.9661243076801895
655,80,648.8940162903809,125000,648.8940162903809,4.001327339025922
655,75,689.8095001657068,117279,648.8940162903809,4.001327339025922
655,70,730.8586334152415,109567,648.8940162903809,4.001327339025922
655,65,766.527187317112,101847,648.8940162903809,4.001327339025922
655,60,779.1733072394544,94126,648.8940162903809,4.001327339025922
655,55,794.0537374948641,86406,648.8940162903809,4.001327339025922
655,50,810.5448687311203,78694,648.8940162903809,4.001327339025922
655,45,883.9515720606676,70974,648.8940162903809,4.001327339025922
655,40,1052.5976633885032,63253,648.8940162903809,4.001327339025922
655,35,1164.634609725868,55533,648.8940162903809,4.001327339025922
655,30,1225.2179931013352,47821,648.8940162903809,4.001327339025922
655,25,1499.459420417511,40101,648.8940162903809,4.001327339025922
655,20,1739.0145043754271,32380,648.8940162903809,4.001327339025922
655,15,2073.981552905323,24660,648.8940162903809,4.001327339025922
655,10,2350.900085043941,16948,648.8940162903809,4.001327339025922
655,5,2596.437367513033,9228,648.8940162903809,4.001327339025922
656,80,1051.742598036182,125000,1051.742598036182,2.460192757017599
656,75,1083.040748469726,117279,1051.742598036182,2.460192757017599
656,70,1103.6741904984788,109567,1051.742598036182,2.460192757017599
656,65,1113.491350600207,101847,1051.742598036182,2.460192757017599
656,60,1126.956587483178,94126,1051.742598036182,2.460192757017599
656,55,1139.7208946784815,86406,1051.742598036182,2.460192757017599
656,50,1158.6519854359904,78694,1051.742598036182,2.460192757017599
656,45,1198.1550831996788,70974,1051.742598036182,2.460192757017599
656,40,1306.7441743309498,63253,1051.742598036182,2.460192757017599
656,35,1385.9063788654405,55533,1051.742598036182,2.460192757017599
656,30,1426.4088862952613,47821,1051.742598036182,2.460192757017599
656,25,1625.3605206588832,40101,1051.742598036182,2.460192757017599
656,20,1789.810093296417,32380,1051.742598036182,2.460192757017599
656,15,2105.74726194803,24660,1051.742598036182,2.460192757017599
656,10,2334.8965549627046,16948,1051.742598036182,2.460192757017599
656,5,2587.489521935487,9228,1051.742598036182,2.460192757017599
657,80,1298.6515676206488,125000,1298.6515676206488,2.0197778356984037
657,75,1334.2892474812538,117279,1298.6515676206488,2.0197778356984037
657,70,1352.1902513835537,109567,1298.6515676206488,2.0197778356984037
657,65,1358.1453294070252,101847,1298.6515676206488,2.0197778356984037
657,60,1371.5024772603415,94126,1298.6515676206488,2.0197778356984037
657,55,1384.734307371004,86406,1298.6515676206488,2.0197778356984037
657,50,1401.7623833160058,78694,1298.6515676206488,2.0197778356984037
657,45,1434.0335927335373,70974,1298.6515676206488,2.0197778356984037
657,40,1488.6719222849983,63253,1298.6515676206488,2.0197778356984037
657,35,1541.958458914579,55533,1298.6515676206488,2.0197778356984037
657,30,1570.4476705289255,47821,1298.6515676206488,2.0197778356984037
657,25,1735.3380801718129,40101,1298.6515676206488,2.0197778356984037
657,20,1872.7988658390695,32380,1298.6515676206488,2.0197778356984037
657,15,2181.196121454013,24660,1298.6515676206488,2.0197778356984037
657,10,2372.792049987981,16948,1298.6515676206488,2.0197778356984037
657,5,2622.987652575173,9228,1298.6515676206488,2.0197778356984037
658,80,1328.6191337252078,125000,1328.6191337252078,1.9224684262057012
658,75,1344.480630966515,117279,1328.6191337252078,1.9224684262057012
658,70,1365.8255336002994,109567,1328.6191337252078,1.9224684262057012
658,65,1374.9301577963397,101847,1328.6191337252078,1.9224684262057012
658,60,1388.8873414500974,94126,1328.6191337252078,1.9224684262057012
658,55,1394.8308598511055,86406,1328.6191337252078,1.9224684262057012
658,50,1406.9653104505649,78694,1328.6191337252078,1.9224684262057012
658,45,1431.630415841795,70974,1328.6191337252078,1.9224684262057012
658,40,1460.3352741941828,63253,1328.6191337252078,1.9224684262057012
658,35,1497.8102963562865,55533,1328.6191337252078,1.9224684262057012
658,30,1510.4965224053014,47821,1328.6191337252078,1.9224684262057012
658,25,1644.3632750610532,40101,1328.6191337252078,1.9224684262057012
658,20,1804.6415530849308,32380,1328.6191337252078,1.9224684262057012
658,15,2099.433307280845,24660,1328.6191337252078,1.9224684262057012
658,10,2269.008462865512,16948,1328.6191337252078,1.9224684262057012
658,5,2554.2283350394828,9228,1328.6191337252078,1.9224684262057012
659,80,1350.483339546582,125000,1350.483339546582,1.9144697177151355
659,75,1359.5805611159783,117279,1350.483339546582,1.9144697177151355
659,70,1370.7778089374242,109567,1350.483339546582,1.9144697177151355
659,65,1378.4855962938332,101847,1350.483339546582,1.9144697177151355
659,60,1389.7372265233066,94126,1350.483339546582,1.9144697177151355
659,55,1392.0658557009283,86406,1350.483339546582,1.9144697177151355
659,50,1402.4327532647358,78694,1350.483339546582,1.9144697177151355
659,45,1432.5067689418916,70974,1350.483339546582,1.9144697177151355
659,40,1463.1037138439028,63253,1350.483339546582,1.9144697177151355
659,35,1492.325249723445,55533,1350.483339546582,1.9144697177151355
659,30,1503.024317586155,47821,1350.483339546582,1.9144697177151355
659,25,1639.2188553250671,40101,1350.483339546582,1.9144697177151355
659,20,1775.4655227088276,32380,1350.483339546582,1.9144697177151355
659,15,2042.3713198336536,24660,1350.483339546582,1.9144697177151355
659,10,2238.583738500668,16948,1350.483339546582,1.9144697177151355
659,5,2585.4594578407387,9228,1350.483339546582,1.9144697177151355
660,80,1414.910402152767,125000,1414.910402152767,1.8739902741030725
660,75,1427.6944136048076,117279,1414.910402152767,1.8739902741030725
660,70,1436.6983689943438,109567,1414.910402152767,1.8739902741030725
660,65,1451.2603667695485,101847,1414.910402152767,1.8739902741030725
660,60,1462.592581921914,94126,1414.910402152767,1.8739902741030725
660,55,1464.0085299111806,86406,1414.910402152767,1.8739902741030725
660,50,1484.3440136709264,78694,1414.910402152767,1.8739902741030725
660,45,1523.3426626757337,70974,1414.910402152767,1.8739902741030725
660,40,1550.998294855511,63253,1414.910402152767,1.8739902741030725
660,35,1580.2610496787495,55533,1414.910402152767,1.8739902741030725
660,30,1598.6332445552475,47821,1414.910402152767,1.8739902741030725
660,25,1751.2684830751523,40101,1414.910402152767,1.8739902741030725
660,20,1854.770298460228,32380,1414.910402152767,1.8739902741030725
660,15,2085.0435423528006,24660,1414.910402152767,1.8739902741030725
660,10,2285.478836950682,16948,1414.910402152767,1.8739902741030725
660,5,2651.528332361552,9228,1414.910402152767,1.8739902741030725
661,80,1489.177494182522,125000,1489.177494182522,1.8001517591436509
661,75,1505.203530106622,117279,1489.177494182522,1.8001517591436509
661,70,1514.8115081677795,109567,1489.177494182522,1.8001517591436509
661,65,1530.4606911904275,101847,1489.177494182522,1.8001517591436509
661,60,1556.3975772118033,94126,1489.177494182522,1.8001517591436509
661,55,1558.7131156870646,86406,1489.177494182522,1.8001517591436509
661,50,1575.2037983870384,78694,1489.177494182522,1.8001517591436509
661,45,1620.6930998156276,70974,1489.177494182522,1.8001517591436509
661,40,1649.6258231226352,63253,1489.177494182522,1.8001517591436509
661,35,1692.2367215040122,55533,1489.177494182522,1.8001517591436509
661,30,1706.7924448630442,47821,1489.177494182522,1.8001517591436509
661,25,1844.603440342072,40101,1489.177494182522,1.8001517591436509
661,20,1947.2760297380248,32380,1489.177494182522,1.8001517591436509
661,15,2098.1500378068995,24660,1489.177494182522,1.8001517591436509
661,10,2275.375914046563,16948,1489.177494182522,1.8001517591436509
661,5,2680.7454858298006,9228,1489.177494182522,1.8001517591436509
662,80,1430.74227510634,125000,1430.74227510634,1.8216458074936253
662,75,1441.6352270086145,117279,1430.74227510634,1.8216458074936253
662,70,1454.3596317732497,109567,1430.74227510634,1.8216458074936253
662,65,1473.6332600185276,101847,1430.74227510634,1.8216458074936253
662,60,1505.6145401155393,94126,1430.74227510634,1.8216458074936253
662,55,1514.8918641417645,86406,1430.74227510634,1.8216458074936253
662,50,1520.0619868513277,78694,1430.74227510634,1.8216458074936253
662,45,1566.7106775547763,70974,1430.74227510634,1.8216458074936253
662,40,1586.647441521705,63253,1430.74227510634,1.8216458074936253
662,35,1654.2630801083717,55533,1430.74227510634,1.8216458074936253
662,30,1677.505786994904,47821,1430.74227510634,1.8216458074936253
662,25,1775.446917923026,40101,1430.74227510634,1.8216458074936253
662,20,1897.9089872141508,32380,1430.74227510634,1.8216458074936253
662,15,2018.842298554714,24660,1430.74227510634,1.8216458074936253
662,10,2225.0481877099,16948,1430.74227510634,1.8216458074936253
662,5,2606.305667051355,9228,1430.74227510634,1.8216458074936253
663,80,1547.435379000343,125000,1547.435379000343,1.7414836704259768
663,75,1560.5351648476585,117279,1547.435379000343,1.7414836704259768
663,70,1576.5261550555276,109567,1547.435379000343,1.7414836704259768
663,65,1581.7428417707847,101847,1547.435379000343,1.7414836704259768
663,60,1624.8730060778155,94126,1547.435379000343,1.7414836704259768
663,55,1630.3046702685597,86406,1547.435379000343,1.7414836704259768
663,50,1634.3298046336408,78694,1547.435379000343,1.7414836704259768
663,45,1663.5059818202642,70974,1547.435379000343,1.7414836704259768
663,40,1669.3891388943432,63253,1547.435379000343,1.7414836704259768
663,35,1728.1552054125434,55533,1547.435379000343,1.7414836704259768
663,30,1745.235099249745,47821,1547.435379000343,1.7414836704259768
663,25,1826.9193540605904,40101,1547.435379000343,1.7414836704259768
663,20,1944.8792784980744,32380,1547.435379000343,1.7414836704259768
663,15,2058.9428819928344,24660,1547.435379000343,1.7414836704259768
663,10,2274.071833261747,16948,1547.435379000343,1.7414836704259768
663,5,2694.8334435685297,9228,1547.435379000343,1.7414836704259768
664,80,1558.635794500625,125000,1558.635794500625,1.7461783537452933
664,75,1574.1020832452562,117279,1558.635794500625,1.7461783537452933
664,70,1598.781368918535,109567,1558.635794500625,1.7461783537452933
664,65,1602.9180104486206,101847,1558.635794500625,1.7461783537452933
664,60,1635.5244928805264,94126,1558.635794500625,1.7461783537452933
664,55,1636.6897464033502,86406,1558.635794500625,1.7461783537452933
664,50,1643.7140832071736,78694,1558.635794500625,1.7461783537452933
664,45,1667.3491469378448,70974,1558.635794500625,1.7461783537452933
664,40,1674.0879887821775,63253,1558.635794500625,1.7461783537452933
664,35,1723.6068186356615,55533,1558.635794500625,1.7461783537452933
664,30,1734.3910653306348,47821,1558.635794500625,1.7461783537452933
664,25,1821.8325581959684,40101,1558.635794500625,1.7461783537452933
664,20,1939.5232521432367,32380,1558.635794500625,1.7461783537452933
664,15,2054.3339789750576,24660,1558.635794500625,1.7461783537452933
664,10,2273.1832010323237,16948,1558.635794500625,1.7461783537452933
664,5,2721.6560857295885,9228,1558.635794500625,1.7461783537452933
665,80,1449.699419628112,125000,1449.699419628112,1.901212020015688
665,75,1489.2370332261362,117279,1449.699419628112,1.901212020015688
665,70,1508.756716598668,109567,1449.699419628112,1.901212020015688
665,65,1520.9439708555751,101847,1449.699419628112,1.901212020015688
665,60,1543.0833443611411,94126,1449.699419628112,1.901212020015688
665,55,1559.0381823468565,86406,1449.699419628112,1.901212020015688
665,50,1583.6676971025122,78694,1449.699419628112,1.901212020015688
665,45,1603.105861628121,70974,1449.699419628112,1.901212020015688
665,40,1630.6758777097994,63253,1449.699419628112,1.901212020015688
665,35,1730.4935627351122,55533,1449.699419628112,1.901212020015688
665,30,1754.120260036043,47821,1449.699419628112,1.901212020015688
665,25,1933.6418775172256,40101,1449.699419628112,1.901212020015688
665,20,1982.3561625037769,32380,1449.699419628112,1.901212020015688
665,15,2073.280386091271,24660,1449.699419628112,1.901212020015688
665,10,2106.1292882925286,16948,1449.699419628112,1.901212020015688
665,5,2756.185962006733,9228,1449.699419628112,1.901212020015688
666,80,1514.158126330945,125000,1514.158126330945,1.8485451313455143
666,75,1547.7165108908805,117279,1514.158126330945,1.8485451313455143
666,70,1558.479190305488,109567,1514.158126330945,1.8485451313455143
666,65,1585.560345981412,101847,1514.158126330945,1.8485451313455143
666,60,1615.9312601893714,94126,1514.158126330945,1.8485451313455143
666,55,1673.4089973523414,86406,1514.158126330945,1.8485451313455143
666,50,1682.4883485376793,78694,1514.158126330945,1.8485451313455143
666,45,1701.489521730525,70974,1514.158126330945,1.8485451313455143
666,40,1735.8276887926495,63253,1514.158126330945,1.8485451313455143
666,35,1833.0003154880324,55533,1514.158126330945,1.8485451313455143
666,30,1882.9817916087595,47821,1514.158126330945,1.8485451313455143
666,25,1970.4641499158863,40101,1514.158126330945,1.8485451313455143
666,20,2076.6603605460546,32380,1514.158126330945,1.8485451313455143
666,15,2356.850403807716,24660,1514.158126330945,1.8485451313455143
666,10,2441.4716951468204,16948,1514.158126330945,1.8485451313455143
666,5,2798.9896325163145,9228,1514.158126330945,1.8485451313455143
667,80,1506.1984251843896,125000,1506.1984251843896,1.9460844796655397
667,75,1532.378090346295,117279,1506.1984251843896,1.9460844796655397
667,70,1579.8774826111703,109567,1506.1984251843896,1.9460844796655397
667,65,1606.4710768718865,101847,1506.1984251843896,1.9460844796655397
667,60,1646.213501042599,94126,1506.1984251843896,1.9460844796655397
667,55,1665.9431684056965,86406,1506.1984251843896,1.9460844796655397
667,50,1689.7292194678591,78694,1506.1984251843896,1.9460844796655397
667,45,1716.3117974496372,70974,1506.1984251843896,1.9460844796655397
667,40,1742.7205402422924,63253,1506.1984251843896,1.9460844796655397
667,35,1798.350368718141,55533,1506.1984251843896,1.9460844796655397
667,30,1883.157541726668,47821,1506.1984251843896,1.9460844796655397
667,25,1974.6807324829,40101,1506.1984251843896,1.9460844796655397
667,20,2057.0634208557512,32380,1506.1984251843896,1.9460844796655397
667,15,2263.9337046161504,24660,1506.1984251843896,1.9460844796655397
667,10,2444.391777617441,16948,1506.1984251843896,1.9460844796655397
667,5,2931.189378548018,9228,1506.1984251843896,1.9460844796655397
668,80,1382.952956109837,125000,1382.952956109837,2.177402916920787
668,75,1400.6663586039392,117279,1382.952956109837,2.177402916920787
668,70,1409.19021117726,109567,1382.952956109837,2.177402916920787
668,65,1453.4361612101502,101847,1382.952956109837,2.177402916920787
668,60,1480.83833107904,94126,1382.952956109837,2.177402916920787
668,55,1494.069353662759,86406,1382.952956109837,2.177402916920787
668,50,1496.939331034297,78694,1382.952956109837,2.177402916920787
668,45,1513.6913759977422,70974,1382.952956109837,2.177402916920787
668,40,1531.6000406385251,63253,1382.952956109837,2.177402916920787
668,35,1570.2287186307565,55533,1382.952956109837,2.177402916920787
668,30,1719.983190996142,47821,1382.952956109837,2.177402916920787
668,25,1785.3681624968176,40101,1382.952956109837,2.177402916920787
668,20,1902.2885164984225,32380,1382.952956109837,2.177402916920787
668,15,1988.5997393925925,24660,1382.952956109837,2.177402916920787
668,10,2403.8388642666864,16948,1382.952956109837,2.177402916920787
668,5,3011.2458005977846,9228,1382.952956109837,2.177402916920787
669,80,1342.121755668812,125000,1342.121755668812,2.245182525782192
669,75,1359.2103142183623,117279,1342.121755668812,2.245182525782192
669,70,1376.6903569666088,109567,1342.121755668812,2.245182525782192
669,65,1388.781087969734,101847,1342.121755668812,2.245182525782192
669,60,1396.794021131137,94126,1342.121755668812,2.245182525782192
669,55,1404.3592499830538,86406,1342.121755668812,2.245182525782192
669,50,1416.3768249817035,78694,1342.121755668812,2.245182525782192
669,45,1435.162001834304,70974,1342.121755668812,2.245182525782192
669,40,1474.4152751567258,63253,1342.121755668812,2.245182525782192
669,35,1504.3315497706778,55533,1342.121755668812,2.245182525782192
669,30,1546.2430777315933,47821,1342.121755668812,2.245182525782192
669,25,1576.4329212642808,40101,1342.121755668812,2.245182525782192
669,20,1659.8675883891085,32380,1342.121755668812,2.245182525782192
669,15,1725.4173793921334,24660,1342.121755668812,2.245182525782192
669,10,2170.5196101401707,16948,1342.121755668812,2.245182525782192
669,5,3013.308313299733,9228,1342.121755668812,2.245182525782192
670,80,1327.7818100761417,125000,1327.7818100761417,2.187145643849262
670,75,1341.4455754017151,117279,1327.7818100761417,2.187145643849262
670,70,1352.1784976485649,109567,1327.7818100761417,2.187145643849262
670,65,1364.6904465459631,101847,1327.7818100761417,2.187145643849262
670,60,1383.6228548307834,94126,1327.7818100761417,2.187145643849262
670,55,1411.1432141997402,86406,1327.7818100761417,2.187145643849262
670,50,1439.7867279891295,78694,1327.7818100761417,2.187145643849262
670,45,1464.9680592848454,70974,1327.7818100761417,2.187145643849262
670,40,1479.4909377713211,63253,1327.7818100761417,2.187145643849262
670,35,1510.2642047836262,55533,1327.7818100761417,2.187145643849262
670,30,1546.171230123552,47821,1327.7818100761417,2.187145643849262
670,25,1557.361991765489,40101,1327.7818100761417,2.187145643849262
670,20,1653.7720005544024,32380,1327.7818100761417,2.187145643849262
670,15,1737.2639354462915,24660,1327.7818100761417,2.187145643849262
670,10,2096.3759242170377,16948,1327.7818100761417,2.187145643849262
670,5,2904.052201890321,9228,1327.7818100761417,2.187145643849262
671,80,1396.4776013757266,125000,1396.4776013757266,2.0443250133951896
671,75,1408.5723306364457,117279,1396.4776013757266,2.0443250133951896
671,70,1415.6906568388629,109567,1396.4776013757266,2.0443250133951896
671,65,1432.1885006019145,101847,1396.4776013757266,2.0443250133951896
671,60,1463.7976589060113,94126,1396.4776013757266,2.0443250133951896
671,55,1493.1861464956871,86406,1396.4776013757266,2.0443250133951896
671,50,1541.733783448051,78694,1396.4776013757266,2.0443250133951896
671,45,1578.7447581726842,70974,1396.4776013757266,2.0443250133951896
671,40,1608.7574692556714,63253,1396.4776013757266,2.0443250133951896
671,35,1652.8287232212606,55533,1396.4776013757266,2.0443250133951896
671,30,1700.5449239463292,47821,1396.4776013757266,2.0443250133951896
671,25,1713.5272181826474,40101,1396.4776013757266,2.0443250133951896
671,20,1802.5389741816853,32380,1396.4776013757266,2.0443250133951896
671,15,1899.7085754582529,24660,1396.4776013757266,2.0443250133951896
671,10,2135.8196511265382,16948,1396.4776013757266,2.0443250133951896
671,5,2854.8540911385144,9228,1396.4776013757266,2.0443250133951896
672,80,1535.8193210792126,125000,1535.8193210792126,1.9205779482769707
672,75,1552.6827858969527,117279,1535.8193210792126,1.9205779482769707
672,70,1563.7241516495326,109567,1535.8193210792126,1.9205779482769707
672,65,1579.2218318692485,101847,1535.8193210792126,1.9205779482769707
672,60,1610.8590299055993,94126,1535.8193210792126,1.9205779482769707
672,55,1634.6257227311896,86406,1535.8193210792126,1.9205779482769707
672,50,1690.522264320182,78694,1535.8193210792126,1.9205779482769707
672,45,1728.2204853881133,70974,1535.8193210792126,1.9205779482769707
672,40,1763.4715888832534,63253,1535.8193210792126,1.9205779482769707
672,35,1816.9602858053515,55533,1535.8193210792126,1.9205779482769707
672,30,1866.6180873042936,47821,1535.8193210792126,1.9205779482769707
672,25,1878.580080056989,40101,1535.8193210792126,1.9205779482769707
672,20,1968.516846345259,32380,1535.8193210792126,1.9205779482769707
672,15,2073.8858229501457,24660,1535.8193210792126,1.9205779482769707
672,10,2258.225243530094,16948,1535.8193210792126,1.9205779482769707
672,5,2949.660720602444,9228,1535.8193210792126,1.9205779482769707
673,80,1789.8044798088265,125000,1789.8044798088265,1.7952839879118068
673,75,1815.046428769779,117279,1789.8044798088265,1.7952839879118068
673,70,1844.9259429557635,109567,1789.8044798088265,1.7952839879118068
673,65,1861.245454311384,101847,1789.8044798088265,1.7952839879118068
673,60,1899.398403936284,94126,1789.8044798088265,1.7952839879118068
673,55,1920.8874509164075,86406,1789.8044798088265,1.7952839879118068
673,50,1994.6697547633064,78694,1789.8044798088265,1.7952839879118068
673,45,2034.1277444546895,70974,1789.8044798088265,1.7952839879118068
673,40,2080.523165455437,63253,1789.8044798088265,1.7952839879118068
673,35,2156.945753538645,55533,1789.8044798088265,1.7952839879118068
673,30,2214.537065795864,47821,1789.8044798088265,1.7952839879118068
673,25,2237.133929852744,40101,1789.8044798088265,1.7952839879118068
673,20,2326.8473838395066,32380,1789.8044798088265,1.7952839879118068
673,15,2402.8918468478137,24660,1789.8044798088265,1.7952839879118068
673,10,2521.4595919409594,16948,1789.8044798088265,1.7952839879118068
673,5,3213.2073240936065,9228,1789.8044798088265,1.7952839879118068
674,80,1808.73233506682,125000,1808.73233506682,1.8274481441290156
674,75,1840.0450165099692,117279,1808.73233506682,1.8274481441290156
674,70,1877.4804233524924,109567,1808.73233506682,1.8274481441290156
674,65,1885.6151304060795,101847,1808.73233506682,1.8274481441290156
674,60,1927.1162274389856,94126,1808.73233506682,1.8274481441290156
674,55,1951.9377750171636,86406,1808.73233506682,1.8274481441290156
674,50,2013.5212024291568,78694,1808.73233506682,1.8274481441290156
674,45,2077.0275404744348,70974,1808.73233506682,1.8274481441290156
674,40,2138.070255226365,63253,1808.73233506682,1.8274481441290156
674,35,2231.429478354906,55533,1808.73233506682,1.8274481441290156
674,30,2310.0560768526966,47821,1808.73233506682,1.8274481441290156
674,25,2365.4243061134907,40101,1808.73233506682,1.8274481441290156
674,20,2474.459678048902,32380,1808.73233506682,1.8274481441290156
674,15,2523.4301144407686,24660,1808.73233506682,1.8274481441290156
674,10,2625.9703867295125,16948,1808.73233506682,1.8274481441290156
674,5,3305.364548944,9228,1808.73233506682,1.8274481441290156
675,80,1820.053129926051,125000,1820.053129926051,1.8344797137498008
675,75,1848.2812511433615,117279,1820.053129926051,1.8344797137498008
675,70,1887.3584168553475,109567,1820.053129926051,1.8344797137498008
675,65,1892.1470526815103,101847,1820.053129926051,1.8344797137498008
675,60,1925.3428511069735,94126,1820.053129926051,1.8344797137498008
675,55,1941.9975903344107,86406,1820.053129926051,1.8344797137498008
675,50,1986.066603397434,78694,1820.053129926051,1.8344797137498008
675,45,2063.949153747417,70974,1820.053129926051,1.8344797137498008
675,40,2136.053663512717,63253,1820.053129926051,1.8344797137498008
675,35,2237.708593264218,55533,1820.053129926051,1.8344797137498008
675,30,2340.465425597878,47821,1820.053129926051,1.8344797137498008
675,25,2405.3553900226307,40101,1820.053129926051,1.8344797137498008
675,20,2502.255131128782,32380,1820.053129926051,1.8344797137498008
675,15,2533.7061976043083,24660,1820.053129926051,1.8344797137498008
675,10,2654.922204544282,16948,1820.053129926051,1.8344797137498008
675,5,3338.850544796172,9228,1820.053129926051,1.8344797137498008
676,80,1782.0700849364944,125000,1782.0700849364944,1.8588141487051493
676,75,1808.515729387928,117279,1782.0700849364944,1.8588141487051493
676,70,1840.21731770956,109567,1782.0700849364944,1.8588141487051493
676,65,1846.279017681776,101847,1782.0700849364944,1.8588141487051493
676,60,1863.682457995579,94126,1782.0700849364944,1.8588141487051493
676,55,1869.408653554424,86406,1782.0700849364944,1.8588141487051493
676,50,1902.9629757720704,78694,1782.0700849364944,1.8588141487051493
676,45,1984.1505691732584,70974,1782.0700849364944,1.8588141487051493
676,40,2058.0217774467137,63253,1782.0700849364944,1.8588141487051493
676,35,2157.002675304256,55533,1782.0700849364944,1.8588141487051493
676,30,2278.4943924875315,47821,1782.0700849364944,1.8588141487051493
676,25,2355.7112782028235,40101,1782.0700849364944,1.8588141487051493
676,20,2471.509677356963,32380,1782.0700849364944,1.8588141487051493
676,15,2494.307458714774,24660,1782.0700849364944,1.8588141487051493
676,10,2647.4465298297077,16948,1782.0700849364944,1.8588141487051493
676,5,3312.537087864144,9228,1782.0700849364944,1.8588141487051493
677,80,1744.8953867011494,125000,1744.8953867011494,1.9199869271685164
677,75,1770.6990277968014,117279,1744.8953867011494,1.9199869271685164
677,70,1789.8496107792653,109567,1744.8953867011494,1.9199869271685164
677,65,1800.6729105449572,101847,1744.8953867011494,1.9199869271685164
677,60,1811.5226463303488,94126,1744.8953867011494,1.9199869271685164
677,55,1815.070863386181,86406,1744.8953867011494,1.9199869271685164
677,50,1854.43825105444,78694,1744.8953867011494,1.9199869271685164
677,45,1920.6507597760408,70974,1744.8953867011494,1.9199869271685164
677,40,1969.9295587481756,63253,1744.8953867011494,1.9199869271685164
677,35,2063.7725900537434,55533,1744.8953867011494,1.9199869271685164
677,30,2185.040916650927,47821,1744.8953867011494,1.9199869271685164
677,25,2261.657563371787,40101,1744.8953867011494,1.9199869271685164
677,20,2418.8814930522626,32380,1744.8953867011494,1.9199869271685164
677,15,2448.234267929208,24660,1744.8953867011494,1.9199869271685164
677,10,2660.270751292648,16948,1744.8953867011494,1.9199869271685164
677,5,3350.17633174286,9228,1744.8953867011494,1.9199869271685164
678,80,1655.4503945256452,125000,1655.4503945256452,2.0977720213370383
678,75,1679.2932352339535,117279,1655.4503945256452,2.0977720213370383
678,70,1691.311624229313,109567,1655.4503945256452,2.0977720213370383
678,65,1704.3005905192013,101847,1655.4503945256452,2.0977720213370383
678,60,1713.2843166805878,94126,1655.4503945256452,2.0977720213370383
678,55,1720.6554988001913,86406,1655.4503945256452,2.0977720213370383
678,50,1770.3305039431052,78694,1655.4503945256452,2.0977720213370383
678,45,1846.3135296205292,70974,1655.4503945256452,2.0977720213370383
678,40,1877.8847097875205,63253,1655.4503945256452,2.0977720213370383
678,35,1978.8241855291683,55533,1655.4503945256452,2.0977720213370383
678,30,2076.3443983443826,47821,1655.4503945256452,2.0977720213370383
678,25,2191.0599518235213,40101,1655.4503945256452,2.0977720213370383
678,20,2364.466977252481,32380,1655.4503945256452,2.0977720213370383
678,15,2423.0686812152157,24660,1655.4503945256452,2.0977720213370383
678,10,2717.9751947358327,16948,1655.4503945256452,2.0977720213370383
678,5,3472.75752034726,9228,1655.4503945256452,2.0977720213370383
679,80,1497.8777622092243,125000,1497.8777622092243,2.4131298473501297
679,75,1518.4089291824196,117279,1497.8777622092243,2.4131298473501297
679,70,1531.6218582154424,109567,1497.8777622092243,2.4131298473501297
679,65,1545.963601819201,101847,1497.8777622092243,2.4131298473501297
679,60,1547.382998371554,94126,1497.8777622092243,2.4131298473501297
679,55,1561.916914033999,86406,1497.8777622092243,2.4131298473501297
679,50,1608.1131945284671,78694,1497.8777622092243,2.4131298473501297
679,45,1702.7332701388805,70974,1497.8777622092243,2.4131298473501297
679,40,1727.8129006342583,63253,1497.8777622092243,2.4131298473501297
679,35,1816.8802098306453,55533,1497.8777622092243,2.4131298473501297
679,30,1893.5386791259205,47821,1497.8777622092243,2.4131298473501297
679,25,2085.032769981024,40101,1497.8777622092243,2.4131298473501297
679,20,2257.349906514627,32380,1497.8777622092243,2.4131298473501297
679,15,2357.598159534025,24660,1497.8777622092243,2.4131298473501297
679,10,2778.4857500913777,16948,1497.8777622092243,2.4131298473501297
679,5,3614.5735356690993,9228,1497.8777622092243,2.4131298473501297
680,80,1322.3263480064052,125000,1322.3263480064052,2.8190689925257564
680,75,1334.2710367917866,117279,1322.3263480064052,2.8190689925257564
680,70,1352.9877769277143,109567,1322.3263480064052,2.8190689925257564
680,65,1364.657697170339,101847,1322.3263480064052,2.8190689925257564
680,60,1381.4719611110977,94126,1322.3263480064052,2.8190689925257564
680,55,1414.31897046185,86406,1322.3263480064052,2.8190689925257564
680,50,1463.447464751403,78694,1322.3263480064052,2.8190689925257564
680,45,1537.0718283096646,70974,1322.3263480064052,2.8190689925257564
680,40,1574.4571783829922,63253,1322.3263480064052,2.8190689925257564
680,35,1629.9009592203763,55533,1322.3263480064052,2.8190689925257564
680,30,1684.5940320175184,47821,1322.3263480064052,2.8190689925257564
680,25,1953.0721277281,40101,1322.3263480064052,2.8190689925257564
680,20,2103.0595347165595,32380,1322.3263480064052,2.8190689925257564
680,15,2233.269007772139,24660,1322.3263480064052,2.8190689925257564
680,10,2796.255864762243,16948,1322.3263480064052,2.8190689925257564
680,5,3727.7292056646793,9228,1322.3263480064052,2.8190689925257564
681,80,951.4319490554316,125000,951.4319490554316,3.925259873728319
681,75,964.001145214464,117279,951.4319490554316,3.925259873728319
681,70,980.5047436319262,109567,951.4319490554316,3.925259873728319
681,65,1027.2751787918016,101847,951.4319490554316,3.925259873728319
681,60,1098.1179558566448,94126,951.4319490554316,3.925259873728319
681,55,1157.7707189940518,86406,951.4319490554316,3.925259873728319
681,50,1244.6991569415804,78694,951.4319490554316,3.925259873728319
681,45,1303.448792766151,70974,951.4319490554316,3.925259873728319
681,40,1364.3277505240208,63253,951.4319490554316,3.925259873728319
681,35,1429.5485231178093,55533,951.4319490554316,3.925259873728319
681,30,1479.134813209989,47821,951.4319490554316,3.925259873728319
681,25,1828.9134079781825,40101,951.4319490554316,3.925259873728319
681,20,1939.3055947887628,32380,951.4319490554316,3.925259873728319
681,15,2101.797958386808,24660,951.4319490554316,3.925259873728319
681,10,2804.423987561069,16948,951.4319490554316,3.925259873728319
681,5,3734.617652210411,9228,951.4319490554316,3.925259873728319
683,80,1135.1387848678332,125000,1135.1387848678332,3.153812998802874
683,75,1144.853724299367,117279,1135.1387848678332,3.153812998802874
683,70,1160.8466468667075,109567,1135.1387848678332,3.153812998802874
683,65,1223.0701890809707,101847,1135.1387848678332,3.153812998802874
683,60,1277.3157656311494,94126,1135.1387848678332,3.153812998802874
683,55,1323.3305866582325,86406,1135.1387848678332,3.153812998802874
683,50,1396.7125546162447,78694,1135.1387848678332,3.153812998802874
683,45,1435.62019912218,70974,1135.1387848678332,3.153812998802874
683,40,1493.2832260087423,63253,1135.1387848678332,3.153812998802874
683,35,1568.1099786041843,55533,1135.1387848678332,3.153812998802874
683,30,1612.6801109554474,47821,1135.1387848678332,3.153812998802874
683,25,1910.6760735662892,40101,1135.1387848678332,3.153812998802874
683,20,1950.1946749661668,32380,1135.1387848678332,3.153812998802874
683,15,2126.186083573856,24660,1135.1387848678332,3.153812998802874
683,10,2829.2086890090686,16948,1135.1387848678332,3.153812998802874
683,5,3580.0154551614714,9228,1135.1387848678332,3.153812998802874
684,80,1397.0306970892316,125000,1397.0306970892316,2.49924428557735
684,75,1399.6346038322868,117279,1397.0306970892316,2.49924428557735
684,70,1417.1344795788414,109567,1397.0306970892316,2.49924428557735
684,65,1461.9674677815092,101847,1397.0306970892316,2.49924428557735
684,60,1490.9429623756491,94126,1397.0306970892316,2.49924428557735
684,55,1515.366668364188,86406,1397.0306970892316,2.49924428557735
684,50,1559.88506825039,78694,1397.0306970892316,2.49924428557735
684,45,1591.9214897962136,70974,1397.0306970892316,2.49924428557735
684,40,1649.6671061890777,63253,1397.0306970892316,2.49924428557735
684,35,1719.945353033397,55533,1397.0306970892316,2.49924428557735
684,30,1770.145449727955,47821,1397.0306970892316,2.49924428557735
684,25,1996.019388581451,40101,1397.0306970892316,2.49924428557735
684,20,2037.4124904088048,32380,1397.0306970892316,2.49924428557735
684,15,2216.6828160752125,24660,1397.0306970892316,2.49924428557735
684,10,2851.313568351527,16948,1397.0306970892316,2.49924428557735
684,5,3491.520986476404,9228,1397.0306970892316,2.49924428557735
685,80,1503.5067848989634,125000,1503.5067848989634,2.245609057894203
685,75,1505.0808278750148,117279,1503.5067848989634,2.245609057894203
685,70,1528.1840650785848,109567,1503.5067848989634,2.245609057894203
685,65,1561.2533528848248,101847,1503.5067848989634,2.245609057894203
685,60,1579.929883870064,94126,1503.5067848989634,2.245609057894203
685,55,1594.0940301986664,86406,1503.5067848989634,2.245609057894203
685,50,1627.1954542321605,78694,1503.5067848989634,2.245609057894203
685,45,1657.4235047697734,70974,1503.5067848989634,2.245609057894203
685,40,1722.8867282307356,63253,1503.5067848989634,2.245609057894203
685,35,1795.8810511225809,55533,1503.5067848989634,2.245609057894203
685,30,1846.878106053896,47821,1503.5067848989634,2.245609057894203
685,25,2020.6675652249269,40101,1503.5067848989634,2.245609057894203
685,20,2067.587838352641,32380,1503.5067848989634,2.245609057894203
685,15,2245.842395594025,24660,1503.5067848989634,2.245609057894203
685,10,2825.74632894244,16948,1503.5067848989634,2.245609057894203
685,5,3376.2884547745034,9228,1503.5067848989634,2.245609057894203
686,80,1556.2355073385854,125000,1556.2355073385854,2.098885017046859
686,75,1557.6121086499234,117279,1556.2355073385854,2.098885017046859
686,70,1581.4548189427062,109567,1556.2355073385854,2.098885017046859
686,65,1609.7911634390596,101847,1556.2355073385854,2.098885017046859
686,60,1624.4975306280242,94126,1556.2355073385854,2.098885017046859
686,55,1634.5609472301749,86406,1556.2355073385854,2.098885017046859
686,50,1666.368894939961,78694,1556.2355073385854,2.098885017046859
686,45,1700.4472670117327,70974,1556.2355073385854,2.098885017046859
686,40,1769.0166431249895,63253,1556.2355073385854,2.098885017046859
686,35,1846.0424044692984,55533,1556.2355073385854,2.098885017046859
686,30,1897.112114619707,47821,1556.2355073385854,2.098885017046859
686,25,2033.6689293648797,40101,1556.2355073385854,2.098885017046859
686,20,2091.1343908148933,32380,1556.2355073385854,2.098885017046859
686,15,2277.3344501087977,24660,1556.2355073385854,2.098885017046859
686,10,2803.475096558657,16948,1556.2355073385854,2.098885017046859
686,5,3266.3593893492744,9228,1556.2355073385854,2.098885017046859
687,80,1558.6302849186316,125000,1558.6302849186316,2.015016891352824
687,75,1560.1275856962673,117279,1558.6302849186316,2.015016891352824
687,70,1581.0225994415212,109567,1558.6302849186316,2.015016891352824
687,65,1607.8965892514511,101847,1558.6302849186316,2.015016891352824
687,60,1621.967053783488,94126,1558.6302849186316,2.015016891352824
687,55,1631.3443661673027,86406,1558.6302849186316,2.015016891352824
687,50,1664.6557813840286,78694,1558.6302849186316,2.015016891352824
687,45,1704.401399463136,70974,1558.6302849186316,2.015016891352824
687,40,1774.170606197507,63253,1558.6302849186316,2.015016891352824
687,35,1848.5546283275185,55533,1558.6302849186316,2.015016891352824
687,30,1894.5437439799575,47821,1558.6302849186316,2.015016891352824
687,25,2012.7709517830435,40101,1558.6302849186316,2.015016891352824
687,20,2077.0685198369447,32380,1558.6302849186316,2.015016891352824
687,15,2273.1400394464563,24660,1558.6302849186316,2.015016891352824
687,10,2749.148871814868,16948,1558.6302849186316,2.015016891352824
687,5,3140.6663514851075,9228,1558.6302849186316,2.015016891352824
688,80,1572.1617979639282,125000,1572.1617979639282,1.9641911041774076
688,75,1573.765125701638,117279,1572.1617979639282,1.9641911041774076
688,70,1594.1634839292085,109567,1572.1617979639282,1.9641911041774076
688,65,1620.2534788116857,101847,1572.1617979639282,1.9641911041774076
688,60,1633.726552508335,94126,1572.1617979639282,1.9641911041774076
688,55,1643.7966280692133,86406,1572.1617979639282,1.9641911041774076
688,50,1675.9241125839012,78694,1572.1617979639282,1.9641911041774076
688,45,1718.6867352409647,70974,1572.1617979639282,1.9641911041774076
688,40,1788.1609223046546,63253,1572.1617979639282,1.9641911041774076
688,35,1867.2946901842413,55533,1572.1617979639282,1.9641911041774076
688,30,1913.30105460838,47821,1572.1617979639282,1.9641911041774076
688,25,2014.3186276040892,40101,1572.1617979639282,1.9641911041774076
688,20,2080.624089148629,32380,1572.1617979639282,1.9641911041774076
688,15,2281.565244739969,24660,1572.1617979639282,1.9641911041774076
688,10,2738.1970503057064,16948,1572.1617979639282,1.9641911041774076
688,5,3088.0262178883063,9228,1572.1617979639282,1.9641911041774076
689,80,1587.1150179785711,125000,1587.1150179785711,1.9124329518001864
689,75,1588.39918977076,117279,1587.1150179785711,1.9124329518001864
689,70,1608.3184481305873,109567,1587.1150179785711,1.9124329518001864
689,65,1633.7871718168394,101847,1587.1150179785711,1.9124329518001864
689,60,1647.1080079938304,94126,1587.1150179785711,1.9124329518001864
689,55,1656.7359727050557,86406,1587.1150179785711,1.9124329518001864
689,50,1687.3090843549123,78694,1587.1150179785711,1.9124329518001864
689,45,1731.7839184753286,70974,1587.1150179785711,1.9124329518001864
689,40,1796.832480814278,63253,1587.1150179785711,1.9124329518001864
689,35,1880.1124790247331,55533,1587.1150179785711,1.9124329518001864
689,30,1923.562971851323,47821,1587.1150179785711,1.9124329518001864
689,25,2007.678928384091,40101,1587.1150179785711,1.9124329518001864
689,20,2071.5097837829744,32380,1587.1150179785711,1.9124329518001864
689,15,2270.0256948592646,24660,1587.1150179785711,1.9124329518001864
689,10,2719.883017986297,16948,1587.1150179785711,1.9124329518001864
689,5,3035.2510586791645,9228,1587.1150179785711,1.9124329518001864
690,80,1611.720588094786,125000,1611.720588094786,1.8547963454605532
690,75,1612.7004624836484,117279,1611.720588094786,1.8547963454605532
690,70,1631.970306697152,109567,1611.720588094786,1.8547963454605532
690,65,1655.5199130555422,101847,1611.720588094786,1.8547963454605532
690,60,1668.562589375686,94126,1611.720588094786,1.8547963454605532
690,55,1676.530784284998,86406,1611.720588094786,1.8547963454605532
690,50,1705.8024056238437,78694,1611.720588094786,1.8547963454605532
690,45,1750.658687858696,70974,1611.720588094786,1.8547963454605532
690,40,1812.0933329093427,63253,1611.720588094786,1.8547963454605532
690,35,1894.7996680727472,55533,1611.720588094786,1.8547963454605532
690,30,1932.9342888422304,47821,1611.720588094786,1.8547963454605532
690,25,2005.4291435417144,40101,1611.720588094786,1.8547963454605532
690,20,2065.1924960212223,32380,1611.720588094786,1.8547963454605532
690,15,2256.6882857846376,24660,1611.720588094786,1.8547963454605532
690,10,2703.3383238174656,16948,1611.720588094786,1.8547963454605532
690,5,2989.413456701743,9228,1611.720588094786,1.8547963454605532
691,80,1655.6013511379424,125000,1655.6013511379424,1.7854953338672055
691,75,1657.5423846244564,117279,1655.6013511379424,1.7854953338672055
691,70,1674.2391038928306,109567,1655.6013511379424,1.7854953338672055
691,65,1693.2472231322283,101847,1655.6013511379424,1.7854953338672055
691,60,1707.0126180810053,94126,1655.6013511379424,1.7854953338672055
691,55,1714.8606211025235,86406,1655.6013511379424,1.7854953338672055
691,50,1739.300803984407,78694,1655.6013511379424,1.7854953338672055
691,45,1782.5849190451163,70974,1655.6013511379424,1.7854953338672055
691,40,1842.998336030049,63253,1655.6013511379424,1.7854953338672055
691,35,1921.3343122594365,55533,1655.6013511379424,1.7854953338672055
691,30,1956.1596439433577,47821,1655.6013511379424,1.7854953338672055
691,25,2017.777066946592,40101,1655.6013511379424,1.7854953338672055
691,20,2073.393368928017,32380,1655.6013511379424,1.7854953338672055
691,15,2265.1836038789115,24660,1655.6013511379424,1.7854953338672055
691,10,2694.0886670017085,16948,1655.6013511379424,1.7854953338672055
691,5,2956.068487201037,9228,1655.6013511379424,1.7854953338672055
692,80,1666.1754145659695,125000,1666.1754145659695,1.7632387202473574
692,75,1668.4574239459268,117279,1666.1754145659695,1.7632387202473574
692,70,1683.2575330072898,109567,1666.1754145659695,1.7632387202473574
692,65,1700.5791215055026,101847,1666.1754145659695,1.7632387202473574
692,60,1713.0574889678408,94126,1666.1754145659695,1.7632387202473574
692,55,1721.287654052809,86406,1666.1754145659695,1.7632387202473574
692,50,1741.6478657526177,78694,1666.1754145659695,1.7632387202473574
692,45,1784.6990265559425,70974,1666.1754145659695,1.7632387202473574
692,40,1846.7484056153637,63253,1666.1754145659695,1.7632387202473574
692,35,1920.6560263246488,55533,1666.1754145659695,1.7632387202473574
692,30,1957.3948410624705,47821,1666.1754145659695,1.7632387202473574
692,25,2019.538451716659,40101,1666.1754145659695,1.7632387202473574
692,20,2072.892993314578,32380,1666.1754145659695,1.7632387202473574
692,15,2263.3380439996545,24660,1666.1754145659695,1.7632387202473574
692,10,2677.623393427264,16948,1666.1754145659695,1.7632387202473574
692,5,2937.8650056869105,9228,1666.1754145659695,1.7632387202473574
693,80,1598.8574718434616,125000,1598.8574718434616,1.7891632026370838
693,75,1600.419496453223,117279,1598.8574718434616,1.7891632026370838
693,70,1609.302387049094,109567,1598.8574718434616,1.7891632026370838
693,65,1623.8426139125197,101847,1598.8574718434616,1.7891632026370838
693,60,1633.2935707589766,94126,1598.8574718434616,1.7891632026370838
693,55,1647.0476223216465,86406,1598.8574718434616,1.7891632026370838
693,50,1656.8436274768635,78694,1598.8574718434616,1.7891632026370838
693,45,1700.0116219988483,70974,1598.8574718434616,1.7891632026370838
693,40,1760.6150895832425,63253,1598.8574718434616,1.7891632026370838
693,35,1826.198678015644,55533,1598.8574718434616,1.7891632026370838
693,30,1861.020752505117,47821,1598.8574718434616,1.7891632026370838
693,25,1957.7579069344647,40101,1598.8574718434616,1.7891632026370838
693,20,2003.9867384185584,32380,1598.8574718434616,1.7891632026370838
693,15,2195.7431957882955,24660,1598.8574718434616,1.7891632026370838
693,10,2613.217391840271,16948,1598.8574718434616,1.7891632026370838
693,5,2860.6169548836788,9228,1598.8574718434616,1.7891632026370838
694,80,1595.741059014222,125000,1595.741059014222,1.7985344226393976
694,75,1598.1120717649007,117279,1595.741059014222,1.7985344226393976
694,70,1611.1014384031348,109567,1595.741059014222,1.7985344226393976
694,65,1630.01067194473,101847,1595.741059014222,1.7985344226393976
694,60,1638.1810568471851,94126,1595.741059014222,1.7985344226393976
694,55,1653.1156630994296,86406,1595.741059014222,1.7985344226393976
694,50,1661.9476353517225,78694,1595.741059014222,1.7985344226393976
694,45,1707.1754156884897,70974,1595.741059014222,1.7985344226393976
694,40,1760.039477601294,63253,1595.741059014222,1.7985344226393976
694,35,1830.2158254612052,55533,1595.741059014222,1.7985344226393976
694,30,1866.993427576129,47821,1595.741059014222,1.7985344226393976
694,25,1966.61028037675,40101,1595.741059014222,1.7985344226393976
694,20,2013.3223174006089,32380,1595.741059014222,1.7985344226393976
694,15,2222.425851601716,24660,1595.741059014222,1.7985344226393976
694,10,2634.6061303685187,16948,1595.741059014222,1.7985344226393976
694,5,2869.9952242561244,9228,1595.741059014222,1.7985344226393976
695,80,1605.247989530379,125000,1605.247989530379,1.7930760845913036
695,75,1610.244676916695,117279,1605.247989530379,1.7930760845913036
695,70,1631.5198122180168,109567,1605.247989530379,1.7930760845913036
695,65,1646.4089726108753,101847,1605.247989530379,1.7930760845913036
695,60,1660.2985647748362,94126,1605.247989530379,1.7930760845913036
695,55,1674.975557134613,86406,1605.247989530379,1.7930760845913036
695,50,1684.5843259889996,78694,1605.247989530379,1.7930760845913036
695,45,1730.9307498329586,70974,1605.247989530379,1.7930760845913036
695,40,1780.6281806224029,63253,1605.247989530379,1.7930760845913036
695,35,1831.21165452117,55533,1605.247989530379,1.7930760845913036
695,30,1872.7555086561483,47821,1605.247989530379,1.7930760845913036
695,25,1993.5939712003008,40101,1605.247989530379,1.7930760845913036
695,20,2034.8393189621263,32380,1605.247989530379,1.7930760845913036
695,15,2276.7844707486606,24660,1605.247989530379,1.7930760845913036
695,10,2652.9554180869804,16948,1605.247989530379,1.7930760845913036
695,5,2878.331779865194,9228,1605.247989530379,1.7930760845913036
696,80,1614.9448639248424,125000,1614.9448639248424,1.768114912149516
696,75,1624.3132165991583,117279,1614.9448639248424,1.768114912149516
696,70,1646.76850060494,109567,1614.9448639248424,1.768114912149516
696,65,1657.540038937755,101847,1614.9448639248424,1.768114912149516
696,60,1674.8463989981371,94126,1614.9448639248424,1.768114912149516
696,55,1690.7280044561612,86406,1614.9448639248424,1.768114912149516
696,50,1700.6830241296343,78694,1614.9448639248424,1.768114912149516
696,45,1745.3722086536318,70974,1614.9448639248424,1.768114912149516
696,40,1796.4705966729632,63253,1614.9448639248424,1.768114912149516
696,35,1844.3961893026235,55533,1614.9448639248424,1.768114912149516
696,30,1886.919804937387,47821,1614.9448639248424,1.768114912149516
696,25,2030.143633906065,40101,1614.9448639248424,1.768114912149516
696,20,2072.0817617390067,32380,1614.9448639248424,1.768114912149516
696,15,2326.2902812312723,24660,1614.9448639248424,1.768114912149516
696,10,2657.187434530645,16948,1614.9448639248424,1.768114912149516
696,5,2855.4080962047847,9228,1614.9448639248424,1.768114912149516
697,80,1641.629089328878,125000,1641.629089328878,1.7188252781465172
697,75,1654.8622491056094,117279,1641.629089328878,1.7188252781465172
697,70,1676.2335027875413,109567,1641.629089328878,1.7188252781465172
697,65,1686.9363308322977,101847,1641.629089328878,1.7188252781465172
697,60,1706.6110501326093,94126,1641.629089328878,1.7188252781465172
697,55,1723.5501298422143,86406,1641.629089328878,1.7188252781465172
697,50,1733.8508585970706,78694,1641.629089328878,1.7188252781465172
697,45,1769.325607622451,70974,1641.629089328878,1.7188252781465172
697,40,1824.0683514590503,63253,1641.629089328878,1.7188252781465172
697,35,1876.652907156274,55533,1641.629089328878,1.7188252781465172
697,30,1924.8695736430104,47821,1641.629089328878,1.7188252781465172
697,25,2067.330040944101,40101,1641.629089328878,1.7188252781465172
697,20,2113.731871345219,32380,1641.629089328878,1.7188252781465172
697,15,2363.465678359461,24660,1641.629089328878,1.7188252781465172
697,10,2646.2859254103355,16948,1641.629089328878,1.7188252781465172
697,5,2821.6735760791225,9228,1641.629089328878,1.7188252781465172
698,80,1670.4150134693978,125000,1670.4150134693978,1.6823778070747395
698,75,1681.5776635838158,117279,1670.4150134693978,1.6823778070747395
698,70,1707.3945462743804,109567,1670.4150134693978,1.6823778070747395
698,65,1720.5058713755564,101847,1670.4150134693978,1.6823778070747395
698,60,1739.3787086459477,94126,1670.4150134693978,1.6823778070747395
698,55,1758.3381857900838,86406,1670.4150134693978,1.6823778070747395
698,50,1768.6913943862614,78694,1670.4150134693978,1.6823778070747395
698,45,1798.563399349345,70974,1670.4150134693978,1.6823778070747395
698,40,1857.0440945449864,63253,1670.4150134693978,1.6823778070747395
698,35,1910.737921596508,55533,1670.4150134693978,1.6823778070747395
698,30,1962.271251218236,47821,1670.4150134693978,1.6823778070747395
698,25,2097.806713561097,40101,1670.4150134693978,1.6823778070747395
698,20,2143.7169868945343,32380,1670.4150134693978,1.6823778070747395
698,15,2384.052301704852,24660,1670.4150134693978,1.6823778070747395
698,10,2650.690783043713,16948,1670.4150134693978,1.6823778070747395
698,5,2810.269147265368,9228,1670.4150134693978,1.6823778070747395
699,80,1676.8845715883415,125000,1676.8845715883415,1.67008424307886
699,75,1684.9411098624394,117279,1676.8845715883415,1.67008424307886
699,70,1709.6704675214114,109567,1676.8845715883415,1.67008424307886
699,65,1725.3852385913378,101847,1676.8845715883415,1.67008424307886
699,60,1747.1416193665032,94126,1676.8845715883415,1.67008424307886
699,55,1767.9684654375917,86406,1676.8845715883415,1.67008424307886
699,50,1780.019237076467,78694,1676.8845715883415,1.67008424307886
699,45,1804.524882802837,70974,1676.8845715883415,1.67008424307886
699,40,1867.47228259894,63253,1676.8845715883415,1.67008424307886
699,35,1918.6791211815544,55533,1676.8845715883415,1.67008424307886
699,30,1973.0804640782317,47821,1676.8845715883415,1.67008424307886
699,25,2104.8983418836447,40101,1676.8845715883415,1.67008424307886
699,20,2149.091527965602,32380,1676.8845715883415,1.67008424307886
699,15,2381.648915416893,24660,1676.8845715883415,1.67008424307886
699,10,2644.016184102976,16948,1676.8845715883415,1.67008424307886
699,5,2800.5385004717336,9228,1676.8845715883415,1.67008424307886
700,80,1667.5415384056407,125000,1667.5415384056407,1.6700236708198308
700,75,1671.9512803000334,117279,1667.5415384056407,1.6700236708198308
700,70,1694.7560176828367,109567,1667.5415384056407,1.6700236708198308
700,65,1712.7949262248824,101847,1667.5415384056407,1.6700236708198308
700,60,1736.1329164872773,94126,1667.5415384056407,1.6700236708198308
700,55,1758.8756694074928,86406,1667.5415384056407,1.6700236708198308
700,50,1774.1488620982352,78694,1667.5415384056407,1.6700236708198308
700,45,1792.5836733805156,70974,1667.5415384056407,1.6700236708198308
700,40,1865.4405847641783,63253,1667.5415384056407,1.6700236708198308
700,35,1917.6830353010944,55533,1667.5415384056407,1.6700236708198308
700,30,1973.915885904812,47821,1667.5415384056407,1.6700236708198308
700,25,2102.836475135316,40101,1667.5415384056407,1.6700236708198308
700,20,2143.789734149684,32380,1667.5415384056407,1.6700236708198308
700,15,2375.8144848764123,24660,1667.5415384056407,1.6700236708198308
700,10,2627.3794103396413,16948,1667.5415384056407,1.6700236708198308
700,5,2784.833841212736,9228,1667.5415384056407,1.6700236708198308
701,80,1652.2740862711046,125000,1652.2740862711046,1.6685145529177547
701,75,1654.1244428427922,117279,1652.2740862711046,1.6685145529177547
701,70,1678.051634819838,109567,1652.2740862711046,1.6685145529177547
701,65,1698.12857940454,101847,1652.2740862711046,1.6685145529177547
701,60,1720.6391459109063,94126,1652.2740862711046,1.6685145529177547
701,55,1741.7065060444968,86406,1652.2740862711046,1.6685145529177547
701,50,1760.0553473490502,78694,1652.2740862711046,1.6685145529177547
701,45,1775.8649605554317,70974,1652.2740862711046,1.6685145529177547
701,40,1856.4727851846471,63253,1652.2740862711046,1.6685145529177547
701,35,1917.7156543970457,55533,1652.2740862711046,1.6685145529177547
701,30,1968.177704905021,47821,1652.2740862711046,1.6685145529177547
701,25,2088.126309111972,40101,1652.2740862711046,1.6685145529177547
701,20,2120.9217723759816,32380,1652.2740862711046,1.6685145529177547
701,15,2349.885176904296,24660,1652.2740862711046,1.6685145529177547
701,10,2590.268793862392,16948,1652.2740862711046,1.6685145529177547
701,5,2756.843358352224,9228,1652.2740862711046,1.6685145529177547
702,80,1655.2607912303895,125000,1655.2607912303895,1.662783791359389
702,75,1656.8251413932285,117279,1655.2607912303895,1.662783791359389
702,70,1683.7742951246016,109567,1655.2607912303895,1.662783791359389
702,65,1704.970214898828,101847,1655.2607912303895,1.662783791359389
702,60,1729.2978507388673,94126,1655.2607912303895,1.662783791359389
702,55,1751.3010732649514,86406,1655.2607912303895,1.662783791359389
702,50,1770.7218865301095,78694,1655.2607912303895,1.662783791359389
702,45,1785.3513159300403,70974,1655.2607912303895,1.662783791359389
702,40,1867.251241446529,63253,1655.2607912303895,1.662783791359389
702,35,1931.7369474214515,55533,1655.2607912303895,1.662783791359389
702,30,1979.4268032886723,47821,1655.2607912303895,1.662783791359389
702,25,2096.369372106074,40101,1655.2607912303895,1.662783791359389
702,20,2124.9684836982824,32380,1655.2607912303895,1.662783791359389
702,15,2351.4324909881398,24660,1655.2607912303895,1.662783791359389
702,10,2584.007653908885,16948,1655.2607912303895,1.662783791359389
702,5,2752.340814130609,9228,1655.2607912303895,1.662783791359389
703,80,1656.792690625805,125000,1656.792690625805,1.6477846517382797
703,75,1659.4123905780834,117279,1656.792690625805,1.6477846517382797
703,70,1694.0763120824254,109567,1656.792690625805,1.6477846517382797
703,65,1718.3046840216496,101847,1656.792690625805,1.6477846517382797
703,60,1740.595946313956,94126,1656.792690625805,1.6477846517382797
703,55,1766.2482211724905,86406,1656.792690625805,1.6477846517382797
703,50,1785.9754216427386,78694,1656.792690625805,1.6477846517382797
703,45,1798.1342969349216,70974,1656.792690625805,1.6477846517382797
703,40,1884.787040803865,63253,1656.792690625805,1.6477846517382797
703,35,1946.129029735258,55533,1656.792690625805,1.6477846517382797
703,30,1988.59021277542,47821,1656.792690625805,1.6477846517382797
703,25,2096.244644049264,40101,1656.792690625805,1.6477846517382797
703,20,2120.594292737489,32380,1656.792690625805,1.6477846517382797
703,15,2344.695867022968,24660,1656.792690625805,1.6477846517382797
703,10,2555.585151627815,16948,1656.792690625805,1.6477846517382797
703,5,2730.0375667253697,9228,1656.792690625805,1.6477846517382797
704,80,1673.3629113109596,125000,1673.3629113109596,1.621819346982216
704,75,1676.863953801109,117279,1673.3629113109596,1.621819346982216
704,70,1718.2726770704116,109567,1673.3629113109596,1.621819346982216
704,65,1745.3672634679826,101847,1673.3629113109596,1.621819346982216
704,60,1763.4522875197886,94126,1673.3629113109596,1.621819346982216
704,55,1787.9881678571949,86406,1673.3629113109596,1.621819346982216
704,50,1805.918582729944,78694,1673.3629113109596,1.621819346982216
704,45,1815.2763264163173,70974,1673.3629113109596,1.621819346982216
704,40,1903.83420776418,63253,1673.3629113109596,1.621819346982216
704,35,1962.5320705053616,55533,1673.3629113109596,1.621819346982216
704,30,2002.5668236985207,47821,1673.3629113109596,1.621819346982216
704,25,2114.6303521504674,40101,1673.3629113109596,1.621819346982216
704,20,2137.403692210312,32380,1673.3629113109596,1.621819346982216
704,15,2353.606459060241,24660,1673.3629113109596,1.621819346982216
704,10,2543.529671822664,16948,1673.3629113109596,1.621819346982216
704,5,2713.8923440866,9228,1673.3629113109596,1.621819346982216
705,80,1649.741044981357,125000,1649.741044981357,1.6220752211747096
705,75,1654.503326195033,117279,1649.741044981357,1.6220752211747096
705,70,1701.5863642573488,109567,1649.741044981357,1.6220752211747096
705,65,1727.0033703791455,101847,1649.741044981357,1.6220752211747096
705,60,1744.9070832251512,94126,1649.741044981357,1.6220752211747096
705,55,1760.912765534107,86406,1649.741044981357,1.6220752211747096
705,50,1778.7280269066853,78694,1649.741044981357,1.6220752211747096
705,45,1786.8945124072688,70974,1649.741044981357,1.6220752211747096
705,40,1873.5854820845989,63253,1649.741044981357,1.6220752211747096
705,35,1925.9966210477069,55533,1649.741044981357,1.6220752211747096
705,30,1969.416085505732,47821,1649.741044981357,1.6220752211747096
705,25,2104.6875287485477,40101,1649.741044981357,1.6220752211747096
705,20,2128.0705598078544,32380,1649.741044981357,1.6220752211747096
705,15,2344.3564130508944,24660,1649.741044981357,1.6220752211747096
705,10,2526.881014281682,16948,1649.741044981357,1.6220752211747096
705,5,2676.004070419131,9228,1649.741044981357,1.6220752211747096
706,80,1615.8270220668671,125000,1615.8270220668671,1.613694206441909
706,75,1622.8329472489845,117279,1615.8270220668671,1.613694206441909
706,70,1653.3628920927974,109567,1615.8270220668671,1.613694206441909
706,65,1678.7559348701602,101847,1615.8270220668671,1.613694206441909
706,60,1702.4121435648992,94126,1615.8270220668671,1.613694206441909
706,55,1712.6477542720645,86406,1615.8270220668671,1.613694206441909
706,50,1739.7589563750366,78694,1615.8270220668671,1.613694206441909
706,45,1749.0487117157804,70974,1615.8270220668671,1.613694206441909
706,40,1827.784323494864,63253,1615.8270220668671,1.613694206441909
706,35,1877.642175423412,55533,1615.8270220668671,1.613694206441909
706,30,1922.079093396004,47821,1615.8270220668671,1.613694206441909
706,25,2076.826155466499,40101,1615.8270220668671,1.613694206441909
706,20,2106.5201008093736,32380,1615.8270220668671,1.613694206441909
706,15,2301.6368941395026,24660,1615.8270220668671,1.613694206441909
706,10,2487.7031446083515,16948,1615.8270220668671,1.613694206441909
706,5,2607.450704121586,9228,1615.8270220668671,1.613694206441909
707,80,1581.6967578590168,125000,1581.6967578590168,1.5960996129496234
707,75,1592.5285278633487,117279,1581.6967578590168,1.5960996129496234
707,70,1625.2583434513624,109567,1581.6967578590168,1.5960996129496234
707,65,1644.3048696205808,101847,1581.6967578590168,1.5960996129496234
707,60,1674.3827504584813,94126,1581.6967578590168,1.5960996129496234
707,55,1680.8252613298478,86406,1581.6967578590168,1.5960996129496234
707,50,1708.982092720758,78694,1581.6967578590168,1.5960996129496234
707,45,1718.933830913639,70974,1581.6967578590168,1.5960996129496234
707,40,1793.3579757796304,63253,1581.6967578590168,1.5960996129496234
707,35,1824.1056418161468,55533,1581.6967578590168,1.5960996129496234
707,30,1873.2741460433556,47821,1581.6967578590168,1.5960996129496234
707,25,2025.1123139805925,40101,1581.6967578590168,1.5960996129496234
707,20,2062.017408409642,32380,1581.6967578590168,1.5960996129496234
707,15,2247.571271584874,24660,1581.6967578590168,1.5960996129496234
707,10,2422.1144691424947,16948,1581.6967578590168,1.5960996129496234
707,5,2524.545583022451,9228,1581.6967578590168,1.5960996129496234
708,80,1535.2747556911447,125000,1535.2747556911447,1.6535973727487396
708,75,1548.86197710485,117279,1535.2747556911447,1.6535973727487396
708,70,1565.2195177698356,109567,1535.2747556911447,1.6535973727487396
708,65,1594.0676303408193,101847,1535.2747556911447,1.6535973727487396
708,60,1616.7372056322708,94126,1535.2747556911447,1.6535973727487396
708,55,1630.9493374753968,86406,1535.2747556911447,1.6535973727487396
708,50,1678.7120541580568,78694,1535.2747556911447,1.6535973727487396
708,45,1695.105134504348,70974,1535.2747556911447,1.6535973727487396
708,40,1795.6051323014788,63253,1535.2747556911447,1.6535973727487396
708,35,1824.197963261889,55533,1535.2747556911447,1.6535973727487396
708,30,1871.467030823672,47821,1535.2747556911447,1.6535973727487396
708,25,1947.67182690582,40101,1535.2747556911447,1.6535973727487396
708,20,2049.2379923620524,32380,1535.2747556911447,1.6535973727487396
708,15,2330.90204423258,24660,1535.2747556911447,1.6535973727487396
708,10,2423.2454708511555,16948,1535.2747556911447,1.6535973727487396
708,5,2538.72630245834,9228,1535.2747556911447,1.6535973727487396
709,80,1418.54857601279,125000,1418.54857601279,1.6450605818837465
709,75,1420.588217555459,117279,1418.54857601279,1.6450605818837465
709,70,1433.2320073519154,109567,1418.54857601279,1.6450605818837465
709,65,1450.134513301868,101847,1418.54857601279,1.6450605818837465
709,60,1485.61858810039,94126,1418.54857601279,1.6450605818837465
709,55,1497.169883959315,86406,1418.54857601279,1.6450605818837465
709,50,1509.3345253624232,78694,1418.54857601279,1.6450605818837465
709,45,1512.7937851318886,70974,1418.54857601279,1.6450605818837465
709,40,1552.642274381173,63253,1418.54857601279,1.6450605818837465
709,35,1574.7637220026422,55533,1418.54857601279,1.6450605818837465
709,30,1649.6519898267743,47821,1418.54857601279,1.6450605818837465
709,25,1724.2972117640077,40101,1418.54857601279,1.6450605818837465
709,20,1783.403275553238,32380,1418.54857601279,1.6450605818837465
709,15,2078.1394145795143,24660,1418.54857601279,1.6450605818837465
709,10,2225.931778185625,16948,1418.54857601279,1.6450605818837465
709,5,2333.5983458859605,9228,1418.54857601279,1.6450605818837465
710,80,1334.6039388239928,125000,1334.6039388239928,1.725965756939856
710,75,1342.4129058424287,117279,1334.6039388239928,1.725965756939856
710,70,1362.0184303601395,109567,1334.6039388239928,1.725965756939856
710,65,1377.961128199583,101847,1334.6039388239928,1.725965756939856
710,60,1394.6283588978156,94126,1334.6039388239928,1.725965756939856
710,55,1405.6369496094435,86406,1334.6039388239928,1.725965756939856
710,50,1424.6480991596318,78694,1334.6039388239928,1.725965756939856
710,45,1432.4659940050085,70974,1334.6039388239928,1.725965756939856
710,40,1466.2975613525612,63253,1334.6039388239928,1.725965756939856
710,35,1487.9921250287316,55533,1334.6039388239928,1.725965756939856
710,30,1581.503749928726,47821,1334.6039388239928,1.725965756939856
710,25,1611.3118258873458,40101,1334.6039388239928,1.725965756939856
710,20,1683.2604104661227,32380,1334.6039388239928,1.725965756939856
710,15,2005.2152525059776,24660,1334.6039388239928,1.725965756939856
710,10,2192.4572846514784,16948,1334.6039388239928,1.725965756939856
710,5,2303.480697487266,9228,1334.6039388239928,1.725965756939856
711,80,1380.028041324866,125000,1380.028041324866,1.720240691021065
711,75,1386.5910190777522,117279,1380.028041324866,1.720240691021065
711,70,1402.694503381009,109567,1380.028041324866,1.720240691021065
711,65,1442.417474373572,101847,1380.028041324866,1.720240691021065
711,60,1450.1743151382293,94126,1380.028041324866,1.720240691021065
711,55,1457.2449392524393,86406,1380.028041324866,1.720240691021065
711,50,1507.1532528051662,78694,1380.028041324866,1.720240691021065
711,45,1521.3746320386845,70974,1380.028041324866,1.720240691021065
711,40,1598.3988760857676,63253,1380.028041324866,1.720240691021065
711,35,1622.312362650319,55533,1380.028041324866,1.720240691021065
711,30,1708.82868978003,47821,1380.028041324866,1.720240691021065
711,25,1732.2295891665287,40101,1380.028041324866,1.720240691021065
711,20,1880.4284041344213,32380,1380.028041324866,1.720240691021065
711,15,2164.081527063134,24660,1380.028041324866,1.720240691021065
711,10,2265.6835628267213,16948,1380.028041324866,1.720240691021065
711,5,2373.9803914371346,9228,1380.028041324866,1.720240691021065
712,80,1397.0344602669284,125000,1397.0344602669284,1.691262750380871
712,75,1402.279543180671,117279,1397.0344602669284,1.691262750380871
712,70,1418.0468221405736,109567,1397.0344602669284,1.691262750380871
712,65,1465.7104986785805,101847,1397.0344602669284,1.691262750380871
712,60,1477.5000639040484,94126,1397.0344602669284,1.691262750380871
712,55,1484.312069863732,86406,1397.0344602669284,1.691262750380871
712,50,1535.6875356740695,78694,1397.0344602669284,1.691262750380871
712,45,1548.3455457560026,70974,1397.0344602669284,1.691262750380871
712,40,1610.9938301982154,63253,1397.0344602669284,1.691262750380871
712,35,1638.2328062170034,55533,1397.0344602669284,1.691262750380871
712,30,1721.8879128452088,47821,1397.0344602669284,1.691262750380871
712,25,1752.5495793151126,40101,1397.0344602669284,1.691262750380871
712,20,1887.350941627496,32380,1397.0344602669284,1.691262750380871
712,15,2156.570314362626,24660,1397.0344602669284,1.691262750380871
712,10,2259.334162019875,16948,1397.0344602669284,1.691262750380871
712,5,2362.752343647901,9228,1397.0344602669284,1.691262750380871
713,80,1370.9906641999726,125000,1370.9906641999726,1.6715007146781546
713,75,1377.0625178617447,117279,1370.9906641999726,1.6715007146781546
713,70,1392.582907670529,109567,1370.9906641999726,1.6715007146781546
713,65,1438.700500289072,101847,1370.9906641999726,1.6715007146781546
713,60,1461.1029733775586,94126,1370.9906641999726,1.6715007146781546
713,55,1467.9543335581434,86406,1370.9906641999726,1.6715007146781546
713,50,1525.451261219064,78694,1370.9906641999726,1.6715007146781546
713,45,1533.0244485401415,70974,1370.9906641999726,1.6715007146781546
713,40,1578.0914899584006,63253,1370.9906641999726,1.6715007146781546
713,35,1611.762543679273,55533,1370.9906641999726,1.6715007146781546
713,30,1679.653523355497,47821,1370.9906641999726,1.6715007146781546
713,25,1728.240033667529,40101,1370.9906641999726,1.6715007146781546
713,20,1811.2020912216976,32380,1370.9906641999726,1.6715007146781546
713,15,2074.968931248352,24660,1370.9906641999726,1.6715007146781546
713,10,2180.4611548188664,16948,1370.9906641999726,1.6715007146781546
713,5,2291.611875027332,9228,1370.9906641999726,1.6715007146781546
714,80,1305.641807580508,125000,1305.641807580508,1.7203908557854526
714,75,1318.321334018629,117279,1305.641807580508,1.7203908557854526
714,70,1331.9916219963557,109567,1305.641807580508,1.7203908557854526
714,65,1356.538795499646,101847,1305.641807580508,1.7203908557854526
714,60,1385.384130250122,94126,1305.641807580508,1.7203908557854526
714,55,1389.385950195193,86406,1305.641807580508,1.7203908557854526
714,50,1434.1288704437543,78694,1305.641807580508,1.7203908557854526
714,45,1440.1073554446489,70974,1305.641807580508,1.7203908557854526
714,40,1483.2128556559635,63253,1305.641807580508,1.7203908557854526
714,35,1507.9482452770712,55533,1305.641807580508,1.7203908557854526
714,30,1585.1380870692235,47821,1305.641807580508,1.7203908557854526
714,25,1647.4150964952337,40101,1305.641807580508,1.7203908557854526
714,20,1712.9008311657622,32380,1305.641807580508,1.7203908557854526
714,15,2003.22146458397,24660,1305.641807580508,1.7203908557854526
714,10,2138.744473210329,16948,1305.641807580508,1.7203908557854526
714,5,2246.214226692696,9228,1305.641807580508,1.7203908557854526
715,80,1210.901547863917,125000,1210.901547863917,1.775773766340466
715,75,1223.150206298112,117279,1210.901547863917,1.775773766340466
715,70,1235.872213261613,109567,1210.901547863917,1.775773766340466
715,65,1261.5112772846617,101847,1210.901547863917,1.775773766340466
715,60,1286.0987016892436,94126,1210.901547863917,1.775773766340466
715,55,1289.910211209106,86406,1210.901547863917,1.775773766340466
715,50,1330.3297745879715,78694,1210.901547863917,1.775773766340466
715,45,1335.2355813899114,70974,1210.901547863917,1.775773766340466
715,40,1373.4980229895805,63253,1210.901547863917,1.775773766340466
715,35,1401.9646159284018,55533,1210.901547863917,1.775773766340466
715,30,1484.113955736674,47821,1210.901547863917,1.775773766340466
715,25,1555.414788910152,40101,1210.901547863917,1.775773766340466
715,20,1601.9524350285133,32380,1210.901547863917,1.775773766340466
715,15,1915.5379714678352,24660,1210.901547863917,1.775773766340466
715,10,2038.9906171325856,16948,1210.901547863917,1.775773766340466
715,5,2150.2872023178074,9228,1210.901547863917,1.775773766340466
716,80,1140.2581722814098,125000,1140.2581722814098,1.7513209967704884
716,75,1153.955585078184,117279,1140.2581722814098,1.7513209967704884
716,70,1165.8279645334603,109567,1140.2581722814098,1.7513209967704884
716,65,1188.8234883205182,101847,1140.2581722814098,1.7513209967704884
716,60,1221.3698986775314,94126,1140.2581722814098,1.7513209967704884
716,55,1228.1590127997838,86406,1140.2581722814098,1.7513209967704884
716,50,1262.2278254185237,78694,1140.2581722814098,1.7513209967704884
716,45,1270.3826170779485,70974,1140.2581722814098,1.7513209967704884
716,40,1305.8333633684365,63253,1140.2581722814098,1.7513209967704884
716,35,1329.8825851172878,55533,1140.2581722814098,1.7513209967704884
716,30,1384.936799481532,47821,1140.2581722814098,1.7513209967704884
716,25,1468.569911605005,40101,1140.2581722814098,1.7513209967704884
716,20,1497.9016872511736,32380,1140.2581722814098,1.7513209967704884
716,15,1808.2809070589144,24660,1140.2581722814098,1.7513209967704884
716,10,1885.214393462585,16948,1140.2581722814098,1.7513209967704884
716,5,1996.9580788555736,9228,1140.2581722814098,1.7513209967704884
717,80,1004.022727974768,125000,1004.022727974768,1.9136694683668385
717,75,1019.0051957236896,117279,1004.022727974768,1.9136694683668385
717,70,1033.6311059767293,109567,1004.022727974768,1.9136694683668385
717,65,1070.3435897366642,101847,1004.022727974768,1.9136694683668385
717,60,1116.895712543598,94126,1004.022727974768,1.9136694683668385
717,55,1127.083389187797,86406,1004.022727974768,1.9136694683668385
717,50,1170.5807970554165,78694,1004.022727974768,1.9136694683668385
717,45,1190.1108391468483,70974,1004.022727974768,1.9136694683668385
717,40,1230.4748851955962,63253,1004.022727974768,1.9136694683668385
717,35,1245.978882112542,55533,1004.022727974768,1.9136694683668385
717,30,1303.955186564555,47821,1004.022727974768,1.9136694683668385
717,25,1378.0194307044912,40101,1004.022727974768,1.9136694683668385
717,20,1407.685012797332,32380,1004.022727974768,1.9136694683668385
717,15,1743.2357982406531,24660,1004.022727974768,1.9136694683668385
717,10,1804.818889266056,16948,1004.022727974768,1.9136694683668385
717,5,1921.3676400716968,9228,1004.022727974768,1.9136694683668385
719,80,924.5771940250768,125000,924.5771940250768,1.828982460731868
719,75,934.1270843377622,117279,924.5771940250768,1.828982460731868
719,70,964.8135474632094,109567,924.5771940250768,1.828982460731868
719,65,999.3606669533232,101847,924.5771940250768,1.828982460731868
719,60,1040.811130722492,94126,924.5771940250768,1.828982460731868
719,55,1059.1307417352746,86406,924.5771940250768,1.828982460731868
719,50,1107.8362367632403,78694,924.5771940250768,1.828982460731868
719,45,1130.4315327196214,70974,924.5771940250768,1.828982460731868
719,40,1144.1574988984223,63253,924.5771940250768,1.828982460731868
719,35,1153.9003384442308,55533,924.5771940250768,1.828982460731868
719,30,1182.5262880247635,47821,924.5771940250768,1.828982460731868
719,25,1244.9482951375207,40101,924.5771940250768,1.828982460731868
719,20,1276.6527063589529,32380,924.5771940250768,1.828982460731868
719,15,1550.6599027993848,24660,924.5771940250768,1.828982460731868
719,10,1596.7858117481846,16948,924.5771940250768,1.828982460731868
719,5,1691.0354714645505,9228,924.5771940250768,1.828982460731868
720,80,1000.502513635652,125000,1000.502513635652,1.6497075139457251
720,75,1006.9753502727496,117279,1000.502513635652,1.6497075139457251
720,70,1033.4441921019657,109567,1000.502513635652,1.6497075139457251
720,65,1059.4889567873104,101847,1000.502513635652,1.6497075139457251
720,60,1096.193878323943,94126,1000.502513635652,1.6497075139457251
720,55,1113.8430437976783,86406,1000.502513635652,1.6497075139457251
720,50,1148.5603518506912,78694,1000.502513635652,1.6497075139457251
720,45,1168.884572069126,70974,1000.502513635652,1.6497075139457251
720,40,1179.8314253219223,63253,1000.502513635652,1.6497075139457251
720,35,1191.7909980559564,55533,1000.502513635652,1.6497075139457251
720,30,1208.159903488715,47821,1000.502513635652,1.6497075139457251
720,25,1244.151220289309,40101,1000.502513635652,1.6497075139457251
720,20,1273.514603347849,32380,1000.502513635652,1.6497075139457251
720,15,1517.969964643736,24660,1000.502513635652,1.6497075139457251
720,10,1555.600240344234,16948,1000.502513635652,1.6497075139457251
720,5,1650.5365144663203,9228,1000.502513635652,1.6497075139457251
721,80,1022.4366019811343,125000,1022.4366019811343,1.5543001299498074
721,75,1024.6462826145423,117279,1022.4366019811343,1.5543001299498074
721,70,1049.7370652985835,109567,1022.4366019811343,1.5543001299498074
721,65,1069.5335619225507,101847,1022.4366019811343,1.5543001299498074
721,60,1097.5681916221506,94126,1022.4366019811343,1.5543001299498074
721,55,1107.6554320388038,86406,1022.4366019811343,1.5543001299498074
721,50,1132.720999766574,78694,1022.4366019811343,1.5543001299498074
721,45,1143.7961157476025,70974,1022.4366019811343,1.5543001299498074
721,40,1157.1220740889737,63253,1022.4366019811343,1.5543001299498074
721,35,1172.6119287258305,55533,1022.4366019811343,1.5543001299498074
721,30,1190.1144208326198,47821,1022.4366019811343,1.5543001299498074
721,25,1208.6718814479177,40101,1022.4366019811343,1.5543001299498074
721,20,1248.8116940695368,32380,1022.4366019811343,1.5543001299498074
721,15,1478.1128216992415,24660,1022.4366019811343,1.5543001299498074
721,10,1511.5939678519233,16948,1022.4366019811343,1.5543001299498074
721,5,1589.1733433247166,9228,1022.4366019811343,1.5543001299498074
722,80,1054.373757317864,125000,1054.373757317864,1.5203582024712046
722,75,1056.507384283646,117279,1054.373757317864,1.5203582024712046
722,70,1083.350187615392,109567,1054.373757317864,1.5203582024712046
722,65,1098.5518775910955,101847,1054.373757317864,1.5203582024712046
722,60,1122.5354210292828,94126,1054.373757317864,1.5203582024712046
722,55,1136.0255198176894,86406,1054.373757317864,1.5203582024712046
722,50,1155.1861883104036,78694,1054.373757317864,1.5203582024712046
722,45,1162.6329191898108,70974,1054.373757317864,1.5203582024712046
722,40,1176.6223193494554,63253,1054.373757317864,1.5203582024712046
722,35,1190.6427005298997,55533,1054.373757317864,1.5203582024712046
722,30,1209.9715257202977,47821,1054.373757317864,1.5203582024712046
722,25,1223.3144401562497,40101,1054.373757317864,1.5203582024712046
722,20,1271.5236220600273,32380,1054.373757317864,1.5203582024712046
722,15,1486.1232672113406,24660,1054.373757317864,1.5203582024712046
722,10,1528.8313125622117,16948,1054.373757317864,1.5203582024712046
722,5,1603.025790408598,9228,1054.373757317864,1.5203582024712046
723,80,1143.6394792436236,125000,1143.6394792436236,1.43921139015184
723,75,1146.7886527897333,117279,1143.6394792436236,1.43921139015184
723,70,1166.606304898046,109567,1143.6394792436236,1.43921139015184
723,65,1179.8607848333156,101847,1143.6394792436236,1.43921139015184
723,60,1205.387251310788,94126,1143.6394792436236,1.43921139015184
723,55,1219.65480476962,86406,1143.6394792436236,1.43921139015184
723,50,1232.7473948431168,78694,1143.6394792436236,1.43921139015184
723,45,1248.1832026429597,70974,1143.6394792436236,1.43921139015184
723,40,1258.5522472079715,63253,1143.6394792436236,1.43921139015184
723,35,1271.3643651919008,55533,1143.6394792436236,1.43921139015184
723,30,1295.660251832595,47821,1143.6394792436236,1.43921139015184
723,25,1316.8514156757574,40101,1143.6394792436236,1.43921139015184
723,20,1373.1996916435935,32380,1143.6394792436236,1.43921139015184
723,15,1557.9392777384978,24660,1143.6394792436236,1.43921139015184
723,10,1593.7051777228492,16948,1143.6394792436236,1.43921139015184
723,5,1645.9389647547418,9228,1143.6394792436236,1.43921139015184
724,80,1182.5279610896514,125000,1182.5279610896514,1.438207088195173
724,75,1186.0358520419684,117279,1182.5279610896514,1.438207088195173
724,70,1203.0403727973849,109567,1182.5279610896514,1.438207088195173
724,65,1214.858603201258,101847,1182.5279610896514,1.438207088195173
724,60,1232.9580431047668,94126,1182.5279610896514,1.438207088195173
724,55,1240.6487228143612,86406,1182.5279610896514,1.438207088195173
724,50,1252.5703225867608,78694,1182.5279610896514,1.438207088195173
724,45,1274.3032592931722,70974,1182.5279610896514,1.438207088195173
724,40,1287.242406642576,63253,1182.5279610896514,1.438207088195173
724,35,1301.7100205091288,55533,1182.5279610896514,1.438207088195173
724,30,1346.2811027389384,47821,1182.5279610896514,1.438207088195173
724,25,1382.614184425499,40101,1182.5279610896514,1.438207088195173
724,20,1450.3828978401225,32380,1182.5279610896514,1.438207088195173
724,15,1625.35809731627,24660,1182.5279610896514,1.438207088195173
724,10,1658.5511910138337,16948,1182.5279610896514,1.438207088195173
724,5,1700.7200956281224,9228,1182.5279610896514,1.438207088195173
725,80,1235.576884385058,125000,1235.576884385058,1.450400072087896
725,75,1243.352026574432,117279,1235.576884385058,1.450400072087896
725,70,1259.4400452301927,109567,1235.576884385058,1.450400072087896
725,65,1265.276620724554,101847,1235.576884385058,1.450400072087896
725,60,1278.7556167462158,94126,1235.576884385058,1.450400072087896
725,55,1283.657597525775,86406,1235.576884385058,1.450400072087896
725,50,1294.287828176454,78694,1235.576884385058,1.450400072087896
725,45,1314.2817734501116,70974,1235.576884385058,1.450400072087896
725,40,1329.8247612041844,63253,1235.576884385058,1.450400072087896
725,35,1342.7640950944071,55533,1235.576884385058,1.450400072087896
725,30,1398.6975938997507,47821,1235.576884385058,1.450400072087896
725,25,1451.7888344222554,40101,1235.576884385058,1.450400072087896
725,20,1545.5680617601122,32380,1235.576884385058,1.450400072087896
725,15,1735.459850446614,24660,1235.576884385058,1.450400072087896
725,10,1764.7955527613128,16948,1235.576884385058,1.450400072087896
725,5,1792.080802182226,9228,1235.576884385058,1.450400072087896
726,80,1173.3893236755262,125000,1173.3893236755262,1.480584528832864
726,75,1181.9037730120756,117279,1173.3893236755262,1.480584528832864
726,70,1192.4151224246898,109567,1173.3893236755262,1.480584528832864
726,65,1203.64006957783,101847,1173.3893236755262,1.480584528832864
726,60,1226.1959497588964,94126,1173.3893236755262,1.480584528832864
726,55,1231.6609422058343,86406,1173.3893236755262,1.480584528832864
726,50,1250.5458034966766,78694,1173.3893236755262,1.480584528832864
726,45,1285.785794507133,70974,1173.3893236755262,1.480584528832864
726,40,1305.4947494470434,63253,1173.3893236755262,1.480584528832864
726,35,1321.5552990214592,55533,1173.3893236755262,1.480584528832864
726,30,1369.8708499512202,47821,1173.3893236755262,1.480584528832864
726,25,1430.1610222611582,40101,1173.3893236755262,1.480584528832864
726,20,1548.3933953831474,32380,1173.3893236755262,1.480584528832864
726,15,1694.0498678208612,24660,1173.3893236755262,1.480584528832864
726,10,1718.541960310767,16948,1173.3893236755262,1.480584528832864
726,5,1737.302078931642,9228,1173.3893236755262,1.480584528832864
727,80,1096.2457288732812,125000,1096.2457288732812,1.6176377794221728
727,75,1106.6366241483229,117279,1096.2457288732812,1.6176377794221728
727,70,1120.2492767702622,109567,1096.2457288732812,1.6176377794221728
727,65,1133.341096420252,101847,1096.2457288732812,1.6176377794221728
727,60,1174.1533253565658,94126,1096.2457288732812,1.6176377794221728
727,55,1181.4904806705272,86406,1096.2457288732812,1.6176377794221728
727,50,1207.4316868298142,78694,1096.2457288732812,1.6176377794221728
727,45,1280.1218338871608,70974,1096.2457288732812,1.6176377794221728
727,40,1308.6949959783772,63253,1096.2457288732812,1.6176377794221728
727,35,1347.4820978741334,55533,1096.2457288732812,1.6176377794221728
727,30,1398.5442270230812,47821,1096.2457288732812,1.6176377794221728
727,25,1477.780465340844,40101,1096.2457288732812,1.6176377794221728
727,20,1592.5528456287957,32380,1096.2457288732812,1.6176377794221728
727,15,1722.0381919222648,24660,1096.2457288732812,1.6176377794221728
727,10,1749.025191971945,16948,1096.2457288732812,1.6176377794221728
727,5,1773.3285065556158,9228,1096.2457288732812,1.6176377794221728
728,80,987.9483374277391,125000,987.9483374277391,1.826353236180825
728,75,1005.36410223985,117279,987.9483374277391,1.826353236180825
728,70,1021.9368475037452,109567,987.9483374277391,1.826353236180825
728,65,1038.2827885622237,101847,987.9483374277391,1.826353236180825
728,60,1106.5361550949906,94126,987.9483374277391,1.826353236180825
728,55,1116.3984509374216,86406,987.9483374277391,1.826353236180825
728,50,1150.9449239699074,78694,987.9483374277391,1.826353236180825
728,45,1256.3486610582622,70974,987.9483374277391,1.826353236180825
728,40,1291.542621522742,63253,987.9483374277391,1.826353236180825
728,35,1358.031120028353,55533,987.9483374277391,1.826353236180825
728,30,1406.227117819897,47821,987.9483374277391,1.826353236180825
728,25,1496.3138803775837,40101,987.9483374277391,1.826353236180825
728,20,1592.815760591641,32380,987.9483374277391,1.826353236180825
728,15,1743.0220547125884,24660,987.9483374277391,1.826353236180825
728,10,1768.311277165326,16948,987.9483374277391,1.826353236180825
728,5,1804.342643240617,9228,987.9483374277391,1.826353236180825
730,80,947.6904934489978,125000,947.6904934489978,1.930942159652416
730,75,967.34690799603,117279,947.6904934489978,1.930942159652416
730,70,982.9749952851348,109567,947.6904934489978,1.930942159652416
730,65,998.1503789352114,101847,947.6904934489978,1.930942159652416
730,60,1061.4155475709113,94126,947.6904934489978,1.930942159652416
730,55,1076.3096736114146,86406,947.6904934489978,1.930942159652416
730,50,1129.1129645156132,78694,947.6904934489978,1.930942159652416
730,45,1215.7781619080451,70974,947.6904934489978,1.930942159652416
730,40,1262.3558742198663,63253,947.6904934489978,1.930942159652416
730,35,1332.331977512331,55533,947.6904934489978,1.930942159652416
730,30,1372.78694607466,47821,947.6904934489978,1.930942159652416
730,25,1460.3797224206562,40101,947.6904934489978,1.930942159652416
730,20,1547.8592098009606,32380,947.6904934489978,1.930942159652416
730,15,1722.9433809291693,24660,947.6904934489978,1.930942159652416
730,10,1763.36525065078,16948,947.6904934489978,1.930942159652416
730,5,1829.935528102472,9228,947.6904934489978,1.930942159652416
731,80,1089.0584603533675,125000,1089.0584603533675,1.633964822064552
731,75,1101.166350961547,117279,1089.0584603533675,1.633964822064552
731,70,1111.2749094245012,109567,1089.0584603533675,1.633964822064552
731,65,1125.1580173050934,101847,1089.0584603533675,1.633964822064552
731,60,1171.5903190637948,94126,1089.0584603533675,1.633964822064552
731,55,1184.9229147535889,86406,1089.0584603533675,1.633964822064552
731,50,1231.0460736807802,78694,1089.0584603533675,1.633964822064552
731,45,1271.5266310110087,70974,1089.0584603533675,1.633964822064552
731,40,1292.2388826079325,63253,1089.0584603533675,1.633964822064552
731,35,1335.0542174724903,55533,1089.0584603533675,1.633964822064552
731,30,1365.5422561903451,47821,1089.0584603533675,1.633964822064552
731,25,1420.7556506601427,40101,1089.0584603533675,1.633964822064552
731,20,1523.9234419979184,32380,1089.0584603533675,1.633964822064552
731,15,1658.0788003291343,24660,1089.0584603533675,1.633964822064552
731,10,1696.3366725144374,16948,1089.0584603533675,1.633964822064552
731,5,1779.483213389185,9228,1089.0584603533675,1.633964822064552
732,80,1133.2733698135823,125000,1133.2733698135823,1.5803961792845782
732,75,1140.624725965503,117279,1133.2733698135823,1.5803961792845782
732,70,1150.2458755368896,109567,1133.2733698135823,1.5803961792845782
732,65,1162.9311396954029,101847,1133.2733698135823,1.5803961792845782
732,60,1205.009582771449,94126,1133.2733698135823,1.5803961792845782
732,55,1219.9820976784963,86406,1133.2733698135823,1.5803961792845782
732,50,1265.6656209608295,78694,1133.2733698135823,1.5803961792845782
732,45,1294.4541420058367,70974,1133.2733698135823,1.5803961792845782
732,40,1313.734501985583,63253,1133.2733698135823,1.5803961792845782
732,35,1348.1560475383274,55533,1133.2733698135823,1.5803961792845782
732,30,1369.0722289323578,47821,1133.2733698135823,1.5803961792845782
732,25,1414.5860385801411,40101,1133.2733698135823,1.5803961792845782
732,20,1521.0483360179926,32380,1133.2733698135823,1.5803961792845782
732,15,1646.3032584815326,24660,1133.2733698135823,1.5803961792845782
732,10,1682.8267087861143,16948,1133.2733698135823,1.5803961792845782
732,5,1791.0209037383445,9228,1133.2733698135823,1.5803961792845782
733,80,1126.807892997327,125000,1126.807892997327,1.543622819651547
733,75,1132.0262745637417,117279,1126.807892997327,1.543622819651547
733,70,1140.197962898228,109567,1126.807892997327,1.543622819651547
733,65,1152.5491337727512,101847,1126.807892997327,1.543622819651547
733,60,1179.6403983782204,94126,1126.807892997327,1.543622819651547
733,55,1202.369906119237,86406,1126.807892997327,1.543622819651547
733,50,1247.234902181635,78694,1126.807892997327,1.543622819651547
733,45,1273.2169712925306,70974,1126.807892997327,1.543622819651547
733,40,1292.158418802945,63253,1126.807892997327,1.543622819651547
733,35,1321.9478408396417,55533,1126.807892997327,1.543622819651547
733,30,1332.856937041642,47821,1126.807892997327,1.543622819651547
733,25,1365.2328348002532,40101,1126.807892997327,1.543622819651547
733,20,1471.8516168215565,32380,1126.807892997327,1.543622819651547
733,15,1573.832943327477,24660,1126.807892997327,1.543622819651547
733,10,1600.9464998262767,16948,1126.807892997327,1.543622819651547
733,5,1739.366376994152,9228,1126.807892997327,1.543622819651547
734,80,1094.8487807472225,125000,1094.8487807472225,1.509857006793569
734,75,1103.437827808663,117279,1094.8487807472225,1.509857006793569
734,70,1113.1233385577227,109567,1094.8487807472225,1.509857006793569
734,65,1126.4145352654805,101847,1094.8487807472225,1.509857006793569
734,60,1144.2966667650471,94126,1094.8487807472225,1.509857006793569
734,55,1165.320781173017,86406,1094.8487807472225,1.509857006793569
734,50,1200.9196811876332,78694,1094.8487807472225,1.509857006793569
734,45,1226.69980307439,70974,1094.8487807472225,1.509857006793569
734,40,1248.071240077935,63253,1094.8487807472225,1.509857006793569
734,35,1278.9055713035914,55533,1094.8487807472225,1.509857006793569
734,30,1292.1567581798472,47821,1094.8487807472225,1.509857006793569
734,25,1322.4703717996529,40101,1094.8487807472225,1.509857006793569
734,20,1408.399344164697,32380,1094.8487807472225,1.509857006793569
734,15,1521.8705772253238,24660,1094.8487807472225,1.509857006793569
734,10,1543.755057838132,16948,1094.8487807472225,1.509857006793569
734,5,1653.0651029905898,9228,1094.8487807472225,1.509857006793569
735,80,1020.8219876906236,125000,1020.8219876906236,1.490441951331186
735,75,1028.168955374038,117279,1020.8219876906236,1.490441951331186
735,70,1037.1635326380735,109567,1020.8219876906236,1.490441951331186
735,65,1049.1564555955258,101847,1020.8219876906236,1.490441951331186
735,60,1061.7607704314248,94126,1020.8219876906236,1.490441951331186
735,55,1079.942774484016,86406,1020.8219876906236,1.490441951331186
735,50,1100.808979057107,78694,1020.8219876906236,1.490441951331186
735,45,1122.283973496824,70974,1020.8219876906236,1.490441951331186
735,40,1140.3765854481312,63253,1020.8219876906236,1.490441951331186
735,35,1179.6069434318042,55533,1020.8219876906236,1.490441951331186
735,30,1190.0186988064445,47821,1020.8219876906236,1.490441951331186
735,25,1214.6073316885029,40101,1020.8219876906236,1.490441951331186
735,20,1289.9658915908908,32380,1020.8219876906236,1.490441951331186
735,15,1375.769101319651,24660,1020.8219876906236,1.490441951331186
735,10,1402.8127628352277,16948,1020.8219876906236,1.490441951331186
735,5,1521.4759152953927,9228,1020.8219876906236,1.490441951331186
736,80,1053.9366661485278,125000,1053.9366661485278,1.4662772588516686
736,75,1059.7065130648691,117279,1053.9366661485278,1.4662772588516686
736,70,1065.9418006621006,109567,1053.9366661485278,1.4662772588516686
736,65,1074.9777783381678,101847,1053.9366661485278,1.4662772588516686
736,60,1088.4723942143953,94126,1053.9366661485278,1.4662772588516686
736,55,1109.2416165502002,86406,1053.9366661485278,1.4662772588516686
736,50,1131.9844990007266,78694,1053.9366661485278,1.4662772588516686
736,45,1154.97556020326,70974,1053.9366661485278,1.4662772588516686
736,40,1167.5992292307303,63253,1053.9366661485278,1.4662772588516686
736,35,1216.7113914355537,55533,1053.9366661485278,1.4662772588516686
736,30,1223.1267012177289,47821,1053.9366661485278,1.4662772588516686
736,25,1248.7100953360955,40101,1053.9366661485278,1.4662772588516686
736,20,1314.497273182868,32380,1053.9366661485278,1.4662772588516686
736,15,1391.636735139075,24660,1053.9366661485278,1.4662772588516686
736,10,1424.3718622529586,16948,1053.9366661485278,1.4662772588516686
736,5,1545.3633658435297,9228,1053.9366661485278,1.4662772588516686
737,80,1070.5382117980168,125000,1070.5382117980168,1.4462438205636687
737,75,1075.5648561162416,117279,1070.5382117980168,1.4462438205636687
737,70,1085.0745594784958,109567,1070.5382117980168,1.4462438205636687
737,65,1096.0600835357798,101847,1070.5382117980168,1.4462438205636687
737,60,1108.7430476102547,94126,1070.5382117980168,1.4462438205636687
737,55,1133.1673505217827,86406,1070.5382117980168,1.4462438205636687
737,50,1156.9646836788384,78694,1070.5382117980168,1.4462438205636687
737,45,1175.2966202583405,70974,1070.5382117980168,1.4462438205636687
737,40,1188.718333192053,63253,1070.5382117980168,1.4462438205636687
737,35,1244.4933535109567,55533,1070.5382117980168,1.4462438205636687
737,30,1250.5122689953992,47821,1070.5382117980168,1.4462438205636687
737,25,1273.385116204684,40101,1070.5382117980168,1.4462438205636687
737,20,1336.485541439288,32380,1070.5382117980168,1.4462438205636687
737,15,1399.50578022033,24660,1070.5382117980168,1.4462438205636687
737,10,1442.439432521973,16948,1070.5382117980168,1.4462438205636687
737,5,1548.2592734901618,9228,1070.5382117980168,1.4462438205636687
738,80,1035.396634053638,125000,1035.396634053638,1.452912723805236
738,75,1039.3285022768384,117279,1035.396634053638,1.452912723805236
738,70,1049.624716655624,109567,1035.396634053638,1.452912723805236
738,65,1060.818234055415,101847,1035.396634053638,1.452912723805236
738,60,1071.1563299423965,94126,1035.396634053638,1.452912723805236
738,55,1105.4044497347868,86406,1035.396634053638,1.452912723805236
738,50,1124.580858937754,78694,1035.396634053638,1.452912723805236
738,45,1140.7716948489076,70974,1035.396634053638,1.452912723805236
738,40,1158.4802567715433,63253,1035.396634053638,1.452912723805236
738,35,1205.8433532903448,55533,1035.396634053638,1.452912723805236
738,30,1212.2790790609142,47821,1035.396634053638,1.452912723805236
738,25,1237.1597259536384,40101,1035.396634053638,1.452912723805236
738,20,1294.3335203823956,32380,1035.396634053638,1.452912723805236
738,15,1350.51625521318,24660,1035.396634053638,1.452912723805236
738,10,1413.2755541052938,16948,1035.396634053638,1.452912723805236
738,5,1504.3409438016445,9228,1035.396634053638,1.452912723805236
739,80,1031.7196787583296,125000,1031.7196787583296,1.4748600120463682
739,75,1036.1958774211716,117279,1031.7196787583296,1.4748600120463682
739,70,1044.5874069023937,109567,1031.7196787583296,1.4748600120463682
739,65,1056.1077609213023,101847,1031.7196787583296,1.4748600120463682
739,60,1065.5837304000572,94126,1031.7196787583296,1.4748600120463682
739,55,1103.1995836231447,86406,1031.7196787583296,1.4748600120463682
739,50,1119.544144311871,78694,1031.7196787583296,1.4748600120463682
739,45,1141.0954943494896,70974,1031.7196787583296,1.4748600120463682
739,40,1162.5562209259083,63253,1031.7196787583296,1.4748600120463682
739,35,1209.8801304211706,55533,1031.7196787583296,1.4748600120463682
739,30,1215.8776838385347,47821,1031.7196787583296,1.4748600120463682
739,25,1246.4418199131778,40101,1031.7196787583296,1.4748600120463682
739,20,1306.7167317211158,32380,1031.7196787583296,1.4748600120463682
739,15,1354.2387560220925,24660,1031.7196787583296,1.4748600120463682
739,10,1428.551510129331,16948,1031.7196787583296,1.4748600120463682
739,5,1521.642097841985,9228,1031.7196787583296,1.4748600120463682
740,80,1011.5377401127768,125000,1011.5377401127768,1.518470289617743
740,75,1017.6904379175032,117279,1011.5377401127768,1.518470289617743
740,70,1029.199224588912,109567,1011.5377401127768,1.518470289617743
740,65,1041.873802911443,101847,1011.5377401127768,1.518470289617743
740,60,1050.287507633299,94126,1011.5377401127768,1.518470289617743
740,55,1082.919665099984,86406,1011.5377401127768,1.518470289617743
740,50,1100.1805271380556,78694,1011.5377401127768,1.518470289617743
740,45,1126.7197112863569,70974,1011.5377401127768,1.518470289617743
740,40,1153.540461946656,63253,1011.5377401127768,1.518470289617743
740,35,1209.5369982711386,55533,1011.5377401127768,1.518470289617743
740,30,1216.8633101654138,47821,1011.5377401127768,1.518470289617743
740,25,1252.4750112767133,40101,1011.5377401127768,1.518470289617743
740,20,1313.9919825519348,32380,1011.5377401127768,1.518470289617743
740,15,1354.7809571266116,24660,1011.5377401127768,1.518470289617743
740,10,1440.3786791143302,16948,1011.5377401127768,1.518470289617743
740,5,1535.9900051883255,9228,1011.5377401127768,1.518470289617743
741,80,984.75568992683,125000,984.75568992683,1.5688483258529142
741,75,990.734213847614,117279,984.75568992683,1.5688483258529142
741,70,1004.0991053294572,109567,984.75568992683,1.5688483258529142
741,65,1016.5077652727074,101847,984.75568992683,1.5688483258529142
741,60,1023.0564287450052,94126,984.75568992683,1.5688483258529142
741,55,1051.5659737916526,86406,984.75568992683,1.5688483258529142
741,50,1067.249459748184,78694,984.75568992683,1.5688483258529142
741,45,1102.5154625179457,70974,984.75568992683,1.5688483258529142
741,40,1131.590255678658,63253,984.75568992683,1.5688483258529142
741,35,1199.871234266194,55533,984.75568992683,1.5688483258529142
741,30,1206.8459087116453,47821,984.75568992683,1.5688483258529142
741,25,1247.1917379084216,40101,984.75568992683,1.5688483258529142
741,20,1308.1877295299882,32380,984.75568992683,1.5688483258529142
741,15,1344.738251154375,24660,984.75568992683,1.5688483258529142
741,10,1439.7010085632935,16948,984.75568992683,1.5688483258529142
741,5,1544.9323155158386,9228,984.75568992683,1.5688483258529142
742,80,968.2323305821272,125000,968.2323305821272,1.597934190074346
742,75,973.8423141378354,117279,968.2323305821272,1.597934190074346
742,70,987.6629022481006,109567,968.2323305821272,1.597934190074346
742,65,1000.5372244085391,101847,968.2323305821272,1.597934190074346
742,60,1006.7283388277004,94126,968.2323305821272,1.597934190074346
742,55,1034.0962719416111,86406,968.2323305821272,1.597934190074346
742,50,1048.0681898277746,78694,968.2323305821272,1.597934190074346
742,45,1085.1822940996483,70974,968.2323305821272,1.597934190074346
742,40,1114.0236107213364,63253,968.2323305821272,1.597934190074346
742,35,1187.4324710539825,55533,968.2323305821272,1.597934190074346
742,30,1194.5609413447823,47821,968.2323305821272,1.597934190074346
742,25,1236.0006876377363,40101,968.2323305821272,1.597934190074346
742,20,1296.2044828768303,32380,968.2323305821272,1.597934190074346
742,15,1333.4742222678783,24660,968.2323305821272,1.597934190074346
742,10,1434.4487285619318,16948,968.2323305821272,1.597934190074346
742,5,1547.171544972548,9228,968.2323305821272,1.597934190074346
743,80,942.6791287358614,125000,942.6791287358614,1.6300348385242671
743,75,947.5362984690944,117279,942.6791287358614,1.6300348385242671
743,70,960.1683170487694,109567,942.6791287358614,1.6300348385242671
743,65,971.6244251555124,101847,942.6791287358614,1.6300348385242671
743,60,977.2919734789796,94126,942.6791287358614,1.6300348385242671
743,55,1005.0175061198976,86406,942.6791287358614,1.6300348385242671
743,50,1017.4196935852374,78694,942.6791287358614,1.6300348385242671
743,45,1056.1244671091008,70974,942.6791287358614,1.6300348385242671
743,40,1083.4931167467748,63253,942.6791287358614,1.6300348385242671
743,35,1163.5709510290746,55533,942.6791287358614,1.6300348385242671
743,30,1170.48194650981,47821,942.6791287358614,1.6300348385242671
743,25,1215.8333226906384,40101,942.6791287358614,1.6300348385242671
743,20,1272.7972690327613,32380,942.6791287358614,1.6300348385242671
743,15,1312.7924058758588,24660,942.6791287358614,1.6300348385242671
743,10,1415.9663324930832,16948,942.6791287358614,1.6300348385242671
743,5,1536.599821389157,9228,942.6791287358614,1.6300348385242671
744,80,919.1325472334124,125000,919.1325472334124,1.6765176105827644
744,75,926.5552940283796,117279,919.1325472334124,1.6765176105827644
744,70,940.0143305897556,109567,919.1325472334124,1.6765176105827644
744,65,951.3141134475349,101847,919.1325472334124,1.6765176105827644
744,60,957.1209709380952,94126,919.1325472334124,1.6765176105827644
744,55,988.1079630205994,86406,919.1325472334124,1.6765176105827644
744,50,1003.0168730778164,78694,919.1325472334124,1.6765176105827644
744,45,1038.76807837493,70974,919.1325472334124,1.6765176105827644
744,40,1062.851636172526,63253,919.1325472334124,1.6765176105827644
744,35,1148.4383019282684,55533,919.1325472334124,1.6765176105827644
744,30,1156.004234832705,47821,919.1325472334124,1.6765176105827644
744,25,1206.2337981432836,40101,919.1325472334124,1.6765176105827644
744,20,1258.023293299204,32380,919.1325472334124,1.6765176105827644
744,15,1305.7757286527758,24660,919.1325472334124,1.6765176105827644
744,10,1412.5375008111444,16948,919.1325472334124,1.6765176105827644
744,5,1540.9419018966105,9228,919.1325472334124,1.6765176105827644
745,80,878.2705488555846,125000,878.2705488555846,1.745181345145199
745,75,888.1976043163855,117279,878.2705488555846,1.745181345145199
745,70,902.6200362191756,109567,878.2705488555846,1.745181345145199
745,65,913.8768121784284,101847,878.2705488555846,1.745181345145199
745,60,921.2900078337732,94126,878.2705488555846,1.745181345145199
745,55,955.8011516853734,86406,878.2705488555846,1.745181345145199
745,50,973.9984234401112,78694,878.2705488555846,1.745181345145199
745,45,1007.5373235973298,70974,878.2705488555846,1.745181345145199
745,40,1029.6668475172562,63253,878.2705488555846,1.745181345145199
745,35,1123.1973741843165,55533,878.2705488555846,1.745181345145199
745,30,1133.5003092501836,47821,878.2705488555846,1.745181345145199
745,25,1188.3453282675075,40101,878.2705488555846,1.745181345145199
745,20,1237.2195534195343,32380,878.2705488555846,1.745181345145199
745,15,1291.2275566059411,24660,878.2705488555846,1.745181345145199
745,10,1398.228968564096,16948,878.2705488555846,1.745181345145199
745,5,1532.7413778532014,9228,878.2705488555846,1.745181345145199
747,80,872.7958959067884,125000,872.7958959067884,1.7560321880331602
747,75,886.524915932487,117279,872.7958959067884,1.7560321880331602
747,70,897.3386029826385,109567,872.7958959067884,1.7560321880331602
747,65,906.6499261420854,101847,872.7958959067884,1.7560321880331602
747,60,916.569137626341,94126,872.7958959067884,1.7560321880331602
747,55,946.2122374754856,86406,872.7958959067884,1.7560321880331602
747,50,966.528983141926,78694,872.7958959067884,1.7560321880331602
747,45,994.8922045136596,70974,872.7958959067884,1.7560321880331602
747,40,1015.3397798942748,63253,872.7958959067884,1.7560321880331602
747,35,1099.347131515835,55533,872.7958959067884,1.7560321880331602
747,30,1114.587510378598,47821,872.7958959067884,1.7560321880331602
747,25,1172.137806924566,40101,872.7958959067884,1.7560321880331602
747,20,1220.3114233263518,32380,872.7958959067884,1.7560321880331602
747,15,1282.678773431843,24660,872.7958959067884,1.7560321880331602
747,10,1387.9123693225276,16948,872.7958959067884,1.7560321880331602
747,5,1532.6576867955598,9228,872.7958959067884,1.7560321880331602
748,80,895.0033641382688,125000,895.0033641382688,1.711744752459774
748,75,907.7230866653124,117279,895.0033641382688,1.711744752459774
748,70,916.1599544837018,109567,895.0033641382688,1.711744752459774
748,65,924.7343451826569,101847,895.0033641382688,1.711744752459774
748,60,936.0445153923238,94126,895.0033641382688,1.711744752459774
748,55,963.488703217804,86406,895.0033641382688,1.711744752459774
748,50,981.3161652222848,78694,895.0033641382688,1.711744752459774
748,45,1005.1326883293508,70974,895.0033641382688,1.711744752459774
748,40,1026.789549875084,63253,895.0033641382688,1.711744752459774
748,35,1099.5537990606465,55533,895.0033641382688,1.711744752459774
748,30,1116.3099430979034,47821,895.0033641382688,1.711744752459774
748,25,1174.1351383510637,40101,895.0033641382688,1.711744752459774
748,20,1221.3561006019236,32380,895.0033641382688,1.711744752459774
748,15,1284.926810615672,24660,895.0033641382688,1.711744752459774
748,10,1381.8979124190205,16948,895.0033641382688,1.711744752459774
748,5,1532.017311997526,9228,895.0033641382688,1.711744752459774
749,80,906.4932728503238,125000,906.4932728503238,1.6796403463710865
749,75,917.55277830517,117279,906.4932728503238,1.6796403463710865
749,70,924.5355009736004,109567,906.4932728503238,1.6796403463710865
749,65,933.203083906246,101847,906.4932728503238,1.6796403463710865
749,60,945.3241223978656,94126,906.4932728503238,1.6796403463710865
749,55,972.4185962456309,86406,906.4932728503238,1.6796403463710865
749,50,989.7448823297508,78694,906.4932728503238,1.6796403463710865
749,45,1009.3029204436205,70974,906.4932728503238,1.6796403463710865
749,40,1031.993830781185,63253,906.4932728503238,1.6796403463710865
749,35,1091.5324767982172,55533,906.4932728503238,1.6796403463710865
749,30,1108.0715469320266,47821,906.4932728503238,1.6796403463710865
749,25,1166.299293793005,40101,906.4932728503238,1.6796403463710865
749,20,1213.618278130694,32380,906.4932728503238,1.6796403463710865
749,15,1276.3614396424944,24660,906.4932728503238,1.6796403463710865
749,10,1366.9143294224984,16948,906.4932728503238,1.6796403463710865
749,5,1522.5826747933777,9228,906.4932728503238,1.6796403463710865
750,80,908.7732509834656,125000,908.7732509834656,1.6670809252866836
750,75,919.404112372118,117279,908.7732509834656,1.6670809252866836
750,70,926.5677305534306,109567,908.7732509834656,1.6670809252866836
750,65,937.3749094096936,101847,908.7732509834656,1.6670809252866836
750,60,949.6833274712518,94126,908.7732509834656,1.6670809252866836
750,55,975.5431406340437,86406,908.7732509834656,1.6670809252866836
750,50,991.0282702296776,78694,908.7732509834656,1.6670809252866836
750,45,1005.7215969731926,70974,908.7732509834656,1.6670809252866836
750,40,1031.3821712424174,63253,908.7732509834656,1.6670809252866836
750,35,1081.278292634465,55533,908.7732509834656,1.6670809252866836
750,30,1098.3575213790405,47821,908.7732509834656,1.6670809252866836
750,25,1156.1234547681372,40101,908.7732509834656,1.6670809252866836
750,20,1203.5321613304584,32380,908.7732509834656,1.6670809252866836
750,15,1268.3585405235458,24660,908.7732509834656,1.6670809252866836
750,10,1353.8468726637473,16948,908.7732509834656,1.6670809252866836
750,5,1514.9985521253036,9228,908.7732509834656,1.6670809252866836
751,80,920.8448822358604,125000,920.8448822358604,1.6654031233417508
751,75,930.847859171354,117279,920.8448822358604,1.6654031233417508
751,70,936.6187797045492,109567,920.8448822358604,1.6654031233417508
751,65,948.6855553610568,101847,920.8448822358604,1.6654031233417508
751,60,960.808672803446,94126,920.8448822358604,1.6654031233417508
751,55,988.8234134121076,86406,920.8448822358604,1.6654031233417508
751,50,1005.011491739324,78694,920.8448822358604,1.6654031233417508
751,45,1017.2497426633348,70974,920.8448822358604,1.6654031233417508
751,40,1044.3246516536117,63253,920.8448822358604,1.6654031233417508
751,35,1083.179045348716,55533,920.8448822358604,1.6654031233417508
751,30,1100.4646838320268,47821,920.8448822358604,1.6654031233417508
751,25,1160.666339036336,40101,920.8448822358604,1.6654031233417508
751,20,1212.1129348134816,32380,920.8448822358604,1.6654031233417508
751,15,1281.4147714309863,24660,920.8448822358604,1.6654031233417508
751,10,1363.7469533366311,16948,920.8448822358604,1.6654031233417508
751,5,1533.5779429888685,9228,920.8448822358604,1.6654031233417508
752,80,933.2134861660531,125000,933.2134861660531,1.6580401493927237
752,75,942.904411695458,117279,933.2134861660531,1.6580401493927237
752,70,948.082245776282,109567,933.2134861660531,1.6580401493927237
752,65,960.1275609802047,101847,933.2134861660531,1.6580401493927237
752,60,972.4890031521315,94126,933.2134861660531,1.6580401493927237
752,55,1001.3046137918752,86406,933.2134861660531,1.6580401493927237
752,50,1017.8126892407598,78694,933.2134861660531,1.6580401493927237
752,45,1028.6938997744992,70974,933.2134861660531,1.6580401493927237
752,40,1056.1977012511445,63253,933.2134861660531,1.6580401493927237
752,35,1087.834969136367,55533,933.2134861660531,1.6580401493927237
752,30,1105.7506763185727,47821,933.2134861660531,1.6580401493927237
752,25,1166.6593414019644,40101,933.2134861660531,1.6580401493927237
752,20,1219.6564747269292,32380,933.2134861660531,1.6580401493927237
752,15,1290.8286165224058,24660,933.2134861660531,1.6580401493927237
752,10,1371.1055433727388,16948,933.2134861660531,1.6580401493927237
752,5,1547.305428018067,9228,933.2134861660531,1.6580401493927237
753,80,947.5534358387392,125000,947.5534358387392,1.651243860966743
753,75,956.4453449526882,117279,947.5534358387392,1.651243860966743
753,70,961.4737874579902,109567,947.5534358387392,1.651243860966743
753,65,973.7722946910418,101847,947.5534358387392,1.651243860966743
753,60,985.9318829780937,94126,947.5534358387392,1.651243860966743
753,55,1009.3511794747758,86406,947.5534358387392,1.651243860966743
753,50,1028.8549414530514,78694,947.5534358387392,1.651243860966743
753,45,1037.8354845738545,70974,947.5534358387392,1.651243860966743
753,40,1068.4567856664603,63253,947.5534358387392,1.651243860966743
753,35,1093.768599258474,55533,947.5534358387392,1.651243860966743
753,30,1111.0324277152615,47821,947.5534358387392,1.651243860966743
753,25,1176.2002952027092,40101,947.5534358387392,1.651243860966743
753,20,1231.91363083364,32380,947.5534358387392,1.651243860966743
753,15,1302.5064001385051,24660,947.5534358387392,1.651243860966743
753,10,1374.3439735470536,16948,947.5534358387392,1.651243860966743
753,5,1564.6417938666627,9228,947.5534358387392,1.651243860966743
754,80,956.299011269862,125000,956.299011269862,1.6550090873059504
754,75,966.6117469650056,117279,956.299011269862,1.6550090873059504
754,70,972.0564875188804,109567,956.299011269862,1.6550090873059504
754,65,985.1774382195524,101847,956.299011269862,1.6550090873059504
754,60,998.800091463842,94126,956.299011269862,1.6550090873059504
754,55,1022.6159232912446,86406,956.299011269862,1.6550090873059504
754,50,1043.6025586298165,78694,956.299011269862,1.6550090873059504
754,45,1052.7211106911486,70974,956.299011269862,1.6550090873059504
754,40,1083.9557260321028,63253,956.299011269862,1.6550090873059504
754,35,1104.037275425862,55533,956.299011269862,1.6550090873059504
754,30,1122.9130470238003,47821,956.299011269862,1.6550090873059504
754,25,1186.1940229345594,40101,956.299011269862,1.6550090873059504
754,20,1245.201983748956,32380,956.299011269862,1.6550090873059504
754,15,1315.094593469643,24660,956.299011269862,1.6550090873059504
754,10,1379.243239394271,16948,956.299011269862,1.6550090873059504
754,5,1582.683553833317,9228,956.299011269862,1.6550090873059504
755,80,950.5514927506996,125000,950.5514927506996,1.679191333811098
755,75,962.9217924023548,117279,950.5514927506996,1.679191333811098
755,70,968.9631065574638,109567,950.5514927506996,1.679191333811098
755,65,982.1388559668268,101847,950.5514927506996,1.679191333811098
755,60,997.2511659539352,94126,950.5514927506996,1.679191333811098
755,55,1022.6675863920844,86406,950.5514927506996,1.679191333811098
755,50,1044.2100022819998,78694,950.5514927506996,1.679191333811098
755,45,1054.3017599242644,70974,950.5514927506996,1.679191333811098
755,40,1086.876074762625,63253,950.5514927506996,1.679191333811098
755,35,1103.389534590079,55533,950.5514927506996,1.679191333811098
755,30,1121.1015550473746,47821,950.5514927506996,1.679191333811098
755,25,1185.890804601021,40101,950.5514927506996,1.679191333811098
755,20,1246.6948511557262,32380,950.5514927506996,1.679191333811098
755,15,1320.5183841416072,24660,950.5514927506996,1.679191333811098
755,10,1376.2289660722197,16948,950.5514927506996,1.679191333811098
755,5,1596.1578289681777,9228,950.5514927506996,1.679191333811098
756,80,940.363554917185,125000,940.363554917185,1.7118692078814457
756,75,956.3781903298724,117279,940.363554917185,1.7118692078814457
756,70,963.8468075149608,109567,940.363554917185,1.7118692078814457
756,65,978.0504046119676,101847,940.363554917185,1.7118692078814457
756,60,994.4283620001594,94126,940.363554917185,1.7118692078814457
756,55,1019.3223523046252,86406,940.363554917185,1.7118692078814457
756,50,1043.1320434960558,78694,940.363554917185,1.7118692078814457
756,45,1057.6069658766376,70974,940.363554917185,1.7118692078814457
756,40,1088.617248778779,63253,940.363554917185,1.7118692078814457
756,35,1102.198376673395,55533,940.363554917185,1.7118692078814457
756,30,1118.2075468531634,47821,940.363554917185,1.7118692078814457
756,25,1181.81033601865,40101,940.363554917185,1.7118692078814457
756,20,1242.5076368093826,32380,940.363554917185,1.7118692078814457
756,15,1323.1863729186418,24660,940.363554917185,1.7118692078814457
756,10,1369.3991563299794,16948,940.363554917185,1.7118692078814457
756,5,1609.7794138766617,9228,940.363554917185,1.7118692078814457
757,80,921.913006300614,125000,921.913006300614,1.7449999155978662
757,75,939.4979383166532,117279,921.913006300614,1.7449999155978662
757,70,948.6540229903624,109567,921.913006300614,1.7449999155978662
757,65,962.4406766352598,101847,921.913006300614,1.7449999155978662
757,60,980.864067479449,94126,921.913006300614,1.7449999155978662
757,55,1005.7302675246456,86406,921.913006300614,1.7449999155978662
757,50,1033.0127708399912,78694,921.913006300614,1.7449999155978662
757,45,1052.6251300816896,70974,921.913006300614,1.7449999155978662
757,40,1079.5562252818802,63253,921.913006300614,1.7449999155978662
757,35,1090.7565607402075,55533,921.913006300614,1.7449999155978662
757,30,1104.969136285374,47821,921.913006300614,1.7449999155978662
757,25,1169.255273855679,40101,921.913006300614,1.7449999155978662
757,20,1228.6930856441434,32380,921.913006300614,1.7449999155978662
757,15,1316.1658750196536,24660,921.913006300614,1.7449999155978662
757,10,1353.8304111875154,16948,921.913006300614,1.7449999155978662
757,5,1608.7381181831468,9228,921.913006300614,1.7449999155978662
758,80,897.4831715829065,125000,897.4831715829065,1.793484200758808
758,75,916.1123138261488,117279,897.4831715829065,1.793484200758808
758,70,928.4277765350644,109567,897.4831715829065,1.793484200758808
758,65,942.1767132153448,101847,897.4831715829065,1.793484200758808
758,60,959.1996099945464,94126,897.4831715829065,1.793484200758808
758,55,984.61739291833,86406,897.4831715829065,1.793484200758808
758,50,1018.4378209894802,78694,897.4831715829065,1.793484200758808
758,45,1039.4813220449823,70974,897.4831715829065,1.793484200758808
758,40,1059.9795720101365,63253,897.4831715829065,1.793484200758808
758,35,1074.352097937673,55533,897.4831715829065,1.793484200758808
758,30,1084.982420087601,47821,897.4831715829065,1.793484200758808
758,25,1153.702879770192,40101,897.4831715829065,1.793484200758808
758,20,1215.344374299506,32380,897.4831715829065,1.793484200758808
758,15,1309.467894709304,24660,897.4831715829065,1.793484200758808
758,10,1340.675665491931,16948,897.4831715829065,1.793484200758808
758,5,1609.6218886808492,9228,897.4831715829065,1.793484200758808
759,80,867.0663017732038,125000,867.0663017732038,1.856189514885184
759,75,886.2404023966799,117279,867.0663017732038,1.856189514885184
759,70,900.6273174088949,109567,867.0663017732038,1.856189514885184
759,65,915.0922042017552,101847,867.0663017732038,1.856189514885184
759,60,929.3590442538616,94126,867.0663017732038,1.856189514885184
759,55,954.8662416826356,86406,867.0663017732038,1.856189514885184
759,50,991.981343238957,78694,867.0663017732038,1.856189514885184
759,45,1015.0846044431748,70974,867.0663017732038,1.856189514885184
759,40,1029.062011709736,63253,867.0663017732038,1.856189514885184
759,35,1051.232355700333,55533,867.0663017732038,1.856189514885184
759,30,1058.9993861938426,47821,867.0663017732038,1.856189514885184
759,25,1135.161605439868,40101,867.0663017732038,1.856189514885184
759,20,1196.9169700506654,32380,867.0663017732038,1.856189514885184
759,15,1299.6268362965734,24660,867.0663017732038,1.856189514885184
759,10,1325.1486829168643,16948,867.0663017732038,1.856189514885184
759,5,1609.4393780616938,9228,867.0663017732038,1.856189514885184
760,80,809.3488068369319,125000,809.3488068369319,1.984231666493422
760,75,825.9573160424036,117279,809.3488068369319,1.984231666493422
760,70,845.9272474513999,109567,809.3488068369319,1.984231666493422
760,65,863.4437775844088,101847,809.3488068369319,1.984231666493422
760,60,877.356536834513,94126,809.3488068369319,1.984231666493422
760,55,908.0272325414008,86406,809.3488068369319,1.984231666493422
760,50,945.8438815338568,78694,809.3488068369319,1.984231666493422
760,45,969.7288123692211,70974,809.3488068369319,1.984231666493422
760,40,984.0457614268142,63253,809.3488068369319,1.984231666493422
760,35,1013.8257621418516,55533,809.3488068369319,1.984231666493422
760,30,1020.7487338212356,47821,809.3488068369319,1.984231666493422
760,25,1109.025494348624,40101,809.3488068369319,1.984231666493422
760,20,1171.625641824631,32380,809.3488068369319,1.984231666493422
760,15,1280.4408965795928,24660,809.3488068369319,1.984231666493422
760,10,1298.0908236033554,16948,809.3488068369319,1.984231666493422
760,5,1605.935531764508,9228,809.3488068369319,1.984231666493422
762,80,797.6773839285828,125000,797.6773839285828,2.073779950170285
762,75,813.7009383373459,117279,797.6773839285828,2.073779950170285
762,70,844.6024481661827,109567,797.6773839285828,2.073779950170285
762,65,861.7213054617628,101847,797.6773839285828,2.073779950170285
762,60,882.3159668999413,94126,797.6773839285828,2.073779950170285
762,55,903.031632778317,86406,797.6773839285828,2.073779950170285
762,50,941.4004369228886,78694,797.6773839285828,2.073779950170285
762,45,971.0570438109356,70974,797.6773839285828,2.073779950170285
762,40,983.3902542428716,63253,797.6773839285828,2.073779950170285
762,35,1032.5458572034363,55533,797.6773839285828,2.073779950170285
762,30,1036.25026645868,47821,797.6773839285828,2.073779950170285
762,25,1131.4652537862412,40101,797.6773839285828,2.073779950170285
762,20,1192.4278950552828,32380,797.6773839285828,2.073779950170285
762,15,1293.1390997732128,24660,797.6773839285828,2.073779950170285
762,10,1309.53283767321,16948,797.6773839285828,2.073779950170285
762,5,1654.20736549538,9228,797.6773839285828,2.073779950170285
763,80,874.3443389946242,125000,874.3443389946242,1.98799157990492
763,75,887.5404981080178,117279,874.3443389946242,1.98799157990492
763,70,914.7195518303394,109567,874.3443389946242,1.98799157990492
763,65,928.564604561082,101847,874.3443389946242,1.98799157990492
763,60,938.3807968691924,94126,874.3443389946242,1.98799157990492
763,55,947.2299439375493,86406,874.3443389946242,1.98799157990492
763,50,983.3397748872796,78694,874.3443389946242,1.98799157990492
763,45,1011.0477239719336,70974,874.3443389946242,1.98799157990492
763,40,1020.488989503322,63253,874.3443389946242,1.98799157990492
763,35,1108.9156254993777,55533,874.3443389946242,1.98799157990492
763,30,1114.173550245553,47821,874.3443389946242,1.98799157990492
763,25,1190.103549533713,40101,874.3443389946242,1.98799157990492
763,20,1253.1210499613212,32380,874.3443389946242,1.98799157990492
763,15,1368.465578363607,24660,874.3443389946242,1.98799157990492
763,10,1386.9877903068725,16948,874.3443389946242,1.98799157990492
763,5,1738.1891838588456,9228,874.3443389946242,1.98799157990492
764,80,890.4072605204746,125000,890.4072605204746,2.047636913319878
764,75,902.918905206682,117279,890.4072605204746,2.047636913319878
764,70,934.2440851322176,109567,890.4072605204746,2.047636913319878
764,65,944.5556666392932,101847,890.4072605204746,2.047636913319878
764,60,963.8745722731736,94126,890.4072605204746,2.047636913319878
764,55,971.6767186598212,86406,890.4072605204746,2.047636913319878
764,50,1006.0288617504197,78694,890.4072605204746,2.047636913319878
764,45,1042.7560514185784,70974,890.4072605204746,2.047636913319878
764,40,1050.8369498097993,63253,890.4072605204746,2.047636913319878
764,35,1140.336208916715,55533,890.4072605204746,2.047636913319878
764,30,1150.2061915797042,47821,890.4072605204746,2.047636913319878
764,25,1219.0383643850728,40101,890.4072605204746,2.047636913319878
764,20,1291.4484078078476,32380,890.4072605204746,2.047636913319878
764,15,1444.1587329481165,24660,890.4072605204746,2.047636913319878
764,10,1451.8130832667443,16948,890.4072605204746,2.047636913319878
764,5,1823.2307745297535,9228,890.4072605204746,2.047636913319878
765,80,912.715389494729,125000,912.715389494729,2.071167475415906
765,75,922.1969870617944,117279,912.715389494729,2.071167475415906
765,70,947.3759903290588,109567,912.715389494729,2.071167475415906
765,65,957.650418775232,101847,912.715389494729,2.071167475415906
765,60,980.1592696648936,94126,912.715389494729,2.071167475415906
765,55,988.4263784291109,86406,912.715389494729,2.071167475415906
765,50,1028.278898306175,78694,912.715389494729,2.071167475415906
765,45,1069.2666452136762,70974,912.715389494729,2.071167475415906
765,40,1078.8624156646251,63253,912.715389494729,2.071167475415906
765,35,1174.9957667414128,55533,912.715389494729,2.071167475415906
765,30,1192.8837009111128,47821,912.715389494729,2.071167475415906
765,25,1264.521055915982,40101,912.715389494729,2.071167475415906
765,20,1340.430706944667,32380,912.715389494729,2.071167475415906
765,15,1495.479666093927,24660,912.715389494729,2.071167475415906
765,10,1501.773706277276,16948,912.715389494729,2.071167475415906
765,5,1890.386429033044,9228,912.715389494729,2.071167475415906
766,80,944.8593408791144,125000,944.8593408791144,2.074802023536113
766,75,952.1307424255768,117279,944.8593408791144,2.074802023536113
766,70,973.3232627468636,109567,944.8593408791144,2.074802023536113
766,65,986.4882875962126,101847,944.8593408791144,2.074802023536113
766,60,1011.9121482515726,94126,944.8593408791144,2.074802023536113
766,55,1021.9116712631148,86406,944.8593408791144,2.074802023536113
766,50,1062.6039430634555,78694,944.8593408791144,2.074802023536113
766,45,1108.0783039569048,70974,944.8593408791144,2.074802023536113
766,40,1118.2706360679497,63253,944.8593408791144,2.074802023536113
766,35,1217.1103469045336,55533,944.8593408791144,2.074802023536113
766,30,1243.5780982736526,47821,944.8593408791144,2.074802023536113
766,25,1316.006952882101,40101,944.8593408791144,2.074802023536113
766,20,1398.3377320352613,32380,944.8593408791144,2.074802023536113
766,15,1548.4165212475143,24660,944.8593408791144,2.074802023536113
766,10,1559.257164230353,16948,944.8593408791144,2.074802023536113
766,5,1960.3960724129847,9228,944.8593408791144,2.074802023536113
767,80,978.2942645600068,125000,978.2942645600068,2.0910422020205925
767,75,983.4188063452964,117279,978.2942645600068,2.0910422020205925
767,70,1006.1927900998946,109567,978.2942645600068,2.0910422020205925
767,65,1022.0860362065872,101847,978.2942645600068,2.0910422020205925
767,60,1052.3937483278223,94126,978.2942645600068,2.0910422020205925
767,55,1063.9046946628257,86406,978.2942645600068,2.0910422020205925
767,50,1104.9397249725473,78694,978.2942645600068,2.0910422020205925
767,45,1150.1288744327353,70974,978.2942645600068,2.0910422020205925
767,40,1163.008122468167,63253,978.2942645600068,2.0910422020205925
767,35,1261.1212758397048,55533,978.2942645600068,2.0910422020205925
767,30,1299.403035206759,47821,978.2942645600068,2.0910422020205925
767,25,1377.982010805708,40101,978.2942645600068,2.0910422020205925
767,20,1468.7139446051508,32380,978.2942645600068,2.0910422020205925
767,15,1618.9151590959175,24660,978.2942645600068,2.0910422020205925
767,10,1636.881650001496,16948,978.2942645600068,2.0910422020205925
767,5,2045.6545931896724,9228,978.2942645600068,2.0910422020205925
768,80,970.7173356257022,125000,970.7173356257022,2.1881269924298734
768,75,975.1060324342964,117279,970.7173356257022,2.1881269924298734
768,70,996.913911697176,109567,970.7173356257022,2.1881269924298734
768,65,1017.9785271293812,101847,970.7173356257022,2.1881269924298734
768,60,1053.134008028174,94126,970.7173356257022,2.1881269924298734
768,55,1065.7402126584402,86406,970.7173356257022,2.1881269924298734
768,50,1110.5073297432948,78694,970.7173356257022,2.1881269924298734
768,45,1159.1811335149134,70974,970.7173356257022,2.1881269924298734
768,40,1177.5059834218112,63253,970.7173356257022,2.1881269924298734
768,35,1283.3876218174807,55533,970.7173356257022,2.1881269924298734
768,30,1331.2717379643188,47821,970.7173356257022,2.1881269924298734
768,25,1421.1790432215507,40101,970.7173356257022,2.1881269924298734
768,20,1519.611208495703,32380,970.7173356257022,2.1881269924298734
768,15,1673.8246286446386,24660,970.7173356257022,2.1881269924298734
768,10,1699.463836893228,16948,970.7173356257022,2.1881269924298734
768,5,2124.052804102208,9228,970.7173356257022,2.1881269924298734
769,80,914.789083936263,125000,914.789083936263,2.3775672315901524
769,75,921.0917316401504,117279,914.789083936263,2.3775672315901524
769,70,940.2822546907616,109567,914.789083936263,2.3775672315901524
769,65,972.3044082877464,101847,914.789083936263,2.3775672315901524
769,60,1010.5101444070996,94126,914.789083936263,2.3775672315901524
769,55,1024.12673028961,86406,914.789083936263,2.3775672315901524
769,50,1077.4103192182572,78694,914.789083936263,2.3775672315901524
769,45,1132.1638647987322,70974,914.789083936263,2.3775672315901524
769,40,1157.6503881166188,63253,914.789083936263,2.3775672315901524
769,35,1276.0751745857017,55533,914.789083936263,2.3775672315901524
769,30,1330.437704086151,47821,914.789083936263,2.3775672315901524
769,25,1437.146157045952,40101,914.789083936263,2.3775672315901524
769,20,1536.3989977311826,32380,914.789083936263,2.3775672315901524
769,15,1702.3111750336702,24660,914.789083936263,2.3775672315901524
769,10,1732.9837051558832,16948,914.789083936263,2.3775672315901524
769,5,2174.9725497832324,9228,914.789083936263,2.3775672315901524
770,80,822.9821846067869,125000,822.9821846067869,2.694920228178831
770,75,831.8338922587634,117279,822.9821846067869,2.694920228178831
770,70,848.1560828395307,109567,822.9821846067869,2.694920228178831
770,65,891.5877432144234,101847,822.9821846067869,2.694920228178831
770,60,933.2642649921396,94126,822.9821846067869,2.694920228178831
770,55,949.109874143702,86406,822.9821846067869,2.694920228178831
770,50,1013.5597754837884,78694,822.9821846067869,2.694920228178831
770,45,1073.2864993009168,70974,822.9821846067869,2.694920228178831
770,40,1108.6769176912358,63253,822.9821846067869,2.694920228178831
770,35,1249.5557431647428,55533,822.9821846067869,2.694920228178831
770,30,1311.9962895555643,47821,822.9821846067869,2.694920228178831
770,25,1440.1358460209815,40101,822.9821846067869,2.694920228178831
770,20,1538.3142331485533,32380,822.9821846067869,2.694920228178831
770,15,1726.068434520022,24660,822.9821846067869,2.694920228178831
770,10,1757.6668227284752,16948,822.9821846067869,2.694920228178831
770,5,2217.871336727635,9228,822.9821846067869,2.694920228178831
771,80,691.2198265111665,125000,691.2198265111665,3.2837272831733557
771,75,704.643403867461,117279,691.2198265111665,3.2837272831733557
771,70,717.6752811488674,109567,691.2198265111665,3.2837272831733557
771,65,774.5297294852462,101847,691.2198265111665,3.2837272831733557
771,60,821.654889358287,94126,691.2198265111665,3.2837272831733557
771,55,841.4321613515793,86406,691.2198265111665,3.2837272831733557
771,50,919.3254024223884,78694,691.2198265111665,3.2837272831733557
771,45,981.3604018543706,70974,691.2198265111665,3.2837272831733557
771,40,1032.7389007458348,63253,691.2198265111665,3.2837272831733557
771,35,1208.7773879462784,55533,691.2198265111665,3.2837272831733557
771,30,1281.6705093064015,47821,691.2198265111665,3.2837272831733557
771,25,1437.594217620303,40101,691.2198265111665,3.2837272831733557
771,20,1536.0861292296,32380,691.2198265111665,3.2837272831733557
771,15,1754.539674462775,24660,691.2198265111665,3.2837272831733557
771,10,1784.5535624886152,16948,691.2198265111665,3.2837272831733557
771,5,2269.7774029850707,9228,691.2198265111665,3.2837272831733557
773,80,690.72640442591,125000,690.72640442591,3.3319008968107044
773,75,710.4181249451824,117279,690.72640442591,3.3319008968107044
773,70,715.9419644863475,109567,690.72640442591,3.3319008968107044
773,65,772.5779101107684,101847,690.72640442591,3.3319008968107044
773,60,802.8765103001515,94126,690.72640442591,3.3319008968107044
773,55,819.0438087516977,86406,690.72640442591,3.3319008968107044
773,50,902.055722290028,78694,690.72640442591,3.3319008968107044
773,45,950.8539258902558,70974,690.72640442591,3.3319008968107044
773,40,1011.4332707520553,63253,690.72640442591,3.3319008968107044
773,35,1207.2357997246104,55533,690.72640442591,3.3319008968107044
773,30,1272.8459402188646,47821,690.72640442591,3.3319008968107044
773,25,1445.732023909438,40101,690.72640442591,3.3319008968107044
773,20,1539.4542298651277,32380,690.72640442591,3.3319008968107044
773,15,1781.583844970828,24660,690.72640442591,3.3319008968107044
773,10,1806.606517709992,16948,690.72640442591,3.3319008968107044
773,5,2301.431926357523,9228,690.72640442591,3.3319008968107044
774,80,739.4059623803619,125000,739.4059623803619,3.1293313093497934
774,75,764.8526572388815,117279,739.4059623803619,3.1293313093497934
774,70,772.1486756410499,109567,739.4059623803619,3.1293313093497934
774,65,823.3169094523927,101847,739.4059623803619,3.1293313093497934
774,60,840.8701532224645,94126,739.4059623803619,3.1293313093497934
774,55,851.6557689225103,86406,739.4059623803619,3.1293313093497934
774,50,939.4805324837274,78694,739.4059623803619,3.1293313093497934
774,45,976.7627080279916,70974,739.4059623803619,3.1293313093497934
774,40,1035.1848377130862,63253,739.4059623803619,3.1293313093497934
774,35,1226.72050306062,55533,739.4059623803619,3.1293313093497934
774,30,1282.8105026243752,47821,739.4059623803619,3.1293313093497934
774,25,1457.3144595236893,40101,739.4059623803619,3.1293313093497934
774,20,1545.841057542901,32380,739.4059623803619,3.1293313093497934
774,15,1797.9570146227993,24660,739.4059623803619,3.1293313093497934
774,10,1821.8192734147108,16948,739.4059623803619,3.1293313093497934
774,5,2313.846228396782,9228,739.4059623803619,3.1293313093497934
775,80,692.0087167936439,125000,692.0087167936439,3.370539884150042
775,75,734.263356429124,117279,692.0087167936439,3.370539884150042
775,70,751.042910087,109567,692.0087167936439,3.370539884150042
775,65,800.3549574645456,101847,692.0087167936439,3.370539884150042
775,60,817.8333426368624,94126,692.0087167936439,3.370539884150042
775,55,828.7820792753433,86406,692.0087167936439,3.370539884150042
775,50,933.4090723607404,78694,692.0087167936439,3.370539884150042
775,45,966.1400707562698,70974,692.0087167936439,3.370539884150042
775,40,1024.574792048664,63253,692.0087167936439,3.370539884150042
775,35,1220.9592807812858,55533,692.0087167936439,3.370539884150042
775,30,1272.5332705107685,47821,692.0087167936439,3.370539884150042
775,25,1458.6593202349577,40101,692.0087167936439,3.370539884150042
775,20,1543.523967759366,32380,692.0087167936439,3.370539884150042
775,15,1812.4864721738816,24660,692.0087167936439,3.370539884150042
775,10,1837.557067148461,16948,692.0087167936439,3.370539884150042
775,5,2332.442980132468,9228,692.0087167936439,3.370539884150042
777,80,882.8437411913715,125000,882.8437411913715,2.6730350225657595
777,75,941.6886089610352,117279,882.8437411913715,2.6730350225657595
777,70,971.0386205030636,109567,882.8437411913715,2.6730350225657595
777,65,1006.7918425700852,101847,882.8437411913715,2.6730350225657595
777,60,1038.4307694692518,94126,882.8437411913715,2.6730350225657595
777,55,1057.0676575906025,86406,882.8437411913715,2.6730350225657595
777,50,1165.975417058781,78694,882.8437411913715,2.6730350225657595
777,45,1185.2199130072172,70974,882.8437411913715,2.6730350225657595
777,40,1218.541786526376,63253,882.8437411913715,2.6730350225657595
777,35,1361.914966921144,55533,882.8437411913715,2.6730350225657595
777,30,1402.1112128954485,47821,882.8437411913715,2.6730350225657595
777,25,1554.284427429653,40101,882.8437411913715,2.6730350225657595
777,20,1604.674023209143,32380,882.8437411913715,2.6730350225657595
777,15,1864.818212090516,24660,882.8437411913715,2.6730350225657595
777,10,1893.428148134343,16948,882.8437411913715,2.6730350225657595
777,5,2359.872239657517,9228,882.8437411913715,2.6730350225657595
778,80,1124.043277233785,125000,1124.043277233785,2.121276729473403
778,75,1164.4675801919093,117279,1124.043277233785,2.121276729473403
778,70,1190.9987494435034,109567,1124.043277233785,2.121276729473403
778,65,1216.6473571525305,101847,1124.043277233785,2.121276729473403
778,60,1251.5229670785425,94126,1124.043277233785,2.121276729473403
778,55,1275.740715613444,86406,1124.043277233785,2.121276729473403
778,50,1357.27422443492,78694,1124.043277233785,2.121276729473403
778,45,1371.42052267717,70974,1124.043277233785,2.121276729473403
778,40,1391.9673392687248,63253,1124.043277233785,2.121276729473403
778,35,1484.397455209703,55533,1124.043277233785,2.121276729473403
778,30,1513.1248267047877,47821,1124.043277233785,2.121276729473403
778,25,1635.3875768947876,40101,1124.043277233785,2.121276729473403
778,20,1666.9208631166991,32380,1124.043277233785,2.121276729473403
778,15,1906.240906765167,24660,1124.043277233785,2.121276729473403
778,10,1941.661956550534,16948,1124.043277233785,2.121276729473403
778,5,2384.406846917049,9228,1124.043277233785,2.121276729473403
779,80,1289.1124280215329,125000,1289.1124280215329,1.875406518202113
779,75,1316.3195740386875,117279,1289.1124280215329,1.875406518202113
779,70,1337.4124480593312,109567,1289.1124280215329,1.875406518202113
779,65,1367.4201096470952,101847,1289.1124280215329,1.875406518202113
779,60,1404.3752962666117,94126,1289.1124280215329,1.875406518202113
779,55,1433.2198620970528,86406,1289.1124280215329,1.875406518202113
779,50,1496.3972192530507,78694,1289.1124280215329,1.875406518202113
779,45,1508.0377263398975,70974,1289.1124280215329,1.875406518202113
779,40,1523.887541989595,63253,1289.1124280215329,1.875406518202113
779,35,1586.3075329632068,55533,1289.1124280215329,1.875406518202113
779,30,1602.35222974972,47821,1289.1124280215329,1.875406518202113
779,25,1711.8685174692812,40101,1289.1124280215329,1.875406518202113
779,20,1737.4285138449702,32380,1289.1124280215329,1.875406518202113
779,15,1942.6249390166051,24660,1289.1124280215329,1.875406518202113
779,10,1990.4594295774664,16948,1289.1124280215329,1.875406518202113
779,5,2417.6098502069344,9228,1289.1124280215329,1.875406518202113
780,80,1368.0070237378488,125000,1368.0070237378488,1.7563479499064143
780,75,1388.1893693265097,117279,1368.0070237378488,1.7563479499064143
780,70,1410.924671848776,109567,1368.0070237378488,1.7563479499064143
780,65,1444.8035146778598,101847,1368.0070237378488,1.7563479499064143
780,60,1490.3738979951931,94126,1368.0070237378488,1.7563479499064143
780,55,1525.7820292939014,86406,1368.0070237378488,1.7563479499064143
780,50,1573.5303331574978,78694,1368.0070237378488,1.7563479499064143
780,45,1581.46779368126,70974,1368.0070237378488,1.7563479499064143
780,40,1603.6844380994744,63253,1368.0070237378488,1.7563479499064143
780,35,1650.5572587486856,55533,1368.0070237378488,1.7563479499064143
780,30,1656.9963220040686,47821,1368.0070237378488,1.7563479499064143
780,25,1736.5211845990468,40101,1368.0070237378488,1.7563479499064143
780,20,1776.435040238409,32380,1368.0070237378488,1.7563479499064143
780,15,1922.1520483610775,24660,1368.0070237378488,1.7563479499064143
780,10,1993.3696094778447,16948,1368.0070237378488,1.7563479499064143
780,5,2402.6963315995463,9228,1368.0070237378488,1.7563479499064143
781,80,1449.8926555121222,125000,1449.8926555121222,1.677670960152302
781,75,1469.0998445973016,117279,1449.8926555121222,1.677670960152302
781,70,1486.6269605117593,109567,1449.8926555121222,1.677670960152302
781,65,1510.2690995812582,101847,1449.8926555121222,1.677670960152302
781,60,1554.5585196562215,94126,1449.8926555121222,1.677670960152302
781,55,1594.0196918060842,86406,1449.8926555121222,1.677670960152302
781,50,1631.9455887583488,78694,1449.8926555121222,1.677670960152302
781,45,1636.677761423282,70974,1449.8926555121222,1.677670960152302
781,40,1668.6898347081562,63253,1449.8926555121222,1.677670960152302
781,35,1694.1804999125673,55533,1449.8926555121222,1.677670960152302
781,30,1709.642672994701,47821,1449.8926555121222,1.677670960152302
781,25,1777.598400655579,40101,1449.8926555121222,1.677670960152302
781,20,1818.8628570607077,32380,1449.8926555121222,1.677670960152302
781,15,1941.8496127614171,24660,1449.8926555121222,1.677670960152302
781,10,2026.1491743867343,16948,1449.8926555121222,1.677670960152302
781,5,2432.442803490793,9228,1449.8926555121222,1.677670960152302
782,80,1485.479055824966,125000,1485.479055824966,1.6426904681886
782,75,1505.0974000993565,117279,1485.479055824966,1.6426904681886
782,70,1520.3612221889302,109567,1485.479055824966,1.6426904681886
782,65,1538.5278437593463,101847,1485.479055824966,1.6426904681886
782,60,1580.533930400372,94126,1485.479055824966,1.6426904681886
782,55,1617.5427966372354,86406,1485.479055824966,1.6426904681886
782,50,1649.5882076987427,78694,1485.479055824966,1.6426904681886
782,45,1651.886303890713,70974,1485.479055824966,1.6426904681886
782,40,1689.4098389541116,63253,1485.479055824966,1.6426904681886
782,35,1711.2001347256803,55533,1485.479055824966,1.6426904681886
782,30,1730.7202861482126,47821,1485.479055824966,1.6426904681886
782,25,1797.900699756041,40101,1485.479055824966,1.6426904681886
782,20,1846.4983095164664,32380,1485.479055824966,1.6426904681886
782,15,1953.8873074396304,24660,1485.479055824966,1.6426904681886
782,10,2041.58688252032,16948,1485.479055824966,1.6426904681886
782,5,2440.182285697473,9228,1485.479055824966,1.6426904681886
783,80,1545.3857070281606,125000,1545.3857070281606,1.6007284990994235
783,75,1569.0671046894429,117279,1545.3857070281606,1.6007284990994235
783,70,1578.348494373743,109567,1545.3857070281606,1.6007284990994235
783,65,1589.0157876259163,101847,1545.3857070281606,1.6007284990994235
783,60,1622.2379581150517,94126,1545.3857070281606,1.6007284990994235
783,55,1649.7264933590902,86406,1545.3857070281606,1.6007284990994235
783,50,1675.955277414531,78694,1545.3857070281606,1.6007284990994235
783,45,1677.5122156297894,70974,1545.3857070281606,1.6007284990994235
783,40,1731.3056530894285,63253,1545.3857070281606,1.6007284990994235
783,35,1751.2944955309165,55533,1545.3857070281606,1.6007284990994235
783,30,1782.4436492633974,47821,1545.3857070281606,1.6007284990994235
783,25,1851.9627066242804,40101,1545.3857070281606,1.6007284990994235
783,20,1920.0850731847372,32380,1545.3857070281606,1.6007284990994235
783,15,2004.412672742411,24660,1545.3857070281606,1.6007284990994235
783,10,2096.08973333433,16948,1545.3857070281606,1.6007284990994235
783,5,2473.7429433408893,9228,1545.3857070281606,1.6007284990994235
784,80,1576.831215710897,125000,1576.831215710897,1.58007409231802
784,75,1602.212094765442,117279,1576.831215710897,1.58007409231802
784,70,1617.2811537096718,109567,1576.831215710897,1.58007409231802
784,65,1623.517645374838,101847,1576.831215710897,1.58007409231802
784,60,1651.8943428242223,94126,1576.831215710897,1.58007409231802
784,55,1671.4116345308755,86406,1576.831215710897,1.58007409231802
784,50,1698.4008461469653,78694,1576.831215710897,1.58007409231802
784,45,1704.039046855616,70974,1576.831215710897,1.58007409231802
784,40,1780.842762919899,63253,1576.831215710897,1.58007409231802
784,35,1799.0996497088604,55533,1576.831215710897,1.58007409231802
784,30,1850.076665828284,47821,1576.831215710897,1.58007409231802
784,25,1922.8305679281063,40101,1576.831215710897,1.58007409231802
784,20,2010.345610033837,32380,1576.831215710897,1.58007409231802
784,15,2070.678989617252,24660,1576.831215710897,1.58007409231802
784,10,2158.110107601582,16948,1576.831215710897,1.58007409231802
784,5,2491.5101519031155,9228,1576.831215710897,1.58007409231802
785,80,1624.651680521386,125000,1624.651680521386,1.5565605428127045
785,75,1649.8588412027316,117279,1624.651680521386,1.5565605428127045
785,70,1660.4976618644264,109567,1624.651680521386,1.5565605428127045
785,65,1664.9151368008932,101847,1624.651680521386,1.5565605428127045
785,60,1686.8969089594634,94126,1624.651680521386,1.5565605428127045
785,55,1703.4291832853503,86406,1624.651680521386,1.5565605428127045
785,50,1729.5348082479363,78694,1624.651680521386,1.5565605428127045
785,45,1749.5678895699746,70974,1624.651680521386,1.5565605428127045
785,40,1826.413086235656,63253,1624.651680521386,1.5565605428127045
785,35,1857.3478734100213,55533,1624.651680521386,1.5565605428127045
785,30,1924.5658615675936,47821,1624.651680521386,1.5565605428127045
785,25,1983.8735826058476,40101,1624.651680521386,1.5565605428127045
785,20,2061.414823830127,32380,1624.651680521386,1.5565605428127045
785,15,2097.5889261740635,24660,1624.651680521386,1.5565605428127045
785,10,2184.0665110149,16948,1624.651680521386,1.5565605428127045
785,5,2528.868701713941,9228,1624.651680521386,1.5565605428127045
786,80,1642.9838096328035,125000,1642.9838096328035,1.543042517678902
786,75,1656.188857393404,117279,1642.9838096328035,1.543042517678902
786,70,1670.101853467134,109567,1642.9838096328035,1.543042517678902
786,65,1672.1457711734856,101847,1642.9838096328035,1.543042517678902
786,60,1680.345023664382,94126,1642.9838096328035,1.543042517678902
786,55,1695.27202151009,86406,1642.9838096328035,1.543042517678902
786,50,1720.2901981325435,78694,1642.9838096328035,1.543042517678902
786,45,1731.9010785401852,70974,1642.9838096328035,1.543042517678902
786,40,1812.1446963415772,63253,1642.9838096328035,1.543042517678902
786,35,1839.248585345088,55533,1642.9838096328035,1.543042517678902
786,30,1953.1491828321011,47821,1642.9838096328035,1.543042517678902
786,25,2015.9347755498984,40101,1642.9838096328035,1.543042517678902
786,20,2065.9551341489505,32380,1642.9838096328035,1.543042517678902
786,15,2093.7659391774664,24660,1642.9838096328035,1.543042517678902
786,10,2178.388793392521,16948,1642.9838096328035,1.543042517678902
786,5,2535.193874121476,9228,1642.9838096328035,1.543042517678902
787,80,615.2097321463539,125000,615.2097321463539,1.456483882661946
787,75,629.7021291035804,117279,615.2097321463539,1.456483882661946
787,70,636.0508634257083,109567,615.2097321463539,1.456483882661946
787,65,644.9265554941443,101847,615.2097321463539,1.456483882661946
787,60,662.0253062571381,94126,615.2097321463539,1.456483882661946
787,55,668.2610459671058,86406,615.2097321463539,1.456483882661946
787,50,687.3857976889573,78694,615.2097321463539,1.456483882661946
787,45,708.5220386695871,70974,615.2097321463539,1.456483882661946
787,40,717.0962251470928,63253,615.2097321463539,1.456483882661946
787,35,720.2703049585039,55533,615.2097321463539,1.456483882661946
787,30,722.059499798758,47821,615.2097321463539,1.456483882661946
787,25,736.0461113090939,40101,615.2097321463539,1.456483882661946
787,20,741.0828049292394,32380,615.2097321463539,1.456483882661946
787,15,749.9171923285794,24660,615.2097321463539,1.456483882661946
787,10,844.2449223981603,16948,615.2097321463539,1.456483882661946
787,5,896.0430593279373,9228,615.2097321463539,1.456483882661946
788,80,601.8608234062808,125000,601.8608234062808,1.460449740096934
788,75,610.3981261238279,117279,601.8608234062808,1.460449740096934
788,70,625.1384152759563,109567,601.8608234062808,1.460449740096934
788,65,633.9314027297396,101847,601.8608234062808,1.460449740096934
788,60,653.5461371807122,94126,601.8608234062808,1.460449740096934
788,55,660.530769280442,86406,601.8608234062808,1.460449740096934
788,50,681.3953010730787,78694,601.8608234062808,1.460449740096934
788,45,702.239620845489,70974,601.8608234062808,1.460449740096934
788,40,712.7185572602119,63253,601.8608234062808,1.460449740096934
788,35,716.6427246670244,55533,601.8608234062808,1.460449740096934
788,30,717.291507594958,47821,601.8608234062808,1.460449740096934
788,25,726.2921240662812,40101,601.8608234062808,1.460449740096934
788,20,732.7703942668588,32380,601.8608234062808,1.460449740096934
788,15,740.0956660575733,24660,601.8608234062808,1.460449740096934
788,10,830.9544539321142,16948,601.8608234062808,1.460449740096934
788,5,878.9874831182295,9228,601.8608234062808,1.460449740096934
790,80,645.8154639632871,125000,645.8154639632871,1.3904892992535594
790,75,656.78158722959,117279,645.8154639632871,1.3904892992535594
790,70,664.6233050553432,109567,645.8154639632871,1.3904892992535594
790,65,676.7633571648865,101847,645.8154639632871,1.3904892992535594
790,60,695.4715897616209,94126,645.8154639632871,1.3904892992535594
790,55,701.3581627067118,86406,645.8154639632871,1.3904892992535594
790,50,706.7004877830165,78694,645.8154639632871,1.3904892992535594
790,45,729.6949386787877,70974,645.8154639632871,1.3904892992535594
790,40,740.3877541136333,63253,645.8154639632871,1.3904892992535594
790,35,745.8343773794625,55533,645.8154639632871,1.3904892992535594
790,30,748.4198683607216,47821,645.8154639632871,1.3904892992535594
790,25,760.5085273234482,40101,645.8154639632871,1.3904892992535594
790,20,774.4763060644212,32380,645.8154639632871,1.3904892992535594
790,15,796.219987519955,24660,645.8154639632871,1.3904892992535594
790,10,850.0339651515122,16948,645.8154639632871,1.3904892992535594
790,5,897.9994919334234,9228,645.8154639632871,1.3904892992535594
791,80,656.3500084923637,125000,656.3500084923637,1.4011993802126743
791,75,664.0461108824938,117279,656.3500084923637,1.4011993802126743
791,70,675.1933547956799,109567,656.3500084923637,1.4011993802126743
791,65,685.9729858107835,101847,656.3500084923637,1.4011993802126743
791,60,700.4719554653008,94126,656.3500084923637,1.4011993802126743
791,55,704.8269342618005,86406,656.3500084923637,1.4011993802126743
791,50,708.5882061865879,78694,656.3500084923637,1.4011993802126743
791,45,731.5415866015519,70974,656.3500084923637,1.4011993802126743
791,40,739.8458951666205,63253,656.3500084923637,1.4011993802126743
791,35,745.4890528400571,55533,656.3500084923637,1.4011993802126743
791,30,752.0141631529253,47821,656.3500084923637,1.4011993802126743
791,25,769.5819494485963,40101,656.3500084923637,1.4011993802126743
791,20,788.9999991084131,32380,656.3500084923637,1.4011993802126743
791,15,823.058398837733,24660,656.3500084923637,1.4011993802126743
791,10,868.9743583468654,16948,656.3500084923637,1.4011993802126743
791,5,919.6772251020838,9228,656.3500084923637,1.4011993802126743
792,80,645.6124148890766,125000,645.6124148890766,1.444468312226669
792,75,657.250982086479,117279,645.6124148890766,1.444468312226669
792,70,670.9079042151312,109567,645.6124148890766,1.444468312226669
792,65,679.2973156591025,101847,645.6124148890766,1.444468312226669
792,60,692.3344807906977,94126,645.6124148890766,1.444468312226669
792,55,697.6922384715274,86406,645.6124148890766,1.444468312226669
792,50,702.7451531628499,78694,645.6124148890766,1.444468312226669
792,45,732.6168455304094,70974,645.6124148890766,1.444468312226669
792,40,741.7844753898124,63253,645.6124148890766,1.444468312226669
792,35,748.3216318469059,55533,645.6124148890766,1.444468312226669
792,30,759.6247569962316,47821,645.6124148890766,1.444468312226669
792,25,780.5819897748206,40101,645.6124148890766,1.444468312226669
792,20,806.7546941980548,32380,645.6124148890766,1.444468312226669
792,15,831.6237238690202,24660,645.6124148890766,1.444468312226669
792,10,878.6187496898629,16948,645.6124148890766,1.444468312226669
792,5,932.5666752874084,9228,645.6124148890766,1.444468312226669
793,80,604.9170450972475,125000,604.9170450972475,1.5259035277707649
793,75,620.6986817396031,117279,604.9170450972475,1.5259035277707649
793,70,637.5414242931953,109567,604.9170450972475,1.5259035277707649
793,65,645.5031202668025,101847,604.9170450972475,1.5259035277707649
793,60,653.4763575009067,94126,604.9170450972475,1.5259035277707649
793,55,662.1522847822899,86406,604.9170450972475,1.5259035277707649
793,50,671.6030257798714,78694,604.9170450972475,1.5259035277707649
793,45,709.8704588373909,70974,604.9170450972475,1.5259035277707649
793,40,720.0881456706559,63253,604.9170450972475,1.5259035277707649
793,35,727.4713865006288,55533,604.9170450972475,1.5259035277707649
793,30,741.5712642935413,47821,604.9170450972475,1.5259035277707649
793,25,769.4589097820403,40101,604.9170450972475,1.5259035277707649
793,20,795.5486265035571,32380,604.9170450972475,1.5259035277707649
793,15,820.8034560203906,24660,604.9170450972475,1.5259035277707649
793,10,864.9456695108461,16948,604.9170450972475,1.5259035277707649
793,5,923.0450531225569,9228,604.9170450972475,1.5259035277707649
795,80,610.6762053665595,125000,610.6762053665595,1.475028054354116
795,75,623.0146135698956,117279,610.6762053665595,1.475028054354116
795,70,637.3128107200735,109567,610.6762053665595,1.475028054354116
795,65,646.0793459537601,101847,610.6762053665595,1.475028054354116
795,60,653.4794617735298,94126,610.6762053665595,1.475028054354116
795,55,660.103291294856,86406,610.6762053665595,1.475028054354116
795,50,677.664168521425,78694,610.6762053665595,1.475028054354116
795,45,710.451978674044,70974,610.6762053665595,1.475028054354116
795,40,717.0517597940056,63253,610.6762053665595,1.475028054354116
795,35,722.2861658318456,55533,610.6762053665595,1.475028054354116
795,30,736.2966041081605,47821,610.6762053665595,1.475028054354116
795,25,756.6544320819352,40101,610.6762053665595,1.475028054354116
795,20,780.7637601934772,32380,610.6762053665595,1.475028054354116
795,15,807.7084171017206,24660,610.6762053665595,1.475028054354116
795,10,847.3230805781396,16948,610.6762053665595,1.475028054354116
795,5,900.7645350421908,9228,610.6762053665595,1.475028054354116
796,80,613.0101022155293,125000,613.0101022155293,1.4390210038004578
796,75,622.2375520213855,117279,613.0101022155293,1.4390210038004578
796,70,632.7063023594931,109567,613.0101022155293,1.4390210038004578
796,65,647.0774552416658,101847,613.0101022155293,1.4390210038004578
796,60,652.6725591383432,94126,613.0101022155293,1.4390210038004578
796,55,657.3717279338541,86406,613.0101022155293,1.4390210038004578
796,50,680.2577790281068,78694,613.0101022155293,1.4390210038004578
796,45,700.1857504520541,70974,613.0101022155293,1.4390210038004578
796,40,705.8877832816943,63253,613.0101022155293,1.4390210038004578
796,35,708.0933021443391,55533,613.0101022155293,1.4390210038004578
796,30,719.9638039242858,47821,613.0101022155293,1.4390210038004578
796,25,738.1067048917739,40101,613.0101022155293,1.4390210038004578
796,20,764.2394643639067,32380,613.0101022155293,1.4390210038004578
796,15,792.6252281544002,24660,613.0101022155293,1.4390210038004578
796,10,840.2064476790903,16948,613.0101022155293,1.4390210038004578
796,5,882.1344126300122,9228,613.0101022155293,1.4390210038004578
797,80,568.1006377948055,125000,568.1006377948055,1.452063105392942
797,75,574.7592388763677,117279,568.1006377948055,1.452063105392942
797,70,585.8864811699884,109567,568.1006377948055,1.452063105392942
797,65,598.1035368575006,101847,568.1006377948055,1.452063105392942
797,60,602.9966519164616,94126,568.1006377948055,1.452063105392942
797,55,606.3036330991833,86406,568.1006377948055,1.452063105392942
797,50,628.2760346084015,78694,568.1006377948055,1.452063105392942
797,45,644.0349371487591,70974,568.1006377948055,1.452063105392942
797,40,650.0364617140882,63253,568.1006377948055,1.452063105392942
797,35,655.1557099587877,55533,568.1006377948055,1.452063105392942
797,30,666.7973443353274,47821,568.1006377948055,1.452063105392942
797,25,680.1405134571116,40101,568.1006377948055,1.452063105392942
797,20,702.6802122375587,32380,568.1006377948055,1.452063105392942
797,15,734.0872316856922,24660,568.1006377948055,1.452063105392942
797,10,793.7079249433111,16948,568.1006377948055,1.452063105392942
797,5,824.9179762920362,9228,568.1006377948055,1.452063105392942
798,80,545.6086688238015,125000,545.6086688238015,1.4616454185601178
798,75,551.1791534656904,117279,545.6086688238015,1.4616454185601178
798,70,559.9113256309222,109567,545.6086688238015,1.4616454185601178
798,65,568.0241488523307,101847,545.6086688238015,1.4616454185601178
798,60,576.7668715661503,94126,545.6086688238015,1.4616454185601178
798,55,580.6771151089765,86406,545.6086688238015,1.4616454185601178
798,50,604.2718684183246,78694,545.6086688238015,1.4616454185601178
798,45,621.8632099604267,70974,545.6086688238015,1.4616454185601178
798,40,628.0408022064969,63253,545.6086688238015,1.4616454185601178
798,35,632.2323139891863,55533,545.6086688238015,1.4616454185601178
798,30,640.4295130510204,47821,545.6086688238015,1.4616454185601178
798,25,652.6413682696602,40101,545.6086688238015,1.4616454185601178
798,20,677.0697386407169,32380,545.6086688238015,1.4616454185601178
798,15,711.8714648806531,24660,545.6086688238015,1.4616454185601178
798,10,771.5184081911884,16948,545.6086688238015,1.4616454185601178
798,5,797.486411112994,9228,545.6086688238015,1.4616454185601178
799,80,547.6463748247968,125000,547.6463748247968,1.4667566785764956
799,75,553.5855533908693,117279,547.6463748247968,1.4667566785764956
799,70,561.3300323627118,109567,547.6463748247968,1.4667566785764956
799,65,569.3632057587814,101847,547.6463748247968,1.4667566785764956
799,60,583.2741426236689,94126,547.6463748247968,1.4667566785764956
799,55,591.0560972497027,86406,547.6463748247968,1.4667566785764956
799,50,611.0966705467757,78694,547.6463748247968,1.4667566785764956
799,45,630.9314355990621,70974,547.6463748247968,1.4667566785764956
799,40,634.837408982411,63253,547.6463748247968,1.4667566785764956
799,35,639.2737458646204,55533,547.6463748247968,1.4667566785764956
799,30,647.3478078031039,47821,547.6463748247968,1.4667566785764956
799,25,661.6664280517451,40101,547.6463748247968,1.4667566785764956
799,20,683.5998324676832,32380,547.6463748247968,1.4667566785764956
799,15,718.0944756052869,24660,547.6463748247968,1.4667566785764956
799,10,777.2800320485607,16948,547.6463748247968,1.4667566785764956
799,5,803.2639777724775,9228,547.6463748247968,1.4667566785764956
800,80,537.6909952282876,125000,537.6909952282876,1.4421977445632674
800,75,545.5736310837048,117279,537.6909952282876,1.4421977445632674
800,70,550.4374367299962,109567,537.6909952282876,1.4421977445632674
800,65,557.4739369839564,101847,537.6909952282876,1.4421977445632674
800,60,577.7343554656505,94126,537.6909952282876,1.4421977445632674
800,55,589.2083572393166,86406,537.6909952282876,1.4421977445632674
800,50,604.4353102179988,78694,537.6909952282876,1.4421977445632674
800,45,623.0722701345221,70974,537.6909952282876,1.4421977445632674
800,40,627.6525953657109,63253,537.6909952282876,1.4421977445632674
800,35,633.1848416543385,55533,537.6909952282876,1.4421977445632674
800,30,641.8460061293381,47821,537.6909952282876,1.4421977445632674
800,25,653.4850184313823,40101,537.6909952282876,1.4421977445632674
800,20,670.5714678758906,32380,537.6909952282876,1.4421977445632674
800,15,703.4196325543617,24660,537.6909952282876,1.4421977445632674
800,10,755.5565027085046,16948,537.6909952282876,1.4421977445632674
800,5,775.4567405902151,9228,537.6909952282876,1.4421977445632674
801,80,523.527693047721,125000,523.527693047721,1.4245867169868054
801,75,529.1575873206995,117279,523.527693047721,1.4245867169868054
801,70,534.5849264861239,109567,523.527693047721,1.4245867169868054
801,65,542.961884750666,101847,523.527693047721,1.4245867169868054
801,60,567.4848939461525,94126,523.527693047721,1.4245867169868054
801,55,583.2902181979084,86406,523.527693047721,1.4245867169868054
801,50,594.2518959651578,78694,523.527693047721,1.4245867169868054
801,45,613.3434577032544,70974,523.527693047721,1.4245867169868054
801,40,624.8788986197297,63253,523.527693047721,1.4245867169868054
801,35,632.7232171032732,55533,523.527693047721,1.4245867169868054
801,30,641.7548285606355,47821,523.527693047721,1.4245867169868054
801,25,650.8289186360225,40101,523.527693047721,1.4245867169868054
801,20,661.1578703145256,32380,523.527693047721,1.4245867169868054
801,15,690.53427063875,24660,523.527693047721,1.4245867169868054
801,10,729.7213527676157,16948,523.527693047721,1.4245867169868054
801,5,745.8105974905288,9228,523.527693047721,1.4245867169868054
802,80,533.3394723876302,125000,533.3394723876302,1.3778696365718803
802,75,534.4276212177265,117279,533.3394723876302,1.3778696365718803
802,70,539.9273473067475,109567,533.3394723876302,1.3778696365718803
802,65,546.233296431553,101847,533.3394723876302,1.3778696365718803
802,60,569.471957123019,94126,533.3394723876302,1.3778696365718803
802,55,584.6985594585432,86406,533.3394723876302,1.3778696365718803
802,50,592.642563356149,78694,533.3394723876302,1.3778696365718803
802,45,610.2210361200852,70974,533.3394723876302,1.3778696365718803
802,40,630.7375726770649,63253,533.3394723876302,1.3778696365718803
802,35,640.5097771642248,55533,533.3394723876302,1.3778696365718803
802,30,651.3396447863774,47821,533.3394723876302,1.3778696365718803
802,25,659.6909811159113,40101,533.3394723876302,1.3778696365718803
802,20,666.250521575511,32380,533.3394723876302,1.3778696365718803
802,15,698.5169227681926,24660,533.3394723876302,1.3778696365718803
802,10,722.8007593249334,16948,533.3394723876302,1.3778696365718803
802,5,734.8722649881823,9228,533.3394723876302,1.3778696365718803
803,80,527.0391202605308,125000,527.0391202605308,1.3469668395819132
803,75,527.2630964612789,117279,527.0391202605308,1.3469668395819132
803,70,532.5643930344715,109567,527.0391202605308,1.3469668395819132
803,65,536.7079613797312,101847,527.0391202605308,1.3469668395819132
803,60,556.4273550647438,94126,527.0391202605308,1.3469668395819132
803,55,566.8020465845583,86406,527.0391202605308,1.3469668395819132
803,50,577.8675477436989,78694,527.0391202605308,1.3469668395819132
803,45,592.1082022158331,70974,527.0391202605308,1.3469668395819132
803,40,612.5565655371537,63253,527.0391202605308,1.3469668395819132
803,35,626.051876536336,55533,527.0391202605308,1.3469668395819132
803,30,636.4910076644817,47821,527.0391202605308,1.3469668395819132
803,25,648.320644538482,40101,527.0391202605308,1.3469668395819132
803,20,660.5796391489657,32380,527.0391202605308,1.3469668395819132
803,15,694.0732468380284,24660,527.0391202605308,1.3469668395819132
803,10,702.1882652197714,16948,527.0391202605308,1.3469668395819132
803,5,709.904218153359,9228,527.0391202605308,1.3469668395819132
804,80,553.8983233810117,125000,553.8983233810117,1.3095039331478928
804,75,554.463955747687,117279,553.8983233810117,1.3095039331478928
804,70,563.5672034399979,109567,553.8983233810117,1.3095039331478928
804,65,566.0246827914526,101847,553.8983233810117,1.3095039331478928
804,60,586.994820754035,94126,553.8983233810117,1.3095039331478928
804,55,593.5381115998232,86406,553.8983233810117,1.3095039331478928
804,50,603.1541378642006,78694,553.8983233810117,1.3095039331478928
804,45,612.201254276099,70974,553.8983233810117,1.3095039331478928
804,40,630.798828535219,63253,553.8983233810117,1.3095039331478928
804,35,649.2551805459276,55533,553.8983233810117,1.3095039331478928
804,30,658.7385752730297,47821,553.8983233810117,1.3095039331478928
804,25,667.3683904900013,40101,553.8983233810117,1.3095039331478928
804,20,678.4011413511674,32380,553.8983233810117,1.3095039331478928
804,15,715.7867636876681,24660,553.8983233810117,1.3095039331478928
804,10,721.0209011191176,16948,553.8983233810117,1.3095039331478928
804,5,725.3320330314582,9228,553.8983233810117,1.3095039331478928
805,80,615.0678446984507,125000,615.0678446984507,1.2725521209882906
805,75,617.1149144758572,117279,615.0678446984507,1.2725521209882906
805,70,624.1267364992937,109567,615.0678446984507,1.2725521209882906
805,65,626.058849613273,101847,615.0678446984507,1.2725521209882906
805,60,643.7662811707622,94126,615.0678446984507,1.2725521209882906
805,55,649.00443154218,86406,615.0678446984507,1.2725521209882906
805,50,658.0715796139116,78694,615.0678446984507,1.2725521209882906
805,45,665.8486147329656,70974,615.0678446984507,1.2725521209882906
805,40,688.0730537716114,63253,615.0678446984507,1.2725521209882906
805,35,700.418640407661,55533,615.0678446984507,1.2725521209882906
805,30,708.4154829273109,47821,615.0678446984507,1.2725521209882906
805,25,716.6097280851237,40101,615.0678446984507,1.2725521209882906
805,20,732.4822573645325,32380,615.0678446984507,1.2725521209882906
805,15,770.3264278732856,24660,615.0678446984507,1.2725521209882906
805,10,778.1441379206962,16948,615.0678446984507,1.2725521209882906
805,5,782.70589032271,9228,615.0678446984507,1.2725521209882906
806,80,624.4759241396597,125000,624.4759241396597,1.288923107908873
806,75,629.8330137130912,117279,624.4759241396597,1.288923107908873
806,70,635.7794461198251,109567,624.4759241396597,1.288923107908873
806,65,638.2598889919689,101847,624.4759241396597,1.288923107908873
806,60,656.9823247903851,94126,624.4759241396597,1.288923107908873
806,55,661.285418951312,86406,624.4759241396597,1.288923107908873
806,50,667.7045291904226,78694,624.4759241396597,1.288923107908873
806,45,678.0013342836546,70974,624.4759241396597,1.288923107908873
806,40,696.1302314731228,63253,624.4759241396597,1.288923107908873
806,35,702.5952188058861,55533,624.4759241396597,1.288923107908873
806,30,710.6922342659332,47821,624.4759241396597,1.288923107908873
806,25,723.5737560821314,40101,624.4759241396597,1.288923107908873
806,20,739.9206981609493,32380,624.4759241396597,1.288923107908873
806,15,781.5230014319461,24660,624.4759241396597,1.288923107908873
806,10,795.6180883955611,16948,624.4759241396597,1.288923107908873
806,5,804.9014489563558,9228,624.4759241396597,1.288923107908873
807,80,630.9784833968383,125000,630.9784833968383,1.368300281015016
807,75,643.3042814453095,117279,630.9784833968383,1.368300281015016
807,70,648.1894169841412,109567,630.9784833968383,1.368300281015016
807,65,650.9249773038663,101847,630.9784833968383,1.368300281015016
807,60,673.3932238398254,94126,630.9784833968383,1.368300281015016
807,55,675.6282304622376,86406,630.9784833968383,1.368300281015016
807,50,682.2166617877249,78694,630.9784833968383,1.368300281015016
807,45,696.5273905613233,70974,630.9784833968383,1.368300281015016
807,40,711.8192653132661,63253,630.9784833968383,1.368300281015016
807,35,715.1041836928767,55533,630.9784833968383,1.368300281015016
807,30,725.6052510650482,47821,630.9784833968383,1.368300281015016
807,25,751.1939441986715,40101,630.9784833968383,1.368300281015016
807,20,763.7601560636017,32380,630.9784833968383,1.368300281015016
807,15,821.7326685878114,24660,630.9784833968383,1.368300281015016
807,10,843.1235919398638,16948,630.9784833968383,1.368300281015016
807,5,863.3680361463224,9228,630.9784833968383,1.368300281015016
808,80,643.2281916229526,125000,643.2281916229526,1.4876086432595437
808,75,655.069112597373,117279,643.2281916229526,1.4876086432595437
808,70,659.6812341768434,109567,643.2281916229526,1.4876086432595437
808,65,663.9570430851321,101847,643.2281916229526,1.4876086432595437
808,60,696.9570651402335,94126,643.2281916229526,1.4876086432595437
808,55,699.3667568287348,86406,643.2281916229526,1.4876086432595437
808,50,705.4966873079967,78694,643.2281916229526,1.4876086432595437
808,45,725.5987748291903,70974,643.2281916229526,1.4876086432595437
808,40,745.0957293552698,63253,643.2281916229526,1.4876086432595437
808,35,751.7591591508565,55533,643.2281916229526,1.4876086432595437
808,30,771.210566660969,47821,643.2281916229526,1.4876086432595437
808,25,800.9305576094417,40101,643.2281916229526,1.4876086432595437
808,20,809.0263375428863,32380,643.2281916229526,1.4876086432595437
808,15,882.937038787463,24660,643.2281916229526,1.4876086432595437
808,10,911.0030162949766,16948,643.2281916229526,1.4876086432595437
808,5,956.87181744651,9228,643.2281916229526,1.4876086432595437
809,80,634.2392892245406,125000,634.2392892245406,1.629342990857545
809,75,646.9019080045023,117279,634.2392892245406,1.629342990857545
809,70,650.5926877015079,109567,634.2392892245406,1.629342990857545
809,65,653.0600502682066,101847,634.2392892245406,1.629342990857545
809,60,684.3456121629295,94126,634.2392892245406,1.629342990857545
809,55,688.6409205191247,86406,634.2392892245406,1.629342990857545
809,50,696.4828501899915,78694,634.2392892245406,1.629342990857545
809,45,715.5022576841518,70974,634.2392892245406,1.629342990857545
809,40,745.2172502408329,63253,634.2392892245406,1.629342990857545
809,35,760.2881947409841,55533,634.2392892245406,1.629342990857545
809,30,787.7192337440337,47821,634.2392892245406,1.629342990857545
809,25,815.4855205645417,40101,634.2392892245406,1.629342990857545
809,20,823.7846594171244,32380,634.2392892245406,1.629342990857545
809,15,917.6114292778668,24660,634.2392892245406,1.629342990857545
809,10,953.2170156654424,16948,634.2392892245406,1.629342990857545
809,5,1033.3933404244765,9228,634.2392892245406,1.629342990857545
811,80,630.2204876223273,125000,630.2204876223273,1.7485678369378832
811,75,640.6469430494617,117279,630.2204876223273,1.7485678369378832
811,70,643.466539115026,109567,630.2204876223273,1.7485678369378832
811,65,646.3559797986908,101847,630.2204876223273,1.7485678369378832
811,60,670.346798950579,94126,630.2204876223273,1.7485678369378832
811,55,675.8547267016933,86406,630.2204876223273,1.7485678369378832
811,50,685.3136660373143,78694,630.2204876223273,1.7485678369378832
811,45,696.9206787767491,70974,630.2204876223273,1.7485678369378832
811,40,729.0534881093096,63253,630.2204876223273,1.7485678369378832
811,35,749.9311720009656,55533,630.2204876223273,1.7485678369378832
811,30,768.5077607386369,47821,630.2204876223273,1.7485678369378832
811,25,792.5962799120206,40101,630.2204876223273,1.7485678369378832
811,20,813.5622571247796,32380,630.2204876223273,1.7485678369378832
811,15,926.8411801312388,24660,630.2204876223273,1.7485678369378832
811,10,990.7485978897672,16948,630.2204876223273,1.7485678369378832
811,5,1101.9832748357107,9228,630.2204876223273,1.7485678369378832
812,80,646.3795614017358,125000,646.3795614017358,1.7131356190754
812,75,656.086172660648,117279,646.3795614017358,1.7131356190754
812,70,657.5099797447468,109567,646.3795614017358,1.7131356190754
812,65,661.5003417113641,101847,646.3795614017358,1.7131356190754
812,60,678.3915137909264,94126,646.3795614017358,1.7131356190754
812,55,683.0010781749146,86406,646.3795614017358,1.7131356190754
812,50,691.3139092442615,78694,646.3795614017358,1.7131356190754
812,45,699.523746849568,70974,646.3795614017358,1.7131356190754
812,40,724.236242352978,63253,646.3795614017358,1.7131356190754
812,35,745.1473925110123,55533,646.3795614017358,1.7131356190754
812,30,758.8982419806288,47821,646.3795614017358,1.7131356190754
812,25,779.2930270200803,40101,646.3795614017358,1.7131356190754
812,20,807.3881569453342,32380,646.3795614017358,1.7131356190754
812,15,916.6243881626854,24660,646.3795614017358,1.7131356190754
812,10,991.7951905532584,16948,646.3795614017358,1.7131356190754
812,5,1107.3358500796485,9228,646.3795614017358,1.7131356190754
813,80,652.0644178959104,125000,652.0644178959104,1.6958076941882425
813,75,661.9173592902532,117279,652.0644178959104,1.6958076941882425
813,70,662.8704155122837,109567,652.0644178959104,1.6958076941882425
813,65,667.2484408338537,101847,652.0644178959104,1.6958076941882425
813,60,679.7659738308244,94126,652.0644178959104,1.6958076941882425
813,55,684.1462561196739,86406,652.0644178959104,1.6958076941882425
813,50,691.5877215083287,78694,652.0644178959104,1.6958076941882425
813,45,699.7475830077267,70974,652.0644178959104,1.6958076941882425
813,40,719.110930923319,63253,652.0644178959104,1.6958076941882425
813,35,738.9147723906564,55533,652.0644178959104,1.6958076941882425
813,30,751.238776434878,47821,652.0644178959104,1.6958076941882425
813,25,768.5095450719814,40101,652.0644178959104,1.6958076941882425
813,20,800.4197287175084,32380,652.0644178959104,1.6958076941882425
813,15,904.719894700384,24660,652.0644178959104,1.6958076941882425
813,10,987.593595108108,16948,652.0644178959104,1.6958076941882425
813,5,1105.7758569742623,9228,652.0644178959104,1.6958076941882425
814,80,663.7064230096139,125000,663.7064230096139,1.6837262898796044
814,75,673.0063787653188,117279,663.7064230096139,1.6837262898796044
814,70,674.5763293769702,109567,663.7064230096139,1.6837262898796044
814,65,678.0917979217925,101847,663.7064230096139,1.6837262898796044
814,60,688.9069127725446,94126,663.7064230096139,1.6837262898796044
814,55,692.7125024337229,86406,663.7064230096139,1.6837262898796044
814,50,699.0088311971058,78694,663.7064230096139,1.6837262898796044
814,45,711.8600756958575,70974,663.7064230096139,1.6837262898796044
814,40,728.6369134753675,63253,663.7064230096139,1.6837262898796044
814,35,746.8257991676503,55533,663.7064230096139,1.6837262898796044
814,30,760.857072804931,47821,663.7064230096139,1.6837262898796044
814,25,776.5932706253675,40101,663.7064230096139,1.6837262898796044
814,20,808.7750494251516,32380,663.7064230096139,1.6837262898796044
814,15,906.0770012450392,24660,663.7064230096139,1.6837262898796044
814,10,993.4153790982454,16948,663.7064230096139,1.6837262898796044
814,5,1117.4999531832405,9228,663.7064230096139,1.6837262898796044
815,80,683.1363408229136,125000,683.1363408229136,1.65695911477171
815,75,691.3529964623002,117279,683.1363408229136,1.65695911477171
815,70,693.873704653174,109567,683.1363408229136,1.65695911477171
815,65,696.1366012259997,101847,683.1363408229136,1.65695911477171
815,60,708.2070881319555,94126,683.1363408229136,1.65695911477171
815,55,711.4497765559915,86406,683.1363408229136,1.65695911477171
815,50,716.9245636306616,78694,683.1363408229136,1.65695911477171
815,45,738.4108036654202,70974,683.1363408229136,1.65695911477171
815,40,752.2325471569725,63253,683.1363408229136,1.65695911477171
815,35,766.5505231586906,55533,683.1363408229136,1.65695911477171
815,30,780.5544914562926,47821,683.1363408229136,1.65695911477171
815,25,792.9131314800545,40101,683.1363408229136,1.65695911477171
815,20,820.4640816881964,32380,683.1363408229136,1.65695911477171
815,15,907.5805593079774,24660,683.1363408229136,1.65695911477171
815,10,1002.5124751419028,16948,683.1363408229136,1.65695911477171
815,5,1131.92898655832,9228,683.1363408229136,1.65695911477171
816,80,681.995475646536,125000,681.995475646536,1.6677600141984672
816,75,689.3053035370903,117279,681.995475646536,1.6677600141984672
816,70,693.1390146354379,109567,681.995475646536,1.6677600141984672
816,65,695.6622828070211,101847,681.995475646536,1.6677600141984672
816,60,708.4843129191719,94126,681.995475646536,1.6677600141984672
816,55,710.3197284218035,86406,681.995475646536,1.6677600141984672
816,50,715.6199672924374,78694,681.995475646536,1.6677600141984672
816,45,743.2364260191848,70974,681.995475646536,1.6677600141984672
816,40,754.9190188460865,63253,681.995475646536,1.6677600141984672
816,35,765.5891548494303,55533,681.995475646536,1.6677600141984672
816,30,778.4649902850894,47821,681.995475646536,1.6677600141984672
816,25,788.4982162106427,40101,681.995475646536,1.6677600141984672
816,20,810.2112205135129,32380,681.995475646536,1.6677600141984672
816,15,891.3019595724007,24660,681.995475646536,1.6677600141984672
816,10,998.402040777872,16948,681.995475646536,1.6677600141984672
816,5,1137.4047841475572,9228,681.995475646536,1.6677600141984672
817,80,654.2139036021603,125000,654.2139036021603,1.706719688111532
817,75,660.5006983576425,117279,654.2139036021603,1.706719688111532
817,70,665.1068659789486,109567,654.2139036021603,1.706719688111532
817,65,668.5523692411302,101847,654.2139036021603,1.706719688111532
817,60,681.7510416899921,94126,654.2139036021603,1.706719688111532
817,55,683.0418919370636,86406,654.2139036021603,1.706719688111532
817,50,688.4985872994379,78694,654.2139036021603,1.706719688111532
817,45,719.7704641398708,70974,654.2139036021603,1.706719688111532
817,40,729.8344649841202,63253,654.2139036021603,1.706719688111532
817,35,737.5912989095722,55533,654.2139036021603,1.706719688111532
817,30,752.0142239903661,47821,654.2139036021603,1.706719688111532
817,25,762.3178542873449,40101,654.2139036021603,1.706719688111532
817,20,777.200158843511,32380,654.2139036021603,1.706719688111532
817,15,854.5177001190875,24660,654.2139036021603,1.706719688111532
817,10,967.8595977071036,16948,654.2139036021603,1.706719688111532
817,5,1116.559749514107,9228,654.2139036021603,1.706719688111532
818,80,613.9686393144962,125000,613.9686393144962,1.7233453534312406
818,75,618.9384208667797,117279,613.9686393144962,1.7233453534312406
818,70,624.4872609817813,109567,613.9686393144962,1.7233453534312406
818,65,628.3715908710836,101847,613.9686393144962,1.7233453534312406
818,60,638.8492155764442,94126,613.9686393144962,1.7233453534312406
818,55,640.5911514825672,86406,613.9686393144962,1.7233453534312406
818,50,648.8092955895153,78694,613.9686393144962,1.7233453534312406
818,45,676.8154749976674,70974,613.9686393144962,1.7233453534312406
818,40,685.1306016136017,63253,613.9686393144962,1.7233453534312406
818,35,692.2597051660532,55533,613.9686393144962,1.7233453534312406
818,30,707.248693262738,47821,613.9686393144962,1.7233453534312406
818,25,719.6104248613148,40101,613.9686393144962,1.7233453534312406
818,20,730.3714680090179,32380,613.9686393144962,1.7233453534312406
818,15,800.7455485187298,24660,613.9686393144962,1.7233453534312406
818,10,911.0548354154836,16948,613.9686393144962,1.7233453534312406
818,5,1058.0800017151382,9228,613.9686393144962,1.7233453534312406
819,80,603.9459669096957,125000,603.9459669096957,1.6994014627826797
819,75,608.4303066417774,117279,603.9459669096957,1.6994014627826797
819,70,617.3461771714062,109567,603.9459669096957,1.6994014627826797
819,65,622.4696927022362,101847,603.9459669096957,1.6994014627826797
819,60,628.931297124975,94126,603.9459669096957,1.6994014627826797
819,55,633.274672472492,86406,603.9459669096957,1.6994014627826797
819,50,646.2942464088703,78694,603.9459669096957,1.6994014627826797
819,45,669.3099053626313,70974,603.9459669096957,1.6994014627826797
819,40,673.6123524392067,63253,603.9459669096957,1.6994014627826797
819,35,677.4676744076261,55533,603.9459669096957,1.6994014627826797
819,30,689.0910192611983,47821,603.9459669096957,1.6994014627826797
819,25,701.2453453799687,40101,603.9459669096957,1.6994014627826797
819,20,709.1996077975776,32380,603.9459669096957,1.6994014627826797
819,15,767.9455277168515,24660,603.9459669096957,1.6994014627826797
819,10,879.0164120596477,16948,603.9459669096957,1.6994014627826797
819,5,1026.3466596080366,9228,603.9459669096957,1.6994014627826797
820,80,621.4294024554636,125000,621.4294024554636,1.6514994623198431
820,75,625.5090873606151,117279,621.4294024554636,1.6514994623198431
820,70,634.1574215784271,109567,621.4294024554636,1.6514994623198431
820,65,640.8708255085758,101847,621.4294024554636,1.6514994623198431
820,60,645.6008545763015,94126,621.4294024554636,1.6514994623198431
820,55,654.503961588313,86406,621.4294024554636,1.6514994623198431
820,50,674.1964422867366,78694,621.4294024554636,1.6514994623198431
820,45,688.1328726299769,70974,621.4294024554636,1.6514994623198431
820,40,690.9994655826506,63253,621.4294024554636,1.6514994623198431
820,35,692.8209886519265,55533,621.4294024554636,1.6514994623198431
820,30,703.6508245425784,47821,621.4294024554636,1.6514994623198431
820,25,715.2204379989306,40101,621.4294024554636,1.6514994623198431
820,20,724.6944797520965,32380,621.4294024554636,1.6514994623198431
820,15,770.6573454036773,24660,621.4294024554636,1.6514994623198431
820,10,882.027626470598,16948,621.4294024554636,1.6514994623198431
820,5,1026.2903240249395,9228,621.4294024554636,1.6514994623198431
821,80,630.3551585605463,125000,630.3551585605463,1.6206280918196658
821,75,635.6805887820524,117279,630.3551585605463,1.6206280918196658
821,70,646.4933453440831,109567,630.3551585605463,1.6206280918196658
821,65,652.9800164208164,101847,630.3551585605463,1.6206280918196658
821,60,658.2799559109034,94126,630.3551585605463,1.6206280918196658
821,55,672.2335322684737,86406,630.3551585605463,1.6206280918196658
821,50,694.7652133280845,78694,630.3551585605463,1.6206280918196658
821,45,705.5035165683776,70974,630.3551585605463,1.6206280918196658
821,40,708.2890745018717,63253,630.3551585605463,1.6206280918196658
821,35,711.3299697505149,55533,630.3551585605463,1.6206280918196658
821,30,719.5102536594554,47821,630.3551585605463,1.6206280918196658
821,25,730.3984873512964,40101,630.3551585605463,1.6206280918196658
821,20,743.2332898198397,32380,630.3551585605463,1.6206280918196658
821,15,781.0645463692441,24660,630.3551585605463,1.6206280918196658
821,10,892.7514796544551,16948,630.3551585605463,1.6206280918196658
821,5,1021.5712777866612,9228,630.3551585605463,1.6206280918196658
822,80,653.2426287657479,125000,653.2426287657479,1.562982052831818
822,75,659.6258523759961,117279,653.2426287657479,1.562982052831818
822,70,674.50744954107,109567,653.2426287657479,1.562982052831818
822,65,679.1302857662205,101847,653.2426287657479,1.562982052831818
822,60,686.6892164086136,94126,653.2426287657479,1.562982052831818
822,55,705.8473167487335,86406,653.2426287657479,1.562982052831818
822,50,726.0244059568652,78694,653.2426287657479,1.562982052831818
822,45,736.0865980478378,70974,653.2426287657479,1.562982052831818
822,40,738.9212379348073,63253,653.2426287657479,1.562982052831818
822,35,744.5198485029989,55533,653.2426287657479,1.562982052831818
822,30,749.9855161782425,47821,653.2426287657479,1.562982052831818
822,25,761.0481081244325,40101,653.2426287657479,1.562982052831818
822,20,779.9026125424155,32380,653.2426287657479,1.562982052831818
822,15,812.5952661207124,24660,653.2426287657479,1.562982052831818
822,10,913.424626487608,16948,653.2426287657479,1.562982052831818
822,5,1021.0065049055418,9228,653.2426287657479,1.562982052831818
823,80,676.8338221919172,125000,676.8338221919172,1.5078131398699666
823,75,681.4073245307236,117279,676.8338221919172,1.5078131398699666
823,70,700.6035430186893,109567,676.8338221919172,1.5078131398699666
823,65,706.3085450025638,101847,676.8338221919172,1.5078131398699666
823,60,714.2980948268415,94126,676.8338221919172,1.5078131398699666
823,55,735.9307283253983,86406,676.8338221919172,1.5078131398699666
823,50,747.6109099899437,78694,676.8338221919172,1.5078131398699666
823,45,758.5652929464198,70974,676.8338221919172,1.5078131398699666
823,40,762.7821008429217,63253,676.8338221919172,1.5078131398699666
823,35,772.1810156764519,55533,676.8338221919172,1.5078131398699666
823,30,776.3277146611134,47821,676.8338221919172,1.5078131398699666
823,25,789.325763899996,40101,676.8338221919172,1.5078131398699666
823,20,813.5525202159336,32380,676.8338221919172,1.5078131398699666
823,15,842.5014653914518,24660,676.8338221919172,1.5078131398699666
823,10,932.4989554114404,16948,676.8338221919172,1.5078131398699666
823,5,1020.5389306093851,9228,676.8338221919172,1.5078131398699666
824,80,594.8839816024595,125000,594.8839816024595,2.013136296807192
824,75,595.44036548187,117279,594.8839816024595,2.013136296807192
824,70,604.6210358482718,109567,594.8839816024595,2.013136296807192
824,65,623.3800956327123,101847,594.8839816024595,2.013136296807192
824,60,647.3141739760549,94126,594.8839816024595,2.013136296807192
824,55,652.2661444323783,86406,594.8839816024595,2.013136296807192
824,50,656.4556211286052,78694,594.8839816024595,2.013136296807192
824,45,674.5105792121824,70974,594.8839816024595,2.013136296807192
824,40,706.3043580472377,63253,594.8839816024595,2.013136296807192
824,35,740.2353623815542,55533,594.8839816024595,2.013136296807192
824,30,778.3761871006184,47821,594.8839816024595,2.013136296807192
824,25,806.1295054366698,40101,594.8839816024595,2.013136296807192
824,20,836.6499153036153,32380,594.8839816024595,2.013136296807192
824,15,891.401994856941,24660,594.8839816024595,2.013136296807192
824,10,951.75152325778,16948,594.8839816024595,2.013136296807192
824,5,1197.582535753093,9228,594.8839816024595,2.013136296807192
825,80,704.0871904600808,125000,704.0871904600808,1.8014241332309806
825,75,708.5750609628225,117279,704.0871904600808,1.8014241332309806
825,70,734.612626496567,109567,704.0871904600808,1.8014241332309806
825,65,746.537594498114,101847,704.0871904600808,1.8014241332309806
825,60,768.0154435309659,94126,704.0871904600808,1.8014241332309806
825,55,778.6100282510882,86406,704.0871904600808,1.8014241332309806
825,50,782.8443688399624,78694,704.0871904600808,1.8014241332309806
825,45,796.3328163497466,70974,704.0871904600808,1.8014241332309806
825,40,832.4412445782867,63253,704.0871904600808,1.8014241332309806
825,35,861.4432164187228,55533,704.0871904600808,1.8014241332309806
825,30,900.2894852288684,47821,704.0871904600808,1.8014241332309806
825,25,927.0245404446016,40101,704.0871904600808,1.8014241332309806
825,20,975.0659490247256,32380,704.0871904600808,1.8014241332309806
825,15,1046.2340476346255,24660,704.0871904600808,1.8014241332309806
825,10,1106.1169594903024,16948,704.0871904600808,1.8014241332309806
825,5,1268.3596567935874,9228,704.0871904600808,1.8014241332309806
826,80,823.7393832430467,125000,823.7393832430467,1.7766508610328506
826,75,833.1611921671818,117279,823.7393832430467,1.7766508610328506
826,70,858.3878614256855,109567,823.7393832430467,1.7766508610328506
826,65,862.9484128049428,101847,823.7393832430467,1.7766508610328506
826,60,874.3662469098517,94126,823.7393832430467,1.7766508610328506
826,55,886.5979606297187,86406,823.7393832430467,1.7766508610328506
826,50,891.8383488611612,78694,823.7393832430467,1.7766508610328506
826,45,939.088288589975,70974,823.7393832430467,1.7766508610328506
826,40,987.0626911593298,63253,823.7393832430467,1.7766508610328506
826,35,1036.8552779061054,55533,823.7393832430467,1.7766508610328506
826,30,1072.7130432030172,47821,823.7393832430467,1.7766508610328506
826,25,1161.7005731829172,40101,823.7393832430467,1.7766508610328506
826,20,1180.7140947375904,32380,823.7393832430467,1.7766508610328506
826,15,1263.0866274262862,24660,823.7393832430467,1.7766508610328506
826,10,1387.0474602096128,16948,823.7393832430467,1.7766508610328506
826,5,1463.4972845054283,9228,823.7393832430467,1.7766508610328506
827,80,788.5344101127309,125000,788.5344101127309,2.0458023400423677
827,75,800.9994339755414,117279,788.5344101127309,2.0458023400423677
827,70,823.4221890036318,109567,788.5344101127309,2.0458023400423677
827,65,828.3621203370772,101847,788.5344101127309,2.0458023400423677
827,60,843.194801739787,94126,788.5344101127309,2.0458023400423677
827,55,862.4158759060685,86406,788.5344101127309,2.0458023400423677
827,50,865.5597906594951,78694,788.5344101127309,2.0458023400423677
827,45,895.5356711324924,70974,788.5344101127309,2.0458023400423677
827,40,940.940888666361,63253,788.5344101127309,2.0458023400423677
827,35,1006.0712846164536,55533,788.5344101127309,2.0458023400423677
827,30,1029.0418152957736,47821,788.5344101127309,2.0458023400423677
827,25,1134.8213821728975,40101,788.5344101127309,2.0458023400423677
827,20,1205.8706261911973,32380,788.5344101127309,2.0458023400423677
827,15,1266.7083464179009,24660,788.5344101127309,2.0458023400423677
827,10,1521.0722367043063,16948,788.5344101127309,2.0458023400423677
827,5,1613.1855414125528,9228,788.5344101127309,2.0458023400423677
828,80,813.2369332048431,125000,813.2369332048431,1.8858119501500403
828,75,824.5278656737423,117279,813.2369332048431,1.8858119501500403
828,70,831.8432279668618,109567,813.2369332048431,1.8858119501500403
828,65,843.5407702139889,101847,813.2369332048431,1.8858119501500403
828,60,861.2453823673027,94126,813.2369332048431,1.8858119501500403
828,55,893.5806992170909,86406,813.2369332048431,1.8858119501500403
828,50,905.6063223119212,78694,813.2369332048431,1.8858119501500403
828,45,940.9501979397368,70974,813.2369332048431,1.8858119501500403
828,40,974.8518040847008,63253,813.2369332048431,1.8858119501500403
828,35,998.2009777210296,55533,813.2369332048431,1.8858119501500403
828,30,1033.3567119930503,47821,813.2369332048431,1.8858119501500403
828,25,1054.732945012246,40101,813.2369332048431,1.8858119501500403
828,20,1100.9350656507447,32380,813.2369332048431,1.8858119501500403
828,15,1183.3907542413242,24660,813.2369332048431,1.8858119501500403
828,10,1435.6187942819,16948,813.2369332048431,1.8858119501500403
828,5,1533.6119269410633,9228,813.2369332048431,1.8858119501500403
829,80,726.9735140734653,125000,726.9735140734653,1.9158278042496828
829,75,736.2967584121224,117279,726.9735140734653,1.9158278042496828
829,70,746.7620342552241,109567,726.9735140734653,1.9158278042496828
829,65,754.9425983850139,101847,726.9735140734653,1.9158278042496828
829,60,768.3710569692138,94126,726.9735140734653,1.9158278042496828
829,55,778.4617222696323,86406,726.9735140734653,1.9158278042496828
829,50,784.9214918257985,78694,726.9735140734653,1.9158278042496828
829,45,822.330126397333,70974,726.9735140734653,1.9158278042496828
829,40,846.0999901459379,63253,726.9735140734653,1.9158278042496828
829,35,879.6759240713382,55533,726.9735140734653,1.9158278042496828
829,30,898.6067008276126,47821,726.9735140734653,1.9158278042496828
829,25,948.7667207512876,40101,726.9735140734653,1.9158278042496828
829,20,958.5300555280168,32380,726.9735140734653,1.9158278042496828
829,15,1174.000252532481,24660,726.9735140734653,1.9158278042496828
829,10,1283.5003903368677,16948,726.9735140734653,1.9158278042496828
829,5,1392.7560712150428,9228,726.9735140734653,1.9158278042496828
830,80,645.1071103557058,125000,645.1071103557058,1.7349796666886508
830,75,649.3550928257337,117279,645.1071103557058,1.7349796666886508
830,70,659.669872776317,109567,645.1071103557058,1.7349796666886508
830,65,671.7158243749867,101847,645.1071103557058,1.7349796666886508
830,60,679.3686097336757,94126,645.1071103557058,1.7349796666886508
830,55,692.879906746827,86406,645.1071103557058,1.7349796666886508
830,50,705.8138793639987,78694,645.1071103557058,1.7349796666886508
830,45,729.3902346506001,70974,645.1071103557058,1.7349796666886508
830,40,750.1776647724637,63253,645.1071103557058,1.7349796666886508
830,35,765.4391762770803,55533,645.1071103557058,1.7349796666886508
830,30,780.674355952504,47821,645.1071103557058,1.7349796666886508
830,25,800.6224372052927,40101,645.1071103557058,1.7349796666886508
830,20,821.011066507397,32380,645.1071103557058,1.7349796666886508
830,15,951.0312779333432,24660,645.1071103557058,1.7349796666886508
830,10,1012.8969468683858,16948,645.1071103557058,1.7349796666886508
830,5,1119.247719303421,9228,645.1071103557058,1.7349796666886508
832,80,671.421030855064,125000,671.421030855064,2.015028360826161
832,75,675.5505120444573,117279,671.421030855064,2.015028360826161
832,70,684.1199616258292,109567,671.421030855064,2.015028360826161
832,65,694.2342122550474,101847,671.421030855064,2.015028360826161
832,60,703.1017760716416,94126,671.421030855064,2.015028360826161
832,55,713.9625532349631,86406,671.421030855064,2.015028360826161
832,50,717.1900086924765,78694,671.421030855064,2.015028360826161
832,45,765.3889121842861,70974,671.421030855064,2.015028360826161
832,40,799.6169244308495,63253,671.421030855064,2.015028360826161
832,35,838.0310909433657,55533,671.421030855064,2.015028360826161
832,30,864.8440384950022,47821,671.421030855064,2.015028360826161
832,25,872.162162109888,40101,671.421030855064,2.015028360826161
832,20,890.3898684204935,32380,671.421030855064,2.015028360826161
832,15,1035.169129518944,24660,671.421030855064,2.015028360826161
832,10,1143.8021223589112,16948,671.421030855064,2.015028360826161
832,5,1352.932419228091,9228,671.421030855064,2.015028360826161
833,80,726.3170509108328,125000,726.3170509108328,1.9410220026326848
833,75,729.0965655701503,117279,726.3170509108328,1.9410220026326848
833,70,734.1473743177031,109567,726.3170509108328,1.9410220026326848
833,65,746.114123983728,101847,726.3170509108328,1.9410220026326848
833,60,753.6506832969237,94126,726.3170509108328,1.9410220026326848
833,55,768.7965589127373,86406,726.3170509108328,1.9410220026326848
833,50,775.0006501565524,78694,726.3170509108328,1.9410220026326848
833,45,802.3529764854734,70974,726.3170509108328,1.9410220026326848
833,40,830.6183374214679,63253,726.3170509108328,1.9410220026326848
833,35,858.3766979843729,55533,726.3170509108328,1.9410220026326848
833,30,911.9670649501091,47821,726.3170509108328,1.9410220026326848
833,25,915.5528159996086,40101,726.3170509108328,1.9410220026326848
833,20,931.8660715185548,32380,726.3170509108328,1.9410220026326848
833,15,1064.0950545192163,24660,726.3170509108328,1.9410220026326848
833,10,1177.347028004701,16948,726.3170509108328,1.9410220026326848
833,5,1409.7973767052106,9228,726.3170509108328,1.9410220026326848
834,80,743.643068192427,125000,743.643068192427,1.9546008951062896
834,75,745.3139839579043,117279,743.643068192427,1.9546008951062896
834,70,749.36991439533,109567,743.643068192427,1.9546008951062896
834,65,760.3217338094449,101847,743.643068192427,1.9546008951062896
834,60,765.9586680114203,94126,743.643068192427,1.9546008951062896
834,55,789.5778613654246,86406,743.643068192427,1.9546008951062896
834,50,799.1437177043355,78694,743.643068192427,1.9546008951062896
834,45,828.3251755938979,70974,743.643068192427,1.9546008951062896
834,40,852.0905431663679,63253,743.643068192427,1.9546008951062896
834,35,871.7201711802113,55533,743.643068192427,1.9546008951062896
834,30,931.1652021981804,47821,743.643068192427,1.9546008951062896
834,25,937.2639219769836,40101,743.643068192427,1.9546008951062896
834,20,951.1933532594364,32380,743.643068192427,1.9546008951062896
834,15,1074.846946918433,24660,743.643068192427,1.9546008951062896
834,10,1191.540472608267,16948,743.643068192427,1.9546008951062896
834,5,1453.5254067285057,9228,743.643068192427,1.9546008951062896
835,80,803.4148517411015,125000,803.4148517411015,1.8091133680770688
835,75,813.5805300662798,117279,803.4148517411015,1.8091133680770688
835,70,818.9669453888529,109567,803.4148517411015,1.8091133680770688
835,65,832.1007168359151,101847,803.4148517411015,1.8091133680770688
835,60,844.8627092090752,94126,803.4148517411015,1.8091133680770688
835,55,866.8235754535095,86406,803.4148517411015,1.8091133680770688
835,50,883.4537564044493,78694,803.4148517411015,1.8091133680770688
835,45,910.8079078866448,70974,803.4148517411015,1.8091133680770688
835,40,939.4596302485444,63253,803.4148517411015,1.8091133680770688
835,35,948.9020051781664,55533,803.4148517411015,1.8091133680770688
835,30,990.796248098326,47821,803.4148517411015,1.8091133680770688
835,25,1000.4420911667098,40101,803.4148517411015,1.8091133680770688
835,20,1019.3104615608246,32380,803.4148517411015,1.8091133680770688
835,15,1139.8031643599863,24660,803.4148517411015,1.8091133680770688
835,10,1270.919221350218,16948,803.4148517411015,1.8091133680770688
835,5,1453.468548396483,9228,803.4148517411015,1.8091133680770688
836,80,812.4120040764403,125000,812.4120040764403,1.7688521152490686
836,75,829.7285384677847,117279,812.4120040764403,1.7688521152490686
836,70,840.1545435254927,109567,812.4120040764403,1.7688521152490686
836,65,851.6806773290749,101847,812.4120040764403,1.7688521152490686
836,60,862.6493135895599,94126,812.4120040764403,1.7688521152490686
836,55,886.5000032180925,86406,812.4120040764403,1.7688521152490686
836,50,906.1825187035444,78694,812.4120040764403,1.7688521152490686
836,45,926.6519939326716,70974,812.4120040764403,1.7688521152490686
836,40,968.1837047369949,63253,812.4120040764403,1.7688521152490686
836,35,984.8609465215246,55533,812.4120040764403,1.7688521152490686
836,30,1004.68921727439,47821,812.4120040764403,1.7688521152490686
836,25,1018.5303504910542,40101,812.4120040764403,1.7688521152490686
836,20,1050.7805760908516,32380,812.4120040764403,1.7688521152490686
836,15,1161.5989004449634,24660,812.4120040764403,1.7688521152490686
836,10,1284.278864261457,16948,812.4120040764403,1.7688521152490686
836,5,1437.0366918643465,9228,812.4120040764403,1.7688521152490686
837,80,745.4703589011986,125000,745.4703589011986,1.6688822089819355
837,75,760.6479357999177,117279,745.4703589011986,1.6688822089819355
837,70,768.9972047623764,109567,745.4703589011986,1.6688822089819355
837,65,784.3595189125275,101847,745.4703589011986,1.6688822089819355
837,60,797.1651537628322,94126,745.4703589011986,1.6688822089819355
837,55,827.9834023331043,86406,745.4703589011986,1.6688822089819355
837,50,847.8041238998483,78694,745.4703589011986,1.6688822089819355
837,45,859.2328935918895,70974,745.4703589011986,1.6688822089819355
837,40,874.6245242578801,63253,745.4703589011986,1.6688822089819355
837,35,898.5006955802525,55533,745.4703589011986,1.6688822089819355
837,30,908.663687541276,47821,745.4703589011986,1.6688822089819355
837,25,934.8562484769292,40101,745.4703589011986,1.6688822089819355
837,20,943.5407744682336,32380,745.4703589011986,1.6688822089819355
837,15,1021.6130438854226,24660,745.4703589011986,1.6688822089819355
837,10,1103.5315246627997,16948,745.4703589011986,1.6688822089819355
837,5,1244.1022192935886,9228,745.4703589011986,1.6688822089819355
838,80,718.9305757420527,125000,718.9305757420527,1.6547919431996447
838,75,748.1310764042347,117279,718.9305757420527,1.6547919431996447
838,70,761.4012786993144,109567,718.9305757420527,1.6547919431996447
838,65,769.1869190920761,101847,718.9305757420527,1.6547919431996447
838,60,784.0336675433427,94126,718.9305757420527,1.6547919431996447
838,55,802.987912468626,86406,718.9305757420527,1.6547919431996447
838,50,811.8663843621295,78694,718.9305757420527,1.6547919431996447
838,45,827.5244044827859,70974,718.9305757420527,1.6547919431996447
838,40,847.6224011403393,63253,718.9305757420527,1.6547919431996447
838,35,874.0411432739924,55533,718.9305757420527,1.6547919431996447
838,30,889.5256529493073,47821,718.9305757420527,1.6547919431996447
838,25,920.7143585441152,40101,718.9305757420527,1.6547919431996447
838,20,947.2204918019872,32380,718.9305757420527,1.6547919431996447
838,15,1006.709430023951,24660,718.9305757420527,1.6547919431996447
838,10,1093.3117436021244,16948,718.9305757420527,1.6547919431996447
838,5,1189.6805244578309,9228,718.9305757420527,1.6547919431996447
840,80,677.9950868677206,125000,677.9950868677206,1.9086332771475096
840,75,688.6442794229145,117279,677.9950868677206,1.9086332771475096
840,70,699.0622803580202,109567,677.9950868677206,1.9086332771475096
840,65,718.8315222389762,101847,677.9950868677206,1.9086332771475096
840,60,734.909319619281,94126,677.9950868677206,1.9086332771475096
840,55,751.2511413652478,86406,677.9950868677206,1.9086332771475096
840,50,765.6817653712732,78694,677.9950868677206,1.9086332771475096
840,45,787.8786664795581,70974,677.9950868677206,1.9086332771475096
840,40,809.6344945091195,63253,677.9950868677206,1.9086332771475096
840,35,841.6018122471417,55533,677.9950868677206,1.9086332771475096
840,30,866.998396777692,47821,677.9950868677206,1.9086332771475096
840,25,907.511920821571,40101,677.9950868677206,1.9086332771475096
840,20,920.0790354518182,32380,677.9950868677206,1.9086332771475096
840,15,1020.583879445038,24660,677.9950868677206,1.9086332771475096
840,10,1187.8359544353846,16948,677.9950868677206,1.9086332771475096
840,5,1294.0439845382482,9228,677.9950868677206,1.9086332771475096
841,80,733.905375756616,125000,733.905375756616,1.812145492289158
841,75,738.1879483680373,117279,733.905375756616,1.812145492289158
841,70,748.3548659733012,109567,733.905375756616,1.812145492289158
841,65,759.0895412211039,101847,733.905375756616,1.812145492289158
841,60,768.0621647341569,94126,733.905375756616,1.812145492289158
841,55,781.454896219519,86406,733.905375756616,1.812145492289158
841,50,789.3910141212866,78694,733.905375756616,1.812145492289158
841,45,803.412444165889,70974,733.905375756616,1.812145492289158
841,40,825.9910737483945,63253,733.905375756616,1.812145492289158
841,35,853.9633196477444,55533,733.905375756616,1.812145492289158
841,30,876.1809507811892,47821,733.905375756616,1.812145492289158
841,25,908.2855225990236,40101,733.905375756616,1.812145492289158
841,20,934.5082475464696,32380,733.905375756616,1.812145492289158
841,15,1057.6706053917687,24660,733.905375756616,1.812145492289158
841,10,1241.982785028535,16948,733.905375756616,1.812145492289158
841,5,1329.9433184441325,9228,733.905375756616,1.812145492289158
842,80,780.5801007084884,125000,780.5801007084884,1.7181186754534146
842,75,783.4482988976511,117279,780.5801007084884,1.7181186754534146
842,70,788.5383812474456,109567,780.5801007084884,1.7181186754534146
842,65,791.4479721365291,101847,780.5801007084884,1.7181186754534146
842,60,796.9359295092594,94126,780.5801007084884,1.7181186754534146
842,55,809.2124103467044,86406,780.5801007084884,1.7181186754534146
842,50,814.092748491751,78694,780.5801007084884,1.7181186754534146
842,45,830.1663573645467,70974,780.5801007084884,1.7181186754534146
842,40,853.0265870195296,63253,780.5801007084884,1.7181186754534146
842,35,881.7166175068472,55533,780.5801007084884,1.7181186754534146
842,30,904.6615986393848,47821,780.5801007084884,1.7181186754534146
842,25,931.3516511265416,40101,780.5801007084884,1.7181186754534146
842,20,975.745946143004,32380,780.5801007084884,1.7181186754534146
842,15,1091.1054962225785,24660,780.5801007084884,1.7181186754534146
842,10,1255.887507814085,16948,780.5801007084884,1.7181186754534146
842,5,1341.129248714561,9228,780.5801007084884,1.7181186754534146
843,80,818.8269102304863,125000,818.8269102304863,1.6631856437209929
843,75,822.8636977181079,117279,818.8269102304863,1.6631856437209929
843,70,827.5618254296951,109567,818.8269102304863,1.6631856437209929
843,65,830.1187452648197,101847,818.8269102304863,1.6631856437209929
843,60,837.0619815911463,94126,818.8269102304863,1.6631856437209929
843,55,844.8937272583466,86406,818.8269102304863,1.6631856437209929
843,50,858.9884589215314,78694,818.8269102304863,1.6631856437209929
843,45,877.6595463176862,70974,818.8269102304863,1.6631856437209929
843,40,906.38628336616,63253,818.8269102304863,1.6631856437209929
843,35,945.513432464712,55533,818.8269102304863,1.6631856437209929
843,30,994.2870868096152,47821,818.8269102304863,1.6631856437209929
843,25,1020.0409798789908,40101,818.8269102304863,1.6631856437209929
843,20,1104.2145673471484,32380,818.8269102304863,1.6631856437209929
843,15,1205.545033774015,24660,818.8269102304863,1.6631856437209929
843,10,1281.9329164897645,16948,818.8269102304863,1.6631856437209929
843,5,1361.861161787763,9228,818.8269102304863,1.6631856437209929
844,80,812.6762589262555,125000,812.6762589262555,1.603338568315036
844,75,816.2119971669198,117279,812.6762589262555,1.603338568315036
844,70,821.7984988709546,109567,812.6762589262555,1.603338568315036
844,65,822.3836030061846,101847,812.6762589262555,1.603338568315036
844,60,832.788128325584,94126,812.6762589262555,1.603338568315036
844,55,845.85179168879,86406,812.6762589262555,1.603338568315036
844,50,867.0746740927352,78694,812.6762589262555,1.603338568315036
844,45,882.6648726141678,70974,812.6762589262555,1.603338568315036
844,40,907.416363189446,63253,812.6762589262555,1.603338568315036
844,35,943.584292225264,55533,812.6762589262555,1.603338568315036
844,30,989.0873952692516,47821,812.6762589262555,1.603338568315036
844,25,1031.505991975137,40101,812.6762589262555,1.603338568315036
844,20,1112.915314826567,32380,812.6762589262555,1.603338568315036
844,15,1193.684177672797,24660,812.6762589262555,1.603338568315036
844,10,1239.7226807279003,16948,812.6762589262555,1.603338568315036
844,5,1302.9951894904418,9228,812.6762589262555,1.603338568315036
845,80,876.7347351204079,125000,876.7347351204079,1.5422790191861573
845,75,881.1171806457078,117279,876.7347351204079,1.5422790191861573
845,70,887.2283351379416,109567,876.7347351204079,1.5422790191861573
845,65,893.069967185189,101847,876.7347351204079,1.5422790191861573
845,60,897.1479278818674,94126,876.7347351204079,1.5422790191861573
845,55,910.2226702702144,86406,876.7347351204079,1.5422790191861573
845,50,930.4794624662254,78694,876.7347351204079,1.5422790191861573
845,45,956.6927095875152,70974,876.7347351204079,1.5422790191861573
845,40,977.8597915221872,63253,876.7347351204079,1.5422790191861573
845,35,1005.1928905218816,55533,876.7347351204079,1.5422790191861573
845,30,1061.6182669392188,47821,876.7347351204079,1.5422790191861573
845,25,1149.0948631808683,40101,876.7347351204079,1.5422790191861573
845,20,1178.5343064810304,32380,876.7347351204079,1.5422790191861573
845,15,1222.4343299536156,24660,876.7347351204079,1.5422790191861573
845,10,1262.894520225513,16948,876.7347351204079,1.5422790191861573
845,5,1352.169587367938,9228,876.7347351204079,1.5422790191861573
846,80,861.6814309947551,125000,861.6814309947551,1.574418364740521
846,75,868.1629984065023,117279,861.6814309947551,1.574418364740521
846,70,874.5333292512032,109567,861.6814309947551,1.574418364740521
846,65,882.496220945307,101847,861.6814309947551,1.574418364740521
846,60,889.797737249975,94126,861.6814309947551,1.574418364740521
846,55,898.3786065610981,86406,861.6814309947551,1.574418364740521
846,50,914.928610141246,78694,861.6814309947551,1.574418364740521
846,45,943.8763691417748,70974,861.6814309947551,1.574418364740521
846,40,970.6192730143798,63253,861.6814309947551,1.574418364740521
846,35,991.8946084746862,55533,861.6814309947551,1.574418364740521
846,30,1058.2290128493314,47821,861.6814309947551,1.574418364740521
846,25,1133.1923084262708,40101,861.6814309947551,1.574418364740521
846,20,1156.2442636598632,32380,861.6814309947551,1.574418364740521
846,15,1213.0224226193695,24660,861.6814309947551,1.574418364740521
846,10,1266.0902216742218,16948,861.6814309947551,1.574418364740521
846,5,1356.6470695140345,9228,861.6814309947551,1.574418364740521
847,80,937.7039539619026,125000,937.7039539619026,1.647117621433742
847,75,947.4129596588432,117279,937.7039539619026,1.647117621433742
847,70,957.9364022475836,109567,937.7039539619026,1.647117621433742
847,65,962.9809359577612,101847,937.7039539619026,1.647117621433742
847,60,976.2263589401869,94126,937.7039539619026,1.647117621433742
847,55,998.2092333282808,86406,937.7039539619026,1.647117621433742
847,50,1013.5397537773616,78694,937.7039539619026,1.647117621433742
847,45,1036.1977412043273,70974,937.7039539619026,1.647117621433742
847,40,1057.2843814895514,63253,937.7039539619026,1.647117621433742
847,35,1068.0241949714723,55533,937.7039539619026,1.647117621433742
847,30,1154.6477772083772,47821,937.7039539619026,1.647117621433742
847,25,1235.9931486744188,40101,937.7039539619026,1.647117621433742
847,20,1248.8532645391429,32380,937.7039539619026,1.647117621433742
847,15,1307.9076526627111,24660,937.7039539619026,1.647117621433742
847,10,1399.659934596001,16948,937.7039539619026,1.647117621433742
847,5,1544.508706258744,9228,937.7039539619026,1.647117621433742
848,80,999.4075870303062,125000,999.4075870303062,1.7275833294906409
848,75,1008.4842978616734,117279,999.4075870303062,1.7275833294906409
848,70,1023.450025520546,109567,999.4075870303062,1.7275833294906409
848,65,1033.4040466483928,101847,999.4075870303062,1.7275833294906409
848,60,1057.624826430143,94126,999.4075870303062,1.7275833294906409
848,55,1078.760549144053,86406,999.4075870303062,1.7275833294906409
848,50,1109.132128769137,78694,999.4075870303062,1.7275833294906409
848,45,1129.4911850637975,70974,999.4075870303062,1.7275833294906409
848,40,1158.6190637415923,63253,999.4075870303062,1.7275833294906409
848,35,1162.428492700176,55533,999.4075870303062,1.7275833294906409
848,30,1234.7206539729227,47821,999.4075870303062,1.7275833294906409
848,25,1317.5392189507188,40101,999.4075870303062,1.7275833294906409
848,20,1339.3258481290536,32380,999.4075870303062,1.7275833294906409
848,15,1404.215639026833,24660,999.4075870303062,1.7275833294906409
848,10,1516.4947675209633,16948,999.4075870303062,1.7275833294906409
848,5,1726.5598867200238,9228,999.4075870303062,1.7275833294906409
849,80,1091.618557216844,125000,1091.618557216844,1.7773458447729875
849,75,1103.63759789954,117279,1091.618557216844,1.7773458447729875
849,70,1121.2959677942483,109567,1091.618557216844,1.7773458447729875
849,65,1129.351303723763,101847,1091.618557216844,1.7773458447729875
849,60,1179.5553639173563,94126,1091.618557216844,1.7773458447729875
849,55,1202.176479079241,86406,1091.618557216844,1.7773458447729875
849,50,1218.7329733388467,78694,1091.618557216844,1.7773458447729875
849,45,1238.391812378991,70974,1091.618557216844,1.7773458447729875
849,40,1274.6967060561688,63253,1091.618557216844,1.7773458447729875
849,35,1280.3404104307997,55533,1091.618557216844,1.7773458447729875
849,30,1341.1412449175568,47821,1091.618557216844,1.7773458447729875
849,25,1422.4137943380322,40101,1091.618557216844,1.7773458447729875
849,20,1431.8162087238393,32380,1091.618557216844,1.7773458447729875
849,15,1495.269645821793,24660,1091.618557216844,1.7773458447729875
849,10,1688.6060665867751,16948,1091.618557216844,1.7773458447729875
849,5,1940.1837067464417,9228,1091.618557216844,1.7773458447729875
850,80,1177.1716266415513,125000,1177.1716266415513,1.913746803134047
850,75,1193.591968000465,117279,1177.1716266415513,1.913746803134047
850,70,1206.0194673766043,109567,1177.1716266415513,1.913746803134047
850,65,1219.6578416897362,101847,1177.1716266415513,1.913746803134047
850,60,1260.710823202155,94126,1177.1716266415513,1.913746803134047
850,55,1296.887140801926,86406,1177.1716266415513,1.913746803134047
850,50,1345.1746750120826,78694,1177.1716266415513,1.913746803134047
850,45,1361.40727234027,70974,1177.1716266415513,1.913746803134047
850,40,1383.5299636942048,63253,1177.1716266415513,1.913746803134047
850,35,1392.285477233581,55533,1177.1716266415513,1.913746803134047
850,30,1434.972067936837,47821,1177.1716266415513,1.913746803134047
850,25,1536.310830380798,40101,1177.1716266415513,1.913746803134047
850,20,1562.8613592857153,32380,1177.1716266415513,1.913746803134047
850,15,1695.7085152345642,24660,1177.1716266415513,1.913746803134047
850,10,2010.069757348304,16948,1177.1716266415513,1.913746803134047
850,5,2252.8084372253747,9228,1177.1716266415513,1.913746803134047
851,80,1238.278322690723,125000,1238.278322690723,1.9149555151347968
851,75,1258.4136593067126,117279,1238.278322690723,1.9149555151347968
851,70,1263.3228934122794,109567,1238.278322690723,1.9149555151347968
851,65,1276.7608390722262,101847,1238.278322690723,1.9149555151347968
851,60,1308.8657011672328,94126,1238.278322690723,1.9149555151347968
851,55,1351.5316202160027,86406,1238.278322690723,1.9149555151347968
851,50,1403.7220987000535,78694,1238.278322690723,1.9149555151347968
851,45,1455.8195579381468,70974,1238.278322690723,1.9149555151347968
851,40,1489.164726130706,63253,1238.278322690723,1.9149555151347968
851,35,1503.1748880397226,55533,1238.278322690723,1.9149555151347968
851,30,1543.873382015386,47821,1238.278322690723,1.9149555151347968
851,25,1680.4600376318965,40101,1238.278322690723,1.9149555151347968
851,20,1704.2337889408468,32380,1238.278322690723,1.9149555151347968
851,15,1840.1819507730413,24660,1238.278322690723,1.9149555151347968
851,10,2105.312089403257,16948,1238.278322690723,1.9149555151347968
851,5,2371.247903308465,9228,1238.278322690723,1.9149555151347968
852,80,1355.8889608389563,125000,1355.8889608389563,1.7263178089587057
852,75,1371.9682996127246,117279,1355.8889608389563,1.7263178089587057
852,70,1379.3495562965056,109567,1355.8889608389563,1.7263178089587057
852,65,1393.5261330865476,101847,1355.8889608389563,1.7263178089587057
852,60,1427.286945926328,94126,1355.8889608389563,1.7263178089587057
852,55,1469.620321782739,86406,1355.8889608389563,1.7263178089587057
852,50,1505.6947179154656,78694,1355.8889608389563,1.7263178089587057
852,45,1522.883628031167,70974,1355.8889608389563,1.7263178089587057
852,40,1613.9759807661674,63253,1355.8889608389563,1.7263178089587057
852,35,1643.2200212965918,55533,1355.8889608389563,1.7263178089587057
852,30,1654.4715300646303,47821,1355.8889608389563,1.7263178089587057
852,25,1803.5023070731672,40101,1355.8889608389563,1.7263178089587057
852,20,1830.6355641253097,32380,1355.8889608389563,1.7263178089587057
852,15,1952.0012287423367,24660,1355.8889608389563,1.7263178089587057
852,10,2133.3901357265763,16948,1355.8889608389563,1.7263178089587057
852,5,2340.6952600668037,9228,1355.8889608389563,1.7263178089587057
853,80,1024.8502399237404,125000,1024.8502399237404,1.912564661141675
853,75,1032.8542793953186,117279,1024.8502399237404,1.912564661141675
853,70,1039.1955184988622,109567,1024.8502399237404,1.912564661141675
853,65,1042.8719997088256,101847,1024.8502399237404,1.912564661141675
853,60,1070.4877542717925,94126,1024.8502399237404,1.912564661141675
853,55,1119.8458621266718,86406,1024.8502399237404,1.912564661141675
853,50,1147.2127401203772,78694,1024.8502399237404,1.912564661141675
853,45,1168.3543915519078,70974,1024.8502399237404,1.912564661141675
853,40,1228.4663285911777,63253,1024.8502399237404,1.912564661141675
853,35,1263.0589113850028,55533,1024.8502399237404,1.912564661141675
853,30,1302.3689421409222,47821,1024.8502399237404,1.912564661141675
853,25,1417.5976271668153,40101,1024.8502399237404,1.912564661141675
853,20,1466.3711937942842,32380,1024.8502399237404,1.912564661141675
853,15,1567.1034178320872,24660,1024.8502399237404,1.912564661141675
853,10,1716.4232641243896,16948,1024.8502399237404,1.912564661141675
853,5,1960.0923518407128,9228,1024.8502399237404,1.912564661141675
854,80,983.1246103090416,125000,983.1246103090416,1.9786230011560435
854,75,989.0835105214755,117279,983.1246103090416,1.9786230011560435
854,70,992.8799834302712,109567,983.1246103090416,1.9786230011560435
854,65,1008.9696000369592,101847,983.1246103090416,1.9786230011560435
854,60,1016.8355240349496,94126,983.1246103090416,1.9786230011560435
854,55,1020.8529974861772,86406,983.1246103090416,1.9786230011560435
854,50,1070.9545996357465,78694,983.1246103090416,1.9786230011560435
854,45,1094.315145993142,70974,983.1246103090416,1.9786230011560435
854,40,1163.7001743603923,63253,983.1246103090416,1.9786230011560435
854,35,1204.279097483109,55533,983.1246103090416,1.9786230011560435
854,30,1254.053358868574,47821,983.1246103090416,1.9786230011560435
854,25,1352.2007079034388,40101,983.1246103090416,1.9786230011560435
854,20,1387.0348845639753,32380,983.1246103090416,1.9786230011560435
854,15,1496.9419136094668,24660,983.1246103090416,1.9786230011560435
854,10,1766.0874596255994,16948,983.1246103090416,1.9786230011560435
854,5,1945.232966960042,9228,983.1246103090416,1.9786230011560435
855,80,970.7948367016264,125000,970.7948367016264,1.741265547540976
855,75,983.5718792371274,117279,970.7948367016264,1.741265547540976
855,70,993.3989836103104,109567,970.7948367016264,1.741265547540976
855,65,1005.961645743507,101847,970.7948367016264,1.741265547540976
855,60,1008.0395018549316,94126,970.7948367016264,1.741265547540976
855,55,1015.4366082443572,86406,970.7948367016264,1.741265547540976
855,50,1039.4712290212874,78694,970.7948367016264,1.741265547540976
855,45,1068.8732647663317,70974,970.7948367016264,1.741265547540976
855,40,1124.2321192440718,63253,970.7948367016264,1.741265547540976
855,35,1135.770337451273,55533,970.7948367016264,1.741265547540976
855,30,1211.4413015063292,47821,970.7948367016264,1.741265547540976
855,25,1289.8881215122074,40101,970.7948367016264,1.741265547540976
855,20,1345.7083647050638,32380,970.7948367016264,1.741265547540976
855,15,1389.8749200967716,24660,970.7948367016264,1.741265547540976
855,10,1616.9943185540394,16948,970.7948367016264,1.741265547540976
855,5,1690.4116028792096,9228,970.7948367016264,1.741265547540976
856,80,816.1458063297715,125000,816.1458063297715,1.7170047483744526
856,75,819.8689342919116,117279,816.1458063297715,1.7170047483744526
856,70,836.5341787056416,109567,816.1458063297715,1.7170047483744526
856,65,853.6249487702779,101847,816.1458063297715,1.7170047483744526
856,60,861.9778224689936,94126,816.1458063297715,1.7170047483744526
856,55,873.108431427644,86406,816.1458063297715,1.7170047483744526
856,50,884.7960771243673,78694,816.1458063297715,1.7170047483744526
856,45,899.4673290211363,70974,816.1458063297715,1.7170047483744526
856,40,952.1476113993568,63253,816.1458063297715,1.7170047483744526
856,35,956.3902687933128,55533,816.1458063297715,1.7170047483744526
856,30,1022.8279216497322,47821,816.1458063297715,1.7170047483744526
856,25,1087.4363428057147,40101,816.1458063297715,1.7170047483744526
856,20,1163.272443079486,32380,816.1458063297715,1.7170047483744526
856,15,1187.026380182766,24660,816.1458063297715,1.7170047483744526
856,10,1323.841147245808,16948,816.1458063297715,1.7170047483744526
856,5,1401.326224834114,9228,816.1458063297715,1.7170047483744526
857,80,625.7903369346941,125000,625.7903369346941,1.7808574591724442
857,75,631.2060144290793,117279,625.7903369346941,1.7808574591724442
857,70,644.0061181908231,109567,625.7903369346941,1.7808574591724442
857,65,655.4827583348241,101847,625.7903369346941,1.7808574591724442
857,60,665.0685977997116,94126,625.7903369346941,1.7808574591724442
857,55,674.5067750914186,86406,625.7903369346941,1.7808574591724442
857,50,686.6189879429811,78694,625.7903369346941,1.7808574591724442
857,45,707.8963145716446,70974,625.7903369346941,1.7808574591724442
857,40,744.6173519015266,63253,625.7903369346941,1.7808574591724442
857,35,755.8464379831051,55533,625.7903369346941,1.7808574591724442
857,30,783.9325354575402,47821,625.7903369346941,1.7808574591724442
857,25,872.3305524298848,40101,625.7903369346941,1.7808574591724442
857,20,940.6269428024184,32380,625.7903369346941,1.7808574591724442
857,15,953.8492208454204,24660,625.7903369346941,1.7808574591724442
857,10,1051.036165995404,16948,625.7903369346941,1.7808574591724442
857,5,1114.4433894081872,9228,625.7903369346941,1.7808574591724442
858,80,616.8432546180345,125000,616.8432546180345,1.9007544473492175
858,75,626.4239613102,117279,616.8432546180345,1.9007544473492175
858,70,642.3621525606518,109567,616.8432546180345,1.9007544473492175
858,65,652.3500784660282,101847,616.8432546180345,1.9007544473492175
858,60,663.4981965777077,94126,616.8432546180345,1.9007544473492175
858,55,674.8741295544303,86406,616.8432546180345,1.9007544473492175
858,50,691.7659163355178,78694,616.8432546180345,1.9007544473492175
858,45,716.8126033738816,70974,616.8432546180345,1.9007544473492175
858,40,765.2990189898478,63253,616.8432546180345,1.9007544473492175
858,35,778.1486384073398,55533,616.8432546180345,1.9007544473492175
858,30,806.9999947901318,47821,616.8432546180345,1.9007544473492175
858,25,917.2822635020168,40101,616.8432546180345,1.9007544473492175
858,20,997.2520297026854,32380,616.8432546180345,1.9007544473492175
858,15,1009.8413130386264,24660,616.8432546180345,1.9007544473492175
858,10,1102.0152156947613,16948,616.8432546180345,1.9007544473492175
858,5,1172.467559532595,9228,616.8432546180345,1.9007544473492175
860,80,641.597323455933,125000,641.597323455933,2.104382272376039
860,75,653.8771019994971,117279,641.597323455933,2.104382272376039
860,70,667.278038063867,109567,641.597323455933,2.104382272376039
860,65,678.9967363628527,101847,641.597323455933,2.104382272376039
860,60,688.2102612200413,94126,641.597323455933,2.104382272376039
860,55,703.8324793845322,86406,641.597323455933,2.104382272376039
860,50,725.1661152079323,78694,641.597323455933,2.104382272376039
860,45,777.5340003409651,70974,641.597323455933,2.104382272376039
860,40,837.6869874240177,63253,641.597323455933,2.104382272376039
860,35,857.068616532358,55533,641.597323455933,2.104382272376039
860,30,877.3058307503877,47821,641.597323455933,2.104382272376039
860,25,1082.9439929074506,40101,641.597323455933,2.104382272376039
860,20,1143.396396419064,32380,641.597323455933,2.104382272376039
860,15,1151.8501265337586,24660,641.597323455933,2.104382272376039
860,10,1253.4926901857398,16948,641.597323455933,2.104382272376039
860,5,1350.1660334845806,9228,641.597323455933,2.104382272376039
861,80,714.1173878579962,125000,714.1173878579962,2.079161453795596
861,75,722.7418716775393,117279,714.1173878579962,2.079161453795596
861,70,733.3148659971621,109567,714.1173878579962,2.079161453795596
861,65,742.204366996136,101847,714.1173878579962,2.079161453795596
861,60,754.1154157186801,94126,714.1173878579962,2.079161453795596
861,55,764.2307764918748,86406,714.1173878579962,2.079161453795596
861,50,788.1991281050158,78694,714.1173878579962,2.079161453795596
861,45,850.2290398861007,70974,714.1173878579962,2.079161453795596
861,40,900.2956374041148,63253,714.1173878579962,2.079161453795596
861,35,918.6735208148972,55533,714.1173878579962,2.079161453795596
861,30,928.6872566815248,47821,714.1173878579962,2.079161453795596
861,25,1181.8924778218543,40101,714.1173878579962,2.079161453795596
861,20,1254.7389573618127,32380,714.1173878579962,2.079161453795596
861,15,1267.553230685514,24660,714.1173878579962,2.079161453795596
861,10,1383.512062169576,16948,714.1173878579962,2.079161453795596
861,5,1484.765346319545,9228,714.1173878579962,2.079161453795596
862,80,825.8839824807501,125000,825.8839824807501,2.0524190934059874
862,75,834.7316327072773,117279,825.8839824807501,2.0524190934059874
862,70,850.4787897989373,109567,825.8839824807501,2.0524190934059874
862,65,857.3299840818243,101847,825.8839824807501,2.0524190934059874
862,60,875.4811149237049,94126,825.8839824807501,2.0524190934059874
862,55,884.9068611018561,86406,825.8839824807501,2.0524190934059874
862,50,917.508814442872,78694,825.8839824807501,2.0524190934059874
862,45,975.0299007771284,70974,825.8839824807501,2.0524190934059874
862,40,1025.393185378531,63253,825.8839824807501,2.0524190934059874
862,35,1039.5509153867558,55533,825.8839824807501,2.0524190934059874
862,30,1047.6974148371312,47821,825.8839824807501,2.0524190934059874
862,25,1345.3221161463612,40101,825.8839824807501,2.0524190934059874
862,20,1426.386157746095,32380,825.8839824807501,2.0524190934059874
862,15,1436.5345926116595,24660,825.8839824807501,2.0524190934059874
862,10,1570.939266242785,16948,825.8839824807501,2.0524190934059874
862,5,1695.0600545816674,9228,825.8839824807501,2.0524190934059874
863,80,913.2768396495476,125000,913.2768396495476,1.963382748385492
863,75,923.5078861268314,117279,913.2768396495476,1.963382748385492
863,70,949.7396649773402,109567,913.2768396495476,1.963382748385492
863,65,954.6886030533404,101847,913.2768396495476,1.963382748385492
863,60,970.8133025516246,94126,913.2768396495476,1.963382748385492
863,55,994.8318259491888,86406,913.2768396495476,1.963382748385492
863,50,1034.407850775067,78694,913.2768396495476,1.963382748385492
863,45,1071.3220527252265,70974,913.2768396495476,1.963382748385492
863,40,1134.0282952454115,63253,913.2768396495476,1.963382748385492
863,35,1143.6778276739558,55533,913.2768396495476,1.963382748385492
863,30,1155.0147911970523,47821,913.2768396495476,1.963382748385492
863,25,1411.1622345975975,40101,913.2768396495476,1.963382748385492
863,20,1501.9798771717487,32380,913.2768396495476,1.963382748385492
863,15,1508.1133032779064,24660,913.2768396495476,1.963382748385492
863,10,1648.3478898379417,16948,913.2768396495476,1.963382748385492
863,5,1793.1119914679446,9228,913.2768396495476,1.963382748385492
864,80,1022.1725040719928,125000,1022.1725040719928,1.8592535027071204
864,75,1034.2681890037854,117279,1022.1725040719928,1.8592535027071204
864,70,1066.2264326393883,109567,1022.1725040719928,1.8592535027071204
864,65,1072.0913786724796,101847,1022.1725040719928,1.8592535027071204
864,60,1080.365016444489,94126,1022.1725040719928,1.8592535027071204
864,55,1118.8989775707191,86406,1022.1725040719928,1.8592535027071204
864,50,1156.8892790935383,78694,1022.1725040719928,1.8592535027071204
864,45,1185.22062270567,70974,1022.1725040719928,1.8592535027071204
864,40,1261.193055522136,63253,1022.1725040719928,1.8592535027071204
864,35,1272.6966801738477,55533,1022.1725040719928,1.8592535027071204
864,30,1296.9535476244778,47821,1022.1725040719928,1.8592535027071204
864,25,1498.0066125967755,40101,1022.1725040719928,1.8592535027071204
864,20,1598.1061058653747,32380,1022.1725040719928,1.8592535027071204
864,15,1610.0747424230478,24660,1022.1725040719928,1.8592535027071204
864,10,1758.2684066565548,16948,1022.1725040719928,1.8592535027071204
864,5,1900.4778085667608,9228,1022.1725040719928,1.8592535027071204
865,80,1086.6990160104108,125000,1086.6990160104108,1.8584553983862928
865,75,1115.7541471868838,117279,1086.6990160104108,1.8584553983862928
865,70,1145.992648615445,109567,1086.6990160104108,1.8584553983862928
865,65,1152.4412735593908,101847,1086.6990160104108,1.8584553983862928
865,60,1173.1327174948394,94126,1086.6990160104108,1.8584553983862928
865,55,1213.6572437878822,86406,1086.6990160104108,1.8584553983862928
865,50,1260.399472079301,78694,1086.6990160104108,1.8584553983862928
865,45,1294.5381336524526,70974,1086.6990160104108,1.8584553983862928
865,40,1384.2610375401773,63253,1086.6990160104108,1.8584553983862928
865,35,1400.1091150022348,55533,1086.6990160104108,1.8584553983862928
865,30,1438.90502359717,47821,1086.6990160104108,1.8584553983862928
865,25,1628.3682047450334,40101,1086.6990160104108,1.8584553983862928
865,20,1723.711762155057,32380,1086.6990160104108,1.8584553983862928
865,15,1751.7313398816827,24660,1086.6990160104108,1.8584553983862928
865,10,1909.2748966247732,16948,1086.6990160104108,1.8584553983862928
865,5,2019.5816527256204,9228,1086.6990160104108,1.8584553983862928
866,80,1124.0067059240848,125000,1124.0067059240848,1.860905076429328
866,75,1164.401505500526,117279,1124.0067059240848,1.860905076429328
866,70,1186.6560074316624,109567,1124.0067059240848,1.860905076429328
866,65,1192.4731595219714,101847,1124.0067059240848,1.860905076429328
866,60,1226.961890273013,94126,1124.0067059240848,1.860905076429328
866,55,1273.29280943979,86406,1124.0067059240848,1.860905076429328
866,50,1353.4050873530718,78694,1124.0067059240848,1.860905076429328
866,45,1408.3466409077143,70974,1124.0067059240848,1.860905076429328
866,40,1503.0684739925505,63253,1124.0067059240848,1.860905076429328
866,35,1534.70659004501,55533,1124.0067059240848,1.860905076429328
866,30,1571.6585282906208,47821,1124.0067059240848,1.860905076429328
866,25,1708.7261142843076,40101,1124.0067059240848,1.860905076429328
866,20,1788.946073773742,32380,1124.0067059240848,1.860905076429328
866,15,1865.8154258035472,24660,1124.0067059240848,1.860905076429328
866,10,2038.266799151636,16948,1124.0067059240848,1.860905076429328
866,5,2091.6697849947363,9228,1124.0067059240848,1.860905076429328
867,80,1239.8789939922324,125000,1239.8789939922324,1.7691839847865205
867,75,1266.7016348862546,117279,1239.8789939922324,1.7691839847865205
867,70,1277.246729148966,109567,1239.8789939922324,1.7691839847865205
867,65,1284.7386311039193,101847,1239.8789939922324,1.7691839847865205
867,60,1290.2429648185282,94126,1239.8789939922324,1.7691839847865205
867,55,1336.5506748849216,86406,1239.8789939922324,1.7691839847865205
867,50,1459.2039136244443,78694,1239.8789939922324,1.7691839847865205
867,45,1531.026991572361,70974,1239.8789939922324,1.7691839847865205
867,40,1573.317805623664,63253,1239.8789939922324,1.7691839847865205
867,35,1615.332417476621,55533,1239.8789939922324,1.7691839847865205
867,30,1678.3460152953644,47821,1239.8789939922324,1.7691839847865205
867,25,1826.1067833920272,40101,1239.8789939922324,1.7691839847865205
867,20,1882.5933061774829,32380,1239.8789939922324,1.7691839847865205
867,15,2056.230712510934,24660,1239.8789939922324,1.7691839847865205
867,10,2185.161768152388,16948,1239.8789939922324,1.7691839847865205
867,5,2193.57405924428,9228,1239.8789939922324,1.7691839847865205
868,80,1272.9773882120803,125000,1272.9773882120803,1.7550315683781847
868,75,1287.2471789881265,117279,1272.9773882120803,1.7550315683781847
868,70,1298.0900676687063,109567,1272.9773882120803,1.7550315683781847
868,65,1314.2280403698328,101847,1272.9773882120803,1.7550315683781847
868,60,1315.3689519041352,94126,1272.9773882120803,1.7550315683781847
868,55,1327.6611739117343,86406,1272.9773882120803,1.7550315683781847
868,50,1436.8662112522695,78694,1272.9773882120803,1.7550315683781847
868,45,1474.1483864740037,70974,1272.9773882120803,1.7550315683781847
868,40,1526.897681864407,63253,1272.9773882120803,1.7550315683781847
868,35,1594.3868683684482,55533,1272.9773882120803,1.7550315683781847
868,30,1658.1526913013786,47821,1272.9773882120803,1.7550315683781847
868,25,1891.071376663996,40101,1272.9773882120803,1.7550315683781847
868,20,1905.612749206052,32380,1272.9773882120803,1.7550315683781847
868,15,2062.8120725131103,24660,1272.9773882120803,1.7550315683781847
868,10,2187.228238300241,16948,1272.9773882120803,1.7550315683781847
868,5,2234.115502143813,9228,1272.9773882120803,1.7550315683781847
869,80,239.7219471175223,125000,239.7219471175223,2.1766028912006274
869,75,241.93123653067852,117279,239.7219471175223,2.1766028912006274
869,70,249.2474692760064,109567,239.7219471175223,2.1766028912006274
869,65,251.0475126213476,101847,239.7219471175223,2.1766028912006274
869,60,262.7625647448022,94126,239.7219471175223,2.1766028912006274
869,55,268.0348391871434,86406,239.7219471175223,2.1766028912006274
869,50,269.68065654555585,78694,239.7219471175223,2.1766028912006274
869,45,279.769005371395,70974,239.7219471175223,2.1766028912006274
869,40,323.060054987245,63253,239.7219471175223,2.1766028912006274
869,35,325.9146544699806,55533,239.7219471175223,2.1766028912006274
869,30,339.4026396803169,47821,239.7219471175223,2.1766028912006274
869,25,363.78047116392696,40101,239.7219471175223,2.1766028912006274
869,20,377.8140406090631,32380,239.7219471175223,2.1766028912006274
869,15,420.9833395356961,24660,239.7219471175223,2.1766028912006274
869,10,475.4217175029492,16948,239.7219471175223,2.1766028912006274
869,5,521.7794831802429,9228,239.7219471175223,2.1766028912006274
870,80,235.567313056054,125000,235.567313056054,1.8618276090660013
870,75,238.7815140669202,117279,235.567313056054,1.8618276090660013
870,70,244.92576726722297,109567,235.567313056054,1.8618276090660013
870,65,248.8385746071336,101847,235.567313056054,1.8618276090660013
870,60,259.7739633466387,94126,235.567313056054,1.8618276090660013
870,55,263.2826318832325,86406,235.567313056054,1.8618276090660013
870,50,268.32215026093473,78694,235.567313056054,1.8618276090660013
870,45,280.4466759370717,70974,235.567313056054,1.8618276090660013
870,40,302.2784607355948,63253,235.567313056054,1.8618276090660013
870,35,303.5460597184594,55533,235.567313056054,1.8618276090660013
870,30,312.39349920070373,47821,235.567313056054,1.8618276090660013
870,25,336.7058857323333,40101,235.567313056054,1.8618276090660013
870,20,354.19316811084246,32380,235.567313056054,1.8618276090660013
870,15,383.33390705369,24660,235.567313056054,1.8618276090660013
870,10,415.8143341688844,16948,235.567313056054,1.8618276090660013
870,5,438.5857272412553,9228,235.567313056054,1.8618276090660013
871,80,164.25049886699756,125000,164.25049886699756,2.217397216569367
871,75,165.02248759735332,117279,164.25049886699756,2.217397216569367
871,70,171.74333928721353,109567,164.25049886699756,2.217397216569367
871,65,176.42578325859782,101847,164.25049886699756,2.217397216569367
871,60,187.5138151218288,94126,164.25049886699756,2.217397216569367
871,55,190.40849907092328,86406,164.25049886699756,2.217397216569367
871,50,193.3892002698439,78694,164.25049886699756,2.217397216569367
871,45,204.85649567194423,70974,164.25049886699756,2.217397216569367
871,40,215.4841694516723,63253,164.25049886699756,2.217397216569367
871,35,228.9162028658841,55533,164.25049886699756,2.217397216569367
871,30,233.1942458802656,47821,164.25049886699756,2.217397216569367
871,25,239.00838173271305,40101,164.25049886699756,2.217397216569367
871,20,257.2182455724474,32380,164.25049886699756,2.217397216569367
871,15,287.4503986306142,24660,164.25049886699756,2.217397216569367
871,10,326.2558432815392,16948,164.25049886699756,2.217397216569367
871,5,364.2085990078104,9228,164.25049886699756,2.217397216569367
872,80,150.42297899382052,125000,150.42297899382052,3.1375897693309542
872,75,152.68401561558224,117279,150.42297899382052,3.1375897693309542
872,70,154.21575918884395,109567,150.42297899382052,3.1375897693309542
872,65,161.39470542089444,101847,150.42297899382052,3.1375897693309542
872,60,168.73363877540305,94126,150.42297899382052,3.1375897693309542
872,55,177.41093677427824,86406,150.42297899382052,3.1375897693309542
872,50,185.7029335735819,78694,150.42297899382052,3.1375897693309542
872,45,191.7184375261044,70974,150.42297899382052,3.1375897693309542
872,40,196.91796376549684,63253,150.42297899382052,3.1375897693309542
872,35,231.63854697494708,55533,150.42297899382052,3.1375897693309542
872,30,238.5255969438699,47821,150.42297899382052,3.1375897693309542
872,25,247.6433321778692,40101,150.42297899382052,3.1375897693309542
872,20,258.6429612682689,32380,150.42297899382052,3.1375897693309542
872,15,297.2296678362104,24660,150.42297899382052,3.1375897693309542
872,10,349.9360259101784,16948,150.42297899382052,3.1375897693309542
872,5,471.9655999632963,9228,150.42297899382052,3.1375897693309542
873,80,182.10699802330703,125000,182.10699802330703,3.4645292392692184
873,75,185.03901579787288,117279,182.10699802330703,3.4645292392692184
873,70,187.84578317245987,109567,182.10699802330703,3.4645292392692184
873,65,195.9748899664465,101847,182.10699802330703,3.4645292392692184
873,60,202.55641707207303,94126,182.10699802330703,3.4645292392692184
873,55,215.3319424225532,86406,182.10699802330703,3.4645292392692184
873,50,225.55048240384303,78694,182.10699802330703,3.4645292392692184
873,45,232.978015676087,70974,182.10699802330703,3.4645292392692184
873,40,242.46260573930115,63253,182.10699802330703,3.4645292392692184
873,35,270.8382397716251,55533,182.10699802330703,3.4645292392692184
873,30,282.3488870063092,47821,182.10699802330703,3.4645292392692184
873,25,300.6608090136796,40101,182.10699802330703,3.4645292392692184
873,20,312.6479472327552,32380,182.10699802330703,3.4645292392692184
873,15,337.5996629241065,24660,182.10699802330703,3.4645292392692184
873,10,404.47936971658777,16948,182.10699802330703,3.4645292392692184
873,5,630.9150193272891,9228,182.10699802330703,3.4645292392692184
875,80,180.59141490933845,125000,180.59141490933845,3.034935690441356
875,75,181.83746938266103,117279,180.59141490933845,3.034935690441356
875,70,186.65680165077043,109567,180.59141490933845,3.034935690441356
875,65,193.87246228633992,101847,180.59141490933845,3.034935690441356
875,60,197.97272333048485,94126,180.59141490933845,3.034935690441356
875,55,207.2524828155201,86406,180.59141490933845,3.034935690441356
875,50,218.20191545352915,78694,180.59141490933845,3.034935690441356
875,45,223.48031630311223,70974,180.59141490933845,3.034935690441356
875,40,235.9060510415074,63253,180.59141490933845,3.034935690441356
875,35,257.307806443931,55533,180.59141490933845,3.034935690441356
875,30,274.971199633474,47821,180.59141490933845,3.034935690441356
875,25,284.3042937484912,40101,180.59141490933845,3.034935690441356
875,20,309.0167747003546,32380,180.59141490933845,3.034935690441356
875,15,329.2455341135416,24660,180.59141490933845,3.034935690441356
875,10,372.9158855740824,16948,180.59141490933845,3.034935690441356
875,5,548.0833304956544,9228,180.59141490933845,3.034935690441356
876,80,175.95392282730444,125000,175.95392282730444,3.065889530891285
876,75,177.50250521548045,117279,175.95392282730444,3.065889530891285
876,70,179.466305919258,109567,175.95392282730444,3.065889530891285
876,65,187.3971934031053,101847,175.95392282730444,3.065889530891285
876,60,197.71699749265989,94126,175.95392282730444,3.065889530891285
876,55,212.33320949326173,86406,175.95392282730444,3.065889530891285
876,50,219.35194441834489,78694,175.95392282730444,3.065889530891285
876,45,230.2960805513216,70974,175.95392282730444,3.065889530891285
876,40,251.04164438167237,63253,175.95392282730444,3.065889530891285
876,35,273.6420006052248,55533,175.95392282730444,3.065889530891285
876,30,285.44747688008766,47821,175.95392282730444,3.065889530891285
876,25,313.75612746361145,40101,175.95392282730444,3.065889530891285
876,20,325.9057375477958,32380,175.95392282730444,3.065889530891285
876,15,360.7374443547501,24660,175.95392282730444,3.065889530891285
876,10,404.07989546363945,16948,175.95392282730444,3.065889530891285
876,5,539.4552899154858,9228,175.95392282730444,3.065889530891285
877,80,251.1645066736705,125000,251.1645066736705,2.8954987630762834
877,75,256.2528964789597,117279,251.1645066736705,2.8954987630762834
877,70,259.23716594203347,109567,251.1645066736705,2.8954987630762834
877,65,270.2785493064881,101847,251.1645066736705,2.8954987630762834
877,60,278.09248650986564,94126,251.1645066736705,2.8954987630762834
877,55,298.2197313309284,86406,251.1645066736705,2.8954987630762834
877,50,305.21962188117857,78694,251.1645066736705,2.8954987630762834
877,45,320.9354336077436,70974,251.1645066736705,2.8954987630762834
877,40,347.96997907530863,63253,251.1645066736705,2.8954987630762834
877,35,366.9086402499058,55533,251.1645066736705,2.8954987630762834
877,30,379.6629002018142,47821,251.1645066736705,2.8954987630762834
877,25,432.74593732093376,40101,251.1645066736705,2.8954987630762834
877,20,447.7395172402156,32380,251.1645066736705,2.8954987630762834
877,15,493.1439195864783,24660,251.1645066736705,2.8954987630762834
877,10,547.5786724116618,16948,251.1645066736705,2.8954987630762834
877,5,727.2465184022778,9228,251.1645066736705,2.8954987630762834
878,80,240.4344493221455,125000,240.4344493221455,3.2744491597903704
878,75,243.09920992672767,117279,240.4344493221455,3.2744491597903704
878,70,248.7064619267984,109567,240.4344493221455,3.2744491597903704
878,65,261.0101468557785,101847,240.4344493221455,3.2744491597903704
878,60,272.3758302340097,94126,240.4344493221455,3.2744491597903704
878,55,290.55768168490914,86406,240.4344493221455,3.2744491597903704
878,50,298.0135800923696,78694,240.4344493221455,3.2744491597903704
878,45,317.7454275563302,70974,240.4344493221455,3.2744491597903704
878,40,347.14621603473256,63253,240.4344493221455,3.2744491597903704
878,35,374.4845109785171,55533,240.4344493221455,3.2744491597903704
878,30,399.0782418506352,47821,240.4344493221455,3.2744491597903704
878,25,443.8070890135325,40101,240.4344493221455,3.2744491597903704
878,20,477.1851315091125,32380,240.4344493221455,3.2744491597903704
878,15,531.9349916333986,24660,240.4344493221455,3.2744491597903704
878,10,594.982857452322,16948,240.4344493221455,3.2744491597903704
878,5,787.2903805675597,9228,240.4344493221455,3.2744491597903704
880,80,240.67303885039945,125000,240.67303885039945,3.2999876524434533
880,75,246.55868591928905,117279,240.67303885039945,3.2999876524434533
880,70,258.7016742352848,109567,240.67303885039945,3.2999876524434533
880,65,270.6700550222491,101847,240.67303885039945,3.2999876524434533
880,60,286.4554265395612,94126,240.67303885039945,3.2999876524434533
880,55,294.61563888021016,86406,240.67303885039945,3.2999876524434533
880,50,302.63375303073326,78694,240.67303885039945,3.2999876524434533
880,45,323.4245473702867,70974,240.67303885039945,3.2999876524434533
880,40,354.4532673469038,63253,240.67303885039945,3.2999876524434533
880,35,381.43291805723385,55533,240.67303885039945,3.2999876524434533
880,30,404.39627428871455,47821,240.67303885039945,3.2999876524434533
880,25,451.7969335476761,40101,240.67303885039945,3.2999876524434533
880,20,502.9361937586833,32380,240.67303885039945,3.2999876524434533
880,15,564.5397361369701,24660,240.67303885039945,3.2999876524434533
880,10,609.7625110621052,16948,240.67303885039945,3.2999876524434533
880,5,794.2180564823616,9228,240.67303885039945,3.2999876524434533
881,80,267.4548127344523,125000,267.4548127344523,3.001744862666853
881,75,272.58955645163263,117279,267.4548127344523,3.001744862666853
881,70,285.9964305880983,109567,267.4548127344523,3.001744862666853
881,65,299.77320728701864,101847,267.4548127344523,3.001744862666853
881,60,315.48224572629886,94126,267.4548127344523,3.001744862666853
881,55,324.38676325864714,86406,267.4548127344523,3.001744862666853
881,50,333.7054512759512,78694,267.4548127344523,3.001744862666853
881,45,356.8426058802653,70974,267.4548127344523,3.001744862666853
881,40,384.1652663012456,63253,267.4548127344523,3.001744862666853
881,35,411.2829810585249,55533,267.4548127344523,3.001744862666853
881,30,431.3569409697219,47821,267.4548127344523,3.001744862666853
881,25,482.6777096755295,40101,267.4548127344523,3.001744862666853
881,20,534.19372017885,32380,267.4548127344523,3.001744862666853
881,15,589.307466089137,24660,267.4548127344523,3.001744862666853
881,10,627.7134164242107,16948,267.4548127344523,3.001744862666853
881,5,802.8311101211673,9228,267.4548127344523,3.001744862666853
882,80,283.13048038562385,125000,283.13048038562385,2.8705074317556267
882,75,287.8057761527951,117279,283.13048038562385,2.8705074317556267
882,70,301.5429136170536,109567,283.13048038562385,2.8705074317556267
882,65,316.76749918051013,101847,283.13048038562385,2.8705074317556267
882,60,331.88688878846847,94126,283.13048038562385,2.8705074317556267
882,55,340.5605938990132,86406,283.13048038562385,2.8705074317556267
882,50,350.0229567000112,78694,283.13048038562385,2.8705074317556267
882,45,376.22341527644346,70974,283.13048038562385,2.8705074317556267
882,40,400.476622380202,63253,283.13048038562385,2.8705074317556267
882,35,427.5426561969503,55533,283.13048038562385,2.8705074317556267
882,30,445.1661175130175,47821,283.13048038562385,2.8705074317556267
882,25,500.4276137536927,40101,283.13048038562385,2.8705074317556267
882,20,549.3290474916896,32380,283.13048038562385,2.8705074317556267
882,15,603.1787487363483,24660,283.13048038562385,2.8705074317556267
882,10,639.9486846121845,16948,283.13048038562385,2.8705074317556267
882,5,812.728148103474,9228,283.13048038562385,2.8705074317556267
883,80,279.5847795128615,125000,279.5847795128615,2.8961109618724845
883,75,284.3817014123521,117279,279.5847795128615,2.8961109618724845
883,70,295.33043245110326,109567,279.5847795128615,2.8961109618724845
883,65,311.98522024589585,101847,279.5847795128615,2.8961109618724845
883,60,326.9641535693188,94126,279.5847795128615,2.8961109618724845
883,55,333.1382936569336,86406,279.5847795128615,2.8961109618724845
883,50,342.64472253598825,78694,279.5847795128615,2.8961109618724845
883,45,373.7952721672815,70974,279.5847795128615,2.8961109618724845
883,40,397.3401556475348,63253,279.5847795128615,2.8961109618724845
883,35,423.4008753683144,55533,279.5847795128615,2.8961109618724845
883,30,439.35103995293,47821,279.5847795128615,2.8961109618724845
883,25,499.2851701813434,40101,279.5847795128615,2.8961109618724845
883,20,544.1275423318494,32380,279.5847795128615,2.8961109618724845
883,15,595.1376649335742,24660,279.5847795128615,2.8961109618724845
883,10,630.6529030892405,16948,279.5847795128615,2.8961109618724845
883,5,809.7085447198997,9228,279.5847795128615,2.8961109618724845
884,80,275.53141036349547,125000,275.53141036349547,2.916304542343816
884,75,279.2760853216283,117279,275.53141036349547,2.916304542343816
884,70,291.8303268618197,109567,275.53141036349547,2.916304542343816
884,65,311.9663484870592,101847,275.53141036349547,2.916304542343816
884,60,325.7435583776709,94126,275.53141036349547,2.916304542343816
884,55,331.85965934566764,86406,275.53141036349547,2.916304542343816
884,50,339.59540359673014,78694,275.53141036349547,2.916304542343816
884,45,371.1158258325319,70974,275.53141036349547,2.916304542343816
884,40,391.57820712024375,63253,275.53141036349547,2.916304542343816
884,35,419.4994865855394,55533,275.53141036349547,2.916304542343816
884,30,435.6964160832785,47821,275.53141036349547,2.916304542343816
884,25,494.7907372692308,40101,275.53141036349547,2.916304542343816
884,20,537.0645595834276,32380,275.53141036349547,2.916304542343816
884,15,585.2731546646487,24660,275.53141036349547,2.916304542343816
884,10,621.4266520980019,16948,275.53141036349547,2.916304542343816
884,5,803.5335036014598,9228,275.53141036349547,2.916304542343816
885,80,261.00297710467066,125000,261.00297710467066,3.0723839082712807
885,75,264.51959858718544,117279,261.00297710467066,3.0723839082712807
885,70,274.25106749920485,109567,261.00297710467066,3.0723839082712807
885,65,293.66252133102915,101847,261.00297710467066,3.0723839082712807
885,60,307.9434453725698,94126,261.00297710467066,3.0723839082712807
885,55,313.698648525888,86406,261.00297710467066,3.0723839082712807
885,50,319.2046569260869,78694,261.00297710467066,3.0723839082712807
885,45,351.4184013368732,70974,261.00297710467066,3.0723839082712807
885,40,373.97382776585977,63253,261.00297710467066,3.0723839082712807
885,35,401.75163793087984,55533,261.00297710467066,3.0723839082712807
885,30,417.3023004487016,47821,261.00297710467066,3.0723839082712807
885,25,480.9349259577603,40101,261.00297710467066,3.0723839082712807
885,20,518.5167913914725,32380,261.00297710467066,3.0723839082712807
885,15,568.3040948035841,24660,261.00297710467066,3.0723839082712807
885,10,602.8196955618315,16948,261.00297710467066,3.0723839082712807
885,5,801.9013468672877,9228,261.00297710467066,3.0723839082712807
886,80,262.4484845969391,125000,262.4484845969391,3.155856000894166
886,75,265.350453090258,117279,262.4484845969391,3.155856000894166
886,70,276.15284949517144,109567,262.4484845969391,3.155856000894166
886,65,295.75425668175365,101847,262.4484845969391,3.155856000894166
886,60,307.3379621686346,94126,262.4484845969391,3.155856000894166
886,55,315.3936223169602,86406,262.4484845969391,3.155856000894166
886,50,320.3742180791714,78694,262.4484845969391,3.155856000894166
886,45,350.10305988558343,70974,262.4484845969391,3.155856000894166
886,40,370.9267853190129,63253,262.4484845969391,3.155856000894166
886,35,400.5319166142265,55533,262.4484845969391,3.155856000894166
886,30,415.84767203381216,47821,262.4484845969391,3.155856000894166
886,25,489.1460764332947,40101,262.4484845969391,3.155856000894166
886,20,523.6998291567191,32380,262.4484845969391,3.155856000894166
886,15,576.1133134298796,24660,262.4484845969391,3.155856000894166
886,10,608.5193938178315,16948,262.4484845969391,3.155856000894166
886,5,828.2496250408304,9228,262.4484845969391,3.155856000894166
888,80,243.19761141922825,125000,243.19761141922825,3.529457637137928
888,75,248.0212700236215,117279,243.19761141922825,3.529457637137928
888,70,257.29848642471165,109567,243.19761141922825,3.529457637137928
888,65,276.4318871262102,101847,243.19761141922825,3.529457637137928
888,60,288.2294324370589,94126,243.19761141922825,3.529457637137928
888,55,298.8244875731831,86406,243.19761141922825,3.529457637137928
888,50,306.4429934347976,78694,243.19761141922825,3.529457637137928
888,45,336.7802062145857,70974,243.19761141922825,3.529457637137928
888,40,363.1973420015598,63253,243.19761141922825,3.529457637137928
888,35,394.8907225971721,55533,243.19761141922825,3.529457637137928
888,30,412.2754704361703,47821,243.19761141922825,3.529457637137928
888,25,479.7374201401609,40101,243.19761141922825,3.529457637137928
888,20,519.587800452787,32380,243.19761141922825,3.529457637137928
888,15,579.0523287912016,24660,243.19761141922825,3.529457637137928
888,10,620.9480088143821,16948,243.19761141922825,3.529457637137928
888,5,858.3556669572972,9228,243.19761141922825,3.529457637137928
890,80,269.75565009024723,125000,269.75565009024723,3.277452362046697
890,75,274.1981271766452,117279,269.75565009024723,3.277452362046697
890,70,284.3030583356659,109567,269.75565009024723,3.277452362046697
890,65,301.9680208808688,101847,269.75565009024723,3.277452362046697
890,60,311.8491786180582,94126,269.75565009024723,3.277452362046697
890,55,328.0447493500736,86406,269.75565009024723,3.277452362046697
890,50,335.66742215954207,78694,269.75565009024723,3.277452362046697
890,45,364.8987483620932,70974,269.75565009024723,3.277452362046697
890,40,392.4123175004151,63253,269.75565009024723,3.277452362046697
890,35,426.2283945977512,55533,269.75565009024723,3.277452362046697
890,30,443.0170365720621,47821,269.75565009024723,3.277452362046697
890,25,514.9489981348465,40101,269.75565009024723,3.277452362046697
890,20,550.3013021813333,32380,269.75565009024723,3.277452362046697
890,15,604.3524558048587,24660,269.75565009024723,3.277452362046697
890,10,637.174621749842,16948,269.75565009024723,3.277452362046697
890,5,884.111292563723,9228,269.75565009024723,3.277452362046697
891,80,290.6132367016217,125000,290.6132367016217,3.092544482973214
891,75,294.0388045106046,117279,290.6132367016217,3.092544482973214
891,70,304.2620516087931,109567,290.6132367016217,3.092544482973214
891,65,321.578607657363,101847,290.6132367016217,3.092544482973214
891,60,330.59371512007675,94126,290.6132367016217,3.092544482973214
891,55,347.1856554446427,86406,290.6132367016217,3.092544482973214
891,50,356.16250793425746,78694,290.6132367016217,3.092544482973214
891,45,382.9618439898117,70974,290.6132367016217,3.092544482973214
891,40,409.649504520248,63253,290.6132367016217,3.092544482973214
891,35,440.3706608067653,55533,290.6132367016217,3.092544482973214
891,30,457.33181034254216,47821,290.6132367016217,3.092544482973214
891,25,533.8634130411793,40101,290.6132367016217,3.092544482973214
891,20,567.6868133995475,32380,290.6132367016217,3.092544482973214
891,15,621.048026814437,24660,290.6132367016217,3.092544482973214
891,10,649.1403556983936,16948,290.6132367016217,3.092544482973214
891,5,898.7343618405889,9228,290.6132367016217,3.092544482973214
892,80,296.7828591858859,125000,296.7828591858859,3.034652023157096
892,75,300.518856379024,117279,296.7828591858859,3.034652023157096
892,70,308.5137715270414,109567,296.7828591858859,3.034652023157096
892,65,328.9823323541034,101847,296.7828591858859,3.034652023157096
892,60,336.95758061111184,94126,296.7828591858859,3.034652023157096
892,55,350.79882291551104,86406,296.7828591858859,3.034652023157096
892,50,359.66580303758514,78694,296.7828591858859,3.034652023157096
892,45,388.2463100041052,70974,296.7828591858859,3.034652023157096
892,40,414.843780551153,63253,296.7828591858859,3.034652023157096
892,35,447.9619858425794,55533,296.7828591858859,3.034652023157096
892,30,464.63630209784657,47821,296.7828591858859,3.034652023157096
892,25,539.7030137162324,40101,296.7828591858859,3.034652023157096
892,20,576.5399185442498,32380,296.7828591858859,3.034652023157096
892,15,625.8432479323241,24660,296.7828591858859,3.034652023157096
892,10,656.5826395739549,16948,296.7828591858859,3.034652023157096
892,5,900.6327040667961,9228,296.7828591858859,3.034652023157096
893,80,302.2706129385645,125000,302.2706129385645,2.98556397600263
893,75,305.33988672375256,117279,302.2706129385645,2.98556397600263
893,70,312.56952908942486,109567,302.2706129385645,2.98556397600263
893,65,330.62466686807704,101847,302.2706129385645,2.98556397600263
893,60,342.5014226449814,94126,302.2706129385645,2.98556397600263
893,55,356.9628490585304,86406,302.2706129385645,2.98556397600263
893,50,368.5405570444783,78694,302.2706129385645,2.98556397600263
893,45,399.4481056349148,70974,302.2706129385645,2.98556397600263
893,40,427.8421567914681,63253,302.2706129385645,2.98556397600263
893,35,466.6898918163944,55533,302.2706129385645,2.98556397600263
893,30,481.9131571070183,47821,302.2706129385645,2.98556397600263
893,25,555.2580815236851,40101,302.2706129385645,2.98556397600263
893,20,593.1796752974491,32380,302.2706129385645,2.98556397600263
893,15,635.358829049284,24660,302.2706129385645,2.98556397600263
893,10,659.7511886148377,16948,302.2706129385645,2.98556397600263
893,5,902.4482529936126,9228,302.2706129385645,2.98556397600263
894,80,313.0455639503506,125000,313.0455639503506,2.874576858846371
894,75,316.1011977234413,117279,313.0455639503506,2.874576858846371
894,70,324.4344118480177,109567,313.0455639503506,2.874576858846371
894,65,341.9992538509302,101847,313.0455639503506,2.874576858846371
894,60,354.1513540906079,94126,313.0455639503506,2.874576858846371
894,55,367.29714350906175,86406,313.0455639503506,2.874576858846371
894,50,378.78970631157193,78694,313.0455639503506,2.874576858846371
894,45,406.3625280882988,70974,313.0455639503506,2.874576858846371
894,40,431.2888407324895,63253,313.0455639503506,2.874576858846371
894,35,471.5389736196315,55533,313.0455639503506,2.874576858846371
894,30,491.5760219560069,47821,313.0455639503506,2.874576858846371
894,25,557.6202442155252,40101,313.0455639503506,2.874576858846371
894,20,599.6278268731021,32380,313.0455639503506,2.874576858846371
894,15,637.3045471114435,24660,313.0455639503506,2.874576858846371
894,10,655.202619182685,16948,313.0455639503506,2.874576858846371
894,5,899.8735338961895,9228,313.0455639503506,2.874576858846371
895,80,276.92337587619886,125000,276.92337587619886,2.902730808973493
895,75,281.61464611576764,117279,276.92337587619886,2.902730808973493
895,70,288.84798176467217,109567,276.92337587619886,2.902730808973493
895,65,306.8448479095012,101847,276.92337587619886,2.902730808973493
895,60,318.30810040628603,94126,276.92337587619886,2.902730808973493
895,55,331.4907836146411,86406,276.92337587619886,2.902730808973493
895,50,339.5285253107654,78694,276.92337587619886,2.902730808973493
895,45,355.72967897315806,70974,276.92337587619886,2.902730808973493
895,40,375.8621070747638,63253,276.92337587619886,2.902730808973493
895,35,405.70447565923627,55533,276.92337587619886,2.902730808973493
895,30,424.11172628310095,47821,276.92337587619886,2.902730808973493
895,25,489.8360564808705,40101,276.92337587619886,2.902730808973493
895,20,525.8402111372492,32380,276.92337587619886,2.902730808973493
895,15,566.0151035572673,24660,276.92337587619886,2.902730808973493
895,10,583.2277585546974,16948,276.92337587619886,2.902730808973493
895,5,803.8340148807895,9228,276.92337587619886,2.902730808973493
896,80,269.8817713559831,125000,269.8817713559831,2.5007038903061978
896,75,273.9210063804139,117279,269.8817713559831,2.5007038903061978
896,70,280.217825792854,109567,269.8817713559831,2.5007038903061978
896,65,302.06541479504097,101847,269.8817713559831,2.5007038903061978
896,60,314.1553209310684,94126,269.8817713559831,2.5007038903061978
896,55,334.5031612310843,86406,269.8817713559831,2.5007038903061978
896,50,344.36241244838834,78694,269.8817713559831,2.5007038903061978
896,45,354.76744827158177,70974,269.8817713559831,2.5007038903061978
896,40,372.8056632586639,63253,269.8817713559831,2.5007038903061978
896,35,391.6542544353546,55533,269.8817713559831,2.5007038903061978
896,30,403.6666600455867,47821,269.8817713559831,2.5007038903061978
896,25,454.528802353874,40101,269.8817713559831,2.5007038903061978
896,20,482.73731345373983,32380,269.8817713559831,2.5007038903061978
896,15,519.875303266113,24660,269.8817713559831,2.5007038903061978
896,10,528.9559449489972,16948,269.8817713559831,2.5007038903061978
896,5,674.8943955526347,9228,269.8817713559831,2.5007038903061978
897,80,289.31758094901625,125000,289.31758094901625,2.0426224515714577
897,75,293.6544158390392,117279,289.31758094901625,2.0426224515714577
897,70,296.50221037750003,109567,289.31758094901625,2.0426224515714577
897,65,313.03514681528645,101847,289.31758094901625,2.0426224515714577
897,60,325.48280531371495,94126,289.31758094901625,2.0426224515714577
897,55,336.29089400478915,86406,289.31758094901625,2.0426224515714577
897,50,341.9147106136697,78694,289.31758094901625,2.0426224515714577
897,45,349.7374884338843,70974,289.31758094901625,2.0426224515714577
897,40,385.479466884901,63253,289.31758094901625,2.0426224515714577
897,35,407.950438725608,55533,289.31758094901625,2.0426224515714577
897,30,423.4427298920784,47821,289.31758094901625,2.0426224515714577
897,25,473.2065131717376,40101,289.31758094901625,2.0426224515714577
897,20,495.6566701323919,32380,289.31758094901625,2.0426224515714577
897,15,513.2342220169298,24660,289.31758094901625,2.0426224515714577
897,10,515.8602983107437,16948,289.31758094901625,2.0426224515714577
897,5,590.9665864808032,9228,289.31758094901625,2.0426224515714577
898,80,336.93284188160595,125000,336.93284188160595,1.7080050514665472
898,75,340.2945355444704,117279,336.93284188160595,1.7080050514665472
898,70,341.17933064984175,109567,336.93284188160595,1.7080050514665472
898,65,352.3388318792006,101847,336.93284188160595,1.7080050514665472
898,60,364.364339257972,94126,336.93284188160595,1.7080050514665472
898,55,370.2256634606789,86406,336.93284188160595,1.7080050514665472
898,50,374.1296232627983,78694,336.93284188160595,1.7080050514665472
898,45,380.2099334414023,70974,336.93284188160595,1.7080050514665472
898,40,397.5187001098048,63253,336.93284188160595,1.7080050514665472
898,35,412.9696993739573,55533,336.93284188160595,1.7080050514665472
898,30,423.4678602476404,47821,336.93284188160595,1.7080050514665472
898,25,475.1548275959372,40101,336.93284188160595,1.7080050514665472
898,20,503.0670666395727,32380,336.93284188160595,1.7080050514665472
898,15,514.3385317181746,24660,336.93284188160595,1.7080050514665472
898,10,527.0884232139546,16948,336.93284188160595,1.7080050514665472
898,5,575.4829959387624,9228,336.93284188160595,1.7080050514665472
899,80,290.04426895485267,125000,290.04426895485267,2.031625980054886
899,75,293.56537588874124,117279,290.04426895485267,2.031625980054886
899,70,297.4909138509025,109567,290.04426895485267,2.031625980054886
899,65,301.02937739456905,101847,290.04426895485267,2.031625980054886
899,60,309.4270864101118,94126,290.04426895485267,2.031625980054886
899,55,318.04952203403,86406,290.04426895485267,2.031625980054886
899,50,330.68743132071654,78694,290.04426895485267,2.031625980054886
899,45,344.61301588294896,70974,290.04426895485267,2.031625980054886
899,40,358.58697075953296,63253,290.04426895485267,2.031625980054886
899,35,373.77769725284463,55533,290.04426895485267,2.031625980054886
899,30,380.4207196138341,47821,290.04426895485267,2.031625980054886
899,25,430.451818582162,40101,290.04426895485267,2.031625980054886
899,20,478.0446175966181,32380,290.04426895485267,2.031625980054886
899,15,502.0420706825187,24660,290.04426895485267,2.031625980054886
899,10,539.8496945808715,16948,290.04426895485267,2.031625980054886
899,5,589.2614721747055,9228,290.04426895485267,2.031625980054886
900,80,271.14667260810376,125000,271.14667260810376,2.187073027204238
900,75,281.52646663831825,117279,271.14667260810376,2.187073027204238
900,70,290.222334410491,109567,271.14667260810376,2.187073027204238
900,65,291.42907915540843,101847,271.14667260810376,2.187073027204238
900,60,297.9571257977506,94126,271.14667260810376,2.187073027204238
900,55,306.30280900836186,86406,271.14667260810376,2.187073027204238
900,50,333.7863593311667,78694,271.14667260810376,2.187073027204238
900,45,344.674700847929,70974,271.14667260810376,2.187073027204238
900,40,361.4065223804159,63253,271.14667260810376,2.187073027204238
900,35,387.7169826727999,55533,271.14667260810376,2.187073027204238
900,30,393.8246279815497,47821,271.14667260810376,2.187073027204238
900,25,436.172075395286,40101,271.14667260810376,2.187073027204238
900,20,497.0985843128001,32380,271.14667260810376,2.187073027204238
900,15,542.0388837154543,24660,271.14667260810376,2.187073027204238
900,10,588.4032726640152,16948,271.14667260810376,2.187073027204238
900,5,593.0175740773618,9228,271.14667260810376,2.187073027204238
901,80,343.5347415968843,125000,343.5347415968843,1.9411891264545
901,75,360.7630768716571,117279,343.5347415968843,1.9411891264545
901,70,370.4014738308998,109567,343.5347415968843,1.9411891264545
901,65,380.488823109022,101847,343.5347415968843,1.9411891264545
901,60,388.3687669454119,94126,343.5347415968843,1.9411891264545
901,55,397.901857979362,86406,343.5347415968843,1.9411891264545
901,50,416.0014695089192,78694,343.5347415968843,1.9411891264545
901,45,425.2564700969376,70974,343.5347415968843,1.9411891264545
901,40,470.7795024588484,63253,343.5347415968843,1.9411891264545
901,35,489.64228173430206,55533,343.5347415968843,1.9411891264545
901,30,497.6541045183149,47821,343.5347415968843,1.9411891264545
901,25,536.0044674160176,40101,343.5347415968843,1.9411891264545
901,20,587.5241663183278,32380,343.5347415968843,1.9411891264545
901,15,620.9851004495977,24660,343.5347415968843,1.9411891264545
901,10,652.3728978062778,16948,343.5347415968843,1.9411891264545
901,5,666.8659049472282,9228,343.5347415968843,1.9411891264545
902,80,400.7846709151885,125000,400.7846709151885,2.071422381864385
902,75,407.7277267958783,117279,400.7846709151885,2.071422381864385
902,70,426.8608911434207,109567,400.7846709151885,2.071422381864385
902,65,440.02153133587626,101847,400.7846709151885,2.071422381864385
902,60,448.5384577508236,94126,400.7846709151885,2.071422381864385
902,55,455.1095630303063,86406,400.7846709151885,2.071422381864385
902,50,478.99690118791,78694,400.7846709151885,2.071422381864385
902,45,491.47548540331553,70974,400.7846709151885,2.071422381864385
902,40,503.68471586565664,63253,400.7846709151885,2.071422381864385
902,35,528.649480383632,55533,400.7846709151885,2.071422381864385
902,30,564.1251659608097,47821,400.7846709151885,2.071422381864385
902,25,630.7699573339683,40101,400.7846709151885,2.071422381864385
902,20,662.766919257879,32380,400.7846709151885,2.071422381864385
902,15,681.4383964379314,24660,400.7846709151885,2.071422381864385
902,10,747.33268181155,16948,400.7846709151885,2.071422381864385
902,5,830.1943376418736,9228,400.7846709151885,2.071422381864385
903,80,403.82951340000176,125000,403.82951340000176,2.2320476748045763
903,75,414.31031543647,117279,403.82951340000176,2.2320476748045763
903,70,423.9241682061047,109567,403.82951340000176,2.2320476748045763
903,65,441.9853574854331,101847,403.82951340000176,2.2320476748045763
903,60,464.8244324574568,94126,403.82951340000176,2.2320476748045763
903,55,469.47986399028025,86406,403.82951340000176,2.2320476748045763
903,50,493.82261039087695,78694,403.82951340000176,2.2320476748045763
903,45,498.65231361113183,70974,403.82951340000176,2.2320476748045763
903,40,509.6752938966142,63253,403.82951340000176,2.2320476748045763
903,35,561.9944579448239,55533,403.82951340000176,2.2320476748045763
903,30,567.403787545909,47821,403.82951340000176,2.2320476748045763
903,25,619.3550290316693,40101,403.82951340000176,2.2320476748045763
903,20,631.104022603022,32380,403.82951340000176,2.2320476748045763
903,15,644.3670535240706,24660,403.82951340000176,2.2320476748045763
903,10,756.6162487677643,16948,403.82951340000176,2.2320476748045763
903,5,901.3667264019376,9228,403.82951340000176,2.2320476748045763
904,80,415.946570981808,125000,415.946570981808,2.3371320785830743
904,75,422.6383856183782,117279,415.946570981808,2.3371320785830743
904,70,423.6133111359662,109567,415.946570981808,2.3371320785830743
904,65,431.3652056042194,101847,415.946570981808,2.3371320785830743
904,60,435.9290627867782,94126,415.946570981808,2.3371320785830743
904,55,453.4810334786631,86406,415.946570981808,2.3371320785830743
904,50,459.5033384791136,78694,415.946570981808,2.3371320785830743
904,45,471.9460287731261,70974,415.946570981808,2.3371320785830743
904,40,492.3949053358843,63253,415.946570981808,2.3371320785830743
904,35,551.7912921117178,55533,415.946570981808,2.3371320785830743
904,30,560.1289389626949,47821,415.946570981808,2.3371320785830743
904,25,584.9769354057734,40101,415.946570981808,2.3371320785830743
904,20,588.0762837535837,32380,415.946570981808,2.3371320785830743
904,15,610.1726375203602,24660,415.946570981808,2.3371320785830743
904,10,736.8943173178117,16948,415.946570981808,2.3371320785830743
904,5,972.1220740182152,9228,415.946570981808,2.3371320785830743
905,80,422.7841394172702,125000,422.7841394172702,2.313471256764
905,75,426.11468024657927,117279,422.7841394172702,2.313471256764
905,70,434.45965405672166,109567,422.7841394172702,2.313471256764
905,65,448.5419091479265,101847,422.7841394172702,2.313471256764
905,60,458.9594953764289,94126,422.7841394172702,2.313471256764
905,55,485.2575489914575,86406,422.7841394172702,2.313471256764
905,50,511.9398999408312,78694,422.7841394172702,2.313471256764
905,45,522.6122102274638,70974,422.7841394172702,2.313471256764
905,40,530.7895959659098,63253,422.7841394172702,2.313471256764
905,35,568.5100762362218,55533,422.7841394172702,2.313471256764
905,30,578.6440271069937,47821,422.7841394172702,2.313471256764
905,25,634.9123260021403,40101,422.7841394172702,2.313471256764
905,20,672.2369155375245,32380,422.7841394172702,2.313471256764
905,15,688.8993640502969,24660,422.7841394172702,2.313471256764
905,10,779.1829716266518,16948,422.7841394172702,2.313471256764
905,5,978.0989543575582,9228,422.7841394172702,2.313471256764
906,80,466.5933743645354,125000,466.5933743645354,2.075091068488928
906,75,473.0497744910481,117279,466.5933743645354,2.075091068488928
906,70,478.5950870873567,109567,466.5933743645354,2.075091068488928
906,65,486.7527256048649,101847,466.5933743645354,2.075091068488928
906,60,488.7799157536769,94126,466.5933743645354,2.075091068488928
906,55,500.7050706767195,86406,466.5933743645354,2.075091068488928
906,50,514.3885966293604,78694,466.5933743645354,2.075091068488928
906,45,546.6053519277641,70974,466.5933743645354,2.075091068488928
906,40,559.4952355023825,63253,466.5933743645354,2.075091068488928
906,35,567.5667705330766,55533,466.5933743645354,2.075091068488928
906,30,582.6338774450726,47821,466.5933743645354,2.075091068488928
906,25,634.7038435553662,40101,466.5933743645354,2.075091068488928
906,20,702.6045985363801,32380,466.5933743645354,2.075091068488928
906,15,745.9609007035477,24660,466.5933743645354,2.075091068488928
906,10,857.114971512379,16948,466.5933743645354,2.075091068488928
906,5,968.2237437599582,9228,466.5933743645354,2.075091068488928
907,80,596.3705332466302,125000,596.3705332466302,1.8707933816076392
907,75,601.3887656557466,117279,596.3705332466302,1.8707933816076392
907,70,607.3592852171939,109567,596.3705332466302,1.8707933816076392
907,65,610.1646648011099,101847,596.3705332466302,1.8707933816076392
907,60,623.5151735728628,94126,596.3705332466302,1.8707933816076392
907,55,636.937255826533,86406,596.3705332466302,1.8707933816076392
907,50,667.4895822973796,78694,596.3705332466302,1.8707933816076392
907,45,696.110965713096,70974,596.3705332466302,1.8707933816076392
907,40,718.6946118958444,63253,596.3705332466302,1.8707933816076392
907,35,723.2538360178678,55533,596.3705332466302,1.8707933816076392
907,30,738.0704253273956,47821,596.3705332466302,1.8707933816076392
907,25,776.5209202036946,40101,596.3705332466302,1.8707933816076392
907,20,833.547701491371,32380,596.3705332466302,1.8707933816076392
907,15,899.0710651138893,24660,596.3705332466302,1.8707933816076392
907,10,1053.4518311296845,16948,596.3705332466302,1.8707933816076392
907,5,1115.6860465836144,9228,596.3705332466302,1.8707933816076392
908,80,701.9623570531978,125000,701.9623570531978,1.9997336452517305
908,75,708.4455611426696,117279,701.9623570531978,1.9997336452517305
908,70,711.388544723613,109567,701.9623570531978,1.9997336452517305
908,65,713.7720761302471,101847,701.9623570531978,1.9997336452517305
908,60,729.7949814206117,94126,701.9623570531978,1.9997336452517305
908,55,738.8647326667499,86406,701.9623570531978,1.9997336452517305
908,50,763.5948071980195,78694,701.9623570531978,1.9997336452517305
908,45,781.5968577124574,70974,701.9623570531978,1.9997336452517305
908,40,833.850853470766,63253,701.9623570531978,1.9997336452517305
908,35,839.7223877945519,55533,701.9623570531978,1.9997336452517305
908,30,907.1363595703684,47821,701.9623570531978,1.9997336452517305
908,25,947.6226786980084,40101,701.9623570531978,1.9997336452517305
908,20,969.1892725075816,32380,701.9623570531978,1.9997336452517305
908,15,1025.0123472894984,24660,701.9623570531978,1.9997336452517305
908,10,1203.1635348664863,16948,701.9623570531978,1.9997336452517305
908,5,1403.737743099488,9228,701.9623570531978,1.9997336452517305
909,80,675.742907653853,125000,675.742907653853,2.0079435307394204
909,75,682.373794006747,117279,675.742907653853,2.0079435307394204
909,70,694.2899093047819,109567,675.742907653853,2.0079435307394204
909,65,708.677903323865,101847,675.742907653853,2.0079435307394204
909,60,732.5099299707852,94126,675.742907653853,2.0079435307394204
909,55,742.3714584940891,86406,675.742907653853,2.0079435307394204
909,50,760.8671381129917,78694,675.742907653853,2.0079435307394204
909,45,785.4727476432863,70974,675.742907653853,2.0079435307394204
909,40,838.1775834307621,63253,675.742907653853,2.0079435307394204
909,35,851.8018862891561,55533,675.742907653853,2.0079435307394204
909,30,892.9439312492915,47821,675.742907653853,2.0079435307394204
909,25,951.169296711266,40101,675.742907653853,2.0079435307394204
909,20,1015.416874090067,32380,675.742907653853,2.0079435307394204
909,15,1068.743636311716,24660,675.742907653853,2.0079435307394204
909,10,1214.1087155266684,16948,675.742907653853,2.0079435307394204
909,5,1356.8535998665996,9228,675.742907653853,2.0079435307394204
910,80,584.0833001061906,125000,584.0833001061906,2.4072998007340485
910,75,595.309486737272,117279,584.0833001061906,2.4072998007340485
910,70,604.6220512572337,109567,584.0833001061906,2.4072998007340485
910,65,630.3353668977074,101847,584.0833001061906,2.4072998007340485
910,60,635.6652128089495,94126,584.0833001061906,2.4072998007340485
910,55,672.3537227640803,86406,584.0833001061906,2.4072998007340485
910,50,680.4923586026162,78694,584.0833001061906,2.4072998007340485
910,45,729.8410449312933,70974,584.0833001061906,2.4072998007340485
910,40,778.513158116568,63253,584.0833001061906,2.4072998007340485
910,35,791.2894444605986,55533,584.0833001061906,2.4072998007340485
910,30,797.0830465914723,47821,584.0833001061906,2.4072998007340485
910,25,934.8003258613978,40101,584.0833001061906,2.4072998007340485
910,20,971.9564331290896,32380,584.0833001061906,2.4072998007340485
910,15,1042.602564716839,24660,584.0833001061906,2.4072998007340485
910,10,1210.5886963351952,16948,584.0833001061906,2.4072998007340485
910,5,1406.063611957718,9228,584.0833001061906,2.4072998007340485
911,80,478.2097103188575,125000,478.2097103188575,2.446711284388196
911,75,479.1256185802426,117279,478.2097103188575,2.446711284388196
911,70,515.953226009622,109567,478.2097103188575,2.446711284388196
911,65,526.5953287881069,101847,478.2097103188575,2.446711284388196
911,60,528.6888257394679,94126,478.2097103188575,2.446711284388196
911,55,557.8042346051003,86406,478.2097103188575,2.446711284388196
911,50,573.184764673086,78694,478.2097103188575,2.446711284388196
911,45,605.1625724622651,70974,478.2097103188575,2.446711284388196
911,40,615.777309839269,63253,478.2097103188575,2.446711284388196
911,35,691.9763179070138,55533,478.2097103188575,2.446711284388196
911,30,707.3068040884498,47821,478.2097103188575,2.446711284388196
911,25,747.898724689306,40101,478.2097103188575,2.446711284388196
911,20,766.432018020303,32380,478.2097103188575,2.446711284388196
911,15,816.2857201058158,24660,478.2097103188575,2.446711284388196
911,10,938.3569131231388,16948,478.2097103188575,2.446711284388196
911,5,1170.0410945411588,9228,478.2097103188575,2.446711284388196
913,80,294.997438684326,125000,294.997438684326,2.412059635887825
913,75,310.3896525788807,117279,294.997438684326,2.412059635887825
913,70,316.2033427149443,109567,294.997438684326,2.412059635887825
913,65,323.41943807095384,101847,294.997438684326,2.412059635887825
913,60,326.6655588585052,94126,294.997438684326,2.412059635887825
913,55,337.4305992632743,86406,294.997438684326,2.412059635887825
913,50,352.71043783728453,78694,294.997438684326,2.412059635887825
913,45,375.3044514885314,70974,294.997438684326,2.412059635887825
913,40,379.0041037273799,63253,294.997438684326,2.412059635887825
913,35,410.2693839928278,55533,294.997438684326,2.412059635887825
913,30,434.2046107484426,47821,294.997438684326,2.412059635887825
913,25,445.3625528624461,40101,294.997438684326,2.412059635887825
913,20,479.6344226242361,32380,294.997438684326,2.412059635887825
913,15,532.7143683973019,24660,294.997438684326,2.412059635887825
913,10,560.5804140573989,16948,294.997438684326,2.412059635887825
913,5,711.5514145407562,9228,294.997438684326,2.412059635887825
914,80,289.4404507743748,125000,289.4404507743748,2.832898807044234
914,75,294.1198235412691,117279,289.4404507743748,2.832898807044234
914,70,299.12575444540977,109567,289.4404507743748,2.832898807044234
914,65,302.714047791815,101847,289.4404507743748,2.832898807044234
914,60,303.9683938049908,94126,289.4404507743748,2.832898807044234
914,55,313.7484966351032,86406,289.4404507743748,2.832898807044234
914,50,320.2030777735773,78694,289.4404507743748,2.832898807044234
914,45,342.9550515509837,70974,289.4404507743748,2.832898807044234
914,40,358.30036135181683,63253,289.4404507743748,2.832898807044234
914,35,395.3880628058421,55533,289.4404507743748,2.832898807044234
914,30,434.3351873964919,47821,289.4404507743748,2.832898807044234
914,25,454.3111925504942,40101,289.4404507743748,2.832898807044234
914,20,501.8456584473762,32380,289.4404507743748,2.832898807044234
914,15,532.40995485105,24660,289.4404507743748,2.832898807044234
914,10,572.5244143183132,16948,289.4404507743748,2.832898807044234
914,5,819.9555077090715,9228,289.4404507743748,2.832898807044234
915,80,311.03025977550385,125000,311.03025977550385,3.0384046494230925
915,75,318.6825097521027,117279,311.03025977550385,3.0384046494230925
915,70,320.94082673611086,109567,311.03025977550385,3.0384046494230925
915,65,330.04190433182544,101847,311.03025977550385,3.0384046494230925
915,60,334.507903406026,94126,311.03025977550385,3.0384046494230925
915,55,340.3115105913519,86406,311.03025977550385,3.0384046494230925
915,50,342.8835848512853,78694,311.03025977550385,3.0384046494230925
915,45,367.65460344070925,70974,311.03025977550385,3.0384046494230925
915,40,368.0750971350952,63253,311.03025977550385,3.0384046494230925
915,35,386.0349219250666,55533,311.03025977550385,3.0384046494230925
915,30,423.00775400008354,47821,311.03025977550385,3.0384046494230925
915,25,452.0789023740149,40101,311.03025977550385,3.0384046494230925
915,20,482.741681276321,32380,311.03025977550385,3.0384046494230925
915,15,556.640578973026,24660,311.03025977550385,3.0384046494230925
915,10,584.0936148732193,16948,311.03025977550385,3.0384046494230925
915,5,945.0357874131632,9228,311.03025977550385,3.0384046494230925
916,80,254.63727750205516,125000,254.63727750205516,3.312703634982279
916,75,258.30185673451354,117279,254.63727750205516,3.312703634982279
916,70,261.52478993084964,109567,254.63727750205516,3.312703634982279
916,65,279.2456061281429,101847,254.63727750205516,3.312703634982279
916,60,280.6052593598257,94126,254.63727750205516,3.312703634982279
916,55,291.9390764017542,86406,254.63727750205516,3.312703634982279
916,50,293.98060899810224,78694,254.63727750205516,3.312703634982279
916,45,314.04749160343056,70974,254.63727750205516,3.312703634982279
916,40,322.90996233929246,63253,254.63727750205516,3.312703634982279
916,35,333.21682950870945,55533,254.63727750205516,3.312703634982279
916,30,370.9564932946315,47821,254.63727750205516,3.312703634982279
916,25,414.2918991001242,40101,254.63727750205516,3.312703634982279
916,20,435.9891099222973,32380,254.63727750205516,3.312703634982279
916,15,526.1982025431571,24660,254.63727750205516,3.312703634982279
916,10,581.1258141524755,16948,254.63727750205516,3.312703634982279
916,5,843.5378347830493,9228,254.63727750205516,3.312703634982279
917,80,260.1018699987438,125000,260.1018699987438,3.142977361354107
917,75,262.3589671884371,117279,260.1018699987438,3.142977361354107
917,70,264.80261691751264,109567,260.1018699987438,3.142977361354107
917,65,282.50224244148774,101847,260.1018699987438,3.142977361354107
917,60,283.18991148200325,94126,260.1018699987438,3.142977361354107
917,55,293.94665338778304,86406,260.1018699987438,3.142977361354107
917,50,296.28634106839223,78694,260.1018699987438,3.142977361354107
917,45,314.1664500168314,70974,260.1018699987438,3.142977361354107
917,40,327.62167821395565,63253,260.1018699987438,3.142977361354107
917,35,340.18185221174554,55533,260.1018699987438,3.142977361354107
917,30,366.7821915030674,47821,260.1018699987438,3.142977361354107
917,25,408.9458103203007,40101,260.1018699987438,3.142977361354107
917,20,440.0876668828563,32380,260.1018699987438,3.142977361354107
917,15,534.4561003640667,24660,260.1018699987438,3.142977361354107
917,10,600.1576347132734,16948,260.1018699987438,3.142977361354107
917,5,817.4942890519208,9228,260.1018699987438,3.142977361354107
918,80,258.99794444939056,125000,258.99794444939056,3.028357904481678
918,75,260.09489532996497,117279,258.99794444939056,3.028357904481678
918,70,262.21092969235445,109567,258.99794444939056,3.028357904481678
918,65,275.35168740649584,101847,258.99794444939056,3.028357904481678
918,60,277.4010088780575,94126,258.99794444939056,3.028357904481678
918,55,289.16532787564233,86406,258.99794444939056,3.028357904481678
918,50,290.2057952111648,78694,258.99794444939056,3.028357904481678
918,45,313.91576165352194,70974,258.99794444939056,3.028357904481678
918,40,319.42258634418806,63253,258.99794444939056,3.028357904481678
918,35,330.812496161736,55533,258.99794444939056,3.028357904481678
918,30,363.1872292269212,47821,258.99794444939056,3.028357904481678
918,25,401.0451918946504,40101,258.99794444939056,3.028357904481678
918,20,425.2675122252023,32380,258.99794444939056,3.028357904481678
918,15,481.8494107633683,24660,258.99794444939056,3.028357904481678
918,10,551.2838560973431,16948,258.99794444939056,3.028357904481678
918,5,784.3384723178186,9228,258.99794444939056,3.028357904481678
919,80,299.8103891439105,125000,299.8103891439105,2.7020458486981007
919,75,300.3041356195625,117279,299.8103891439105,2.7020458486981007
919,70,304.1350201241259,109567,299.8103891439105,2.7020458486981007
919,65,315.2743834058292,101847,299.8103891439105,2.7020458486981007
919,60,318.0802633591763,94126,299.8103891439105,2.7020458486981007
919,55,334.51987757517696,86406,299.8103891439105,2.7020458486981007
919,50,336.56363031595794,78694,299.8103891439105,2.7020458486981007
919,45,353.1092713462362,70974,299.8103891439105,2.7020458486981007
919,40,361.1261753164122,63253,299.8103891439105,2.7020458486981007
919,35,377.373669756084,55533,299.8103891439105,2.7020458486981007
919,30,410.1663573454179,47821,299.8103891439105,2.7020458486981007
919,25,439.5514927550641,40101,299.8103891439105,2.7020458486981007
919,20,477.49545107360495,32380,299.8103891439105,2.7020458486981007
919,15,531.1981778747411,24660,299.8103891439105,2.7020458486981007
919,10,595.7427874067251,16948,299.8103891439105,2.7020458486981007
919,5,810.1014173828655,9228,299.8103891439105,2.7020458486981007
920,80,491.2642616480357,125000,491.2642616480357,1.9195338546816212
920,75,497.3729924600182,117279,491.2642616480357,1.9195338546816212
920,70,500.4519877023252,109567,491.2642616480357,1.9195338546816212
920,65,510.4162478528541,101847,491.2642616480357,1.9195338546816212
920,60,520.067823982589,94126,491.2642616480357,1.9195338546816212
920,55,531.021015385779,86406,491.2642616480357,1.9195338546816212
920,50,534.5437565332264,78694,491.2642616480357,1.9195338546816212
920,45,546.390520783173,70974,491.2642616480357,1.9195338546816212
920,40,563.7603768067085,63253,491.2642616480357,1.9195338546816212
920,35,587.321229109654,55533,491.2642616480357,1.9195338546816212
920,30,603.5176251776935,47821,491.2642616480357,1.9195338546816212
920,25,635.7670052655266,40101,491.2642616480357,1.9195338546816212
920,20,701.3011605742557,32380,491.2642616480357,1.9195338546816212
920,15,762.1398734184146,24660,491.2642616480357,1.9195338546816212
920,10,823.0559037195642,16948,491.2642616480357,1.9195338546816212
920,5,942.9983818285746,9228,491.2642616480357,1.9195338546816212
921,80,529.3152703850932,125000,529.3152703850932,2.1189857960236886
921,75,531.8118494050747,117279,529.3152703850932,2.1189857960236886
921,70,537.3914428763339,109567,529.3152703850932,2.1189857960236886
921,65,546.3827589903253,101847,529.3152703850932,2.1189857960236886
921,60,553.7208283095754,94126,529.3152703850932,2.1189857960236886
921,55,555.9033597800108,86406,529.3152703850932,2.1189857960236886
921,50,567.2275815623609,78694,529.3152703850932,2.1189857960236886
921,45,583.815408552307,70974,529.3152703850932,2.1189857960236886
921,40,612.8770175959784,63253,529.3152703850932,2.1189857960236886
921,35,635.9786917966463,55533,529.3152703850932,2.1189857960236886
921,30,666.7303199119754,47821,529.3152703850932,2.1189857960236886
921,25,714.2772514799478,40101,529.3152703850932,2.1189857960236886
921,20,785.5357043684396,32380,529.3152703850932,2.1189857960236886
921,15,909.2413582391746,24660,529.3152703850932,2.1189857960236886
921,10,994.8213072299952,16948,529.3152703850932,2.1189857960236886
921,5,1121.6115395644506,9228,529.3152703850932,2.1189857960236886
922,80,469.5227870795344,125000,469.5227870795344,2.614600453432033
922,75,474.4791666308093,117279,469.5227870795344,2.614600453432033
922,70,476.665636098428,109567,469.5227870795344,2.614600453432033
922,65,484.8327506655403,101847,469.5227870795344,2.614600453432033
922,60,494.04645552150834,94126,469.5227870795344,2.614600453432033
922,55,496.9372641877644,86406,469.5227870795344,2.614600453432033
922,50,520.8982399409169,78694,469.5227870795344,2.614600453432033
922,45,531.7027173760564,70974,469.5227870795344,2.614600453432033
922,40,545.9175167459993,63253,469.5227870795344,2.614600453432033
922,35,562.4413475560361,55533,469.5227870795344,2.614600453432033
922,30,580.6231366494909,47821,469.5227870795344,2.614600453432033
922,25,673.3419782329146,40101,469.5227870795344,2.614600453432033
922,20,714.3225764291152,32380,469.5227870795344,2.614600453432033
922,15,878.6036469865522,24660,469.5227870795344,2.614600453432033
922,10,1015.1390233911784,16948,469.5227870795344,2.614600453432033
922,5,1227.6144919948224,9228,469.5227870795344,2.614600453432033
923,80,568.7610342189935,125000,568.7610342189935,2.3592376340985823
923,75,577.5560349476497,117279,568.7610342189935,2.3592376340985823
923,70,587.299967519488,109567,568.7610342189935,2.3592376340985823
923,65,603.3862102328184,101847,568.7610342189935,2.3592376340985823
923,60,615.4096688167972,94126,568.7610342189935,2.3592376340985823
923,55,620.7772221993159,86406,568.7610342189935,2.3592376340985823
923,50,632.9370384472873,78694,568.7610342189935,2.3592376340985823
923,45,639.4446585272195,70974,568.7610342189935,2.3592376340985823
923,40,644.758424905353,63253,568.7610342189935,2.3592376340985823
923,35,663.8227703835477,55533,568.7610342189935,2.3592376340985823
923,30,694.4358863190074,47821,568.7610342189935,2.3592376340985823
923,25,788.2452379381987,40101,568.7610342189935,2.3592376340985823
923,20,794.9779064449576,32380,568.7610342189935,2.3592376340985823
923,15,945.3749035370198,24660,568.7610342189935,2.3592376340985823
923,10,1068.3686812754045,16948,568.7610342189935,2.3592376340985823
923,5,1341.8424367382809,9228,568.7610342189935,2.3592376340985823
924,80,693.0566397604591,125000,693.0566397604591,2.074334593297337
924,75,698.0852205777563,117279,693.0566397604591,2.074334593297337
924,70,700.9771646547748,109567,693.0566397604591,2.074334593297337
924,65,713.7670936989992,101847,693.0566397604591,2.074334593297337
924,60,726.9198570436783,94126,693.0566397604591,2.074334593297337
924,55,737.652059868043,86406,693.0566397604591,2.074334593297337
924,50,766.2964426835798,78694,693.0566397604591,2.074334593297337
924,45,773.8776167939201,70974,693.0566397604591,2.074334593297337
924,40,788.8032937602836,63253,693.0566397604591,2.074334593297337
924,35,803.8288243097752,55533,693.0566397604591,2.074334593297337
924,30,817.6361883066214,47821,693.0566397604591,2.074334593297337
924,25,904.4111159196378,40101,693.0566397604591,2.074334593297337
924,20,907.8826441412688,32380,693.0566397604591,2.074334593297337
924,15,1003.6685342270648,24660,693.0566397604591,2.074334593297337
924,10,1120.3383810634211,16948,693.0566397604591,2.074334593297337
924,5,1437.631362969531,9228,693.0566397604591,2.074334593297337
925,80,698.0653884820368,125000,698.0653884820368,2.2146113263866165
925,75,709.9099161675027,117279,698.0653884820368,2.2146113263866165
925,70,712.9148150888451,109567,698.0653884820368,2.2146113263866165
925,65,725.9740806548532,101847,698.0653884820368,2.2146113263866165
925,60,758.6161040216981,94126,698.0653884820368,2.2146113263866165
925,55,781.204203971125,86406,698.0653884820368,2.2146113263866165
925,50,834.5899771142664,78694,698.0653884820368,2.2146113263866165
925,45,861.7260094284408,70974,698.0653884820368,2.2146113263866165
925,40,882.2966847374505,63253,698.0653884820368,2.2146113263866165
925,35,906.897293336356,55533,698.0653884820368,2.2146113263866165
925,30,909.7894722873622,47821,698.0653884820368,2.2146113263866165
925,25,1002.4330414602368,40101,698.0653884820368,2.2146113263866165
925,20,1016.3022666317172,32380,698.0653884820368,2.2146113263866165
925,15,1088.439799680535,24660,698.0653884820368,2.2146113263866165
925,10,1228.32628124958,16948,698.0653884820368,2.2146113263866165
925,5,1545.9435158907922,9228,698.0653884820368,2.2146113263866165
928,80,654.9063140270582,125000,654.9063140270582,2.5285400868386394
928,75,676.9516338978241,117279,654.9063140270582,2.5285400868386394
928,70,693.8914779802507,109567,654.9063140270582,2.5285400868386394
928,65,717.8867350496852,101847,654.9063140270582,2.5285400868386394
928,60,742.8100341005697,94126,654.9063140270582,2.5285400868386394
928,55,806.6538352492785,86406,654.9063140270582,2.5285400868386394
928,50,843.9404958082299,78694,654.9063140270582,2.5285400868386394
928,45,855.4083155956947,70974,654.9063140270582,2.5285400868386394
928,40,885.1333598638669,63253,654.9063140270582,2.5285400868386394
928,35,915.0263886167904,55533,654.9063140270582,2.5285400868386394
928,30,935.8790623881818,47821,654.9063140270582,2.5285400868386394
928,25,1038.1837796534342,40101,654.9063140270582,2.5285400868386394
928,20,1050.189478813675,32380,654.9063140270582,2.5285400868386394
928,15,1106.9309505835577,24660,654.9063140270582,2.5285400868386394
928,10,1340.7173446058268,16948,654.9063140270582,2.5285400868386394
928,5,1655.956868141151,9228,654.9063140270582,2.5285400868386394
929,80,799.7460737159528,125000,799.7460737159528,2.182028301981489
929,75,820.4089506282944,117279,799.7460737159528,2.182028301981489
929,70,843.56343488864,109567,799.7460737159528,2.182028301981489
929,65,860.5840043359317,101847,799.7460737159528,2.182028301981489
929,60,878.2542663678428,94126,799.7460737159528,2.182028301981489
929,55,924.961905045927,86406,799.7460737159528,2.182028301981489
929,50,954.5546857263492,78694,799.7460737159528,2.182028301981489
929,45,960.0117722439834,70974,799.7460737159528,2.182028301981489
929,40,987.3408259246032,63253,799.7460737159528,2.182028301981489
929,35,1011.9734437016192,55533,799.7460737159528,2.182028301981489
929,30,1022.7170900549432,47821,799.7460737159528,2.182028301981489
929,25,1134.4411102099216,40101,799.7460737159528,2.182028301981489
929,20,1149.2430055066386,32380,799.7460737159528,2.182028301981489
929,15,1190.5573673083338,24660,799.7460737159528,2.182028301981489
929,10,1444.4369131711812,16948,799.7460737159528,2.182028301981489
929,5,1745.0685672467837,9228,799.7460737159528,2.182028301981489
930,80,898.1707607043434,125000,898.1707607043434,1.999520027327048
930,75,914.4308288992264,117279,898.1707607043434,1.999520027327048
930,70,941.0766931320674,109567,898.1707607043434,1.999520027327048
930,65,951.849948277548,101847,898.1707607043434,1.999520027327048
930,60,970.7435980359356,94126,898.1707607043434,1.999520027327048
930,55,1002.5664630716316,86406,898.1707607043434,1.999520027327048
930,50,1027.9846699312166,78694,898.1707607043434,1.999520027327048
930,45,1035.460500851805,70974,898.1707607043434,1.999520027327048
930,40,1061.2328113170774,63253,898.1707607043434,1.999520027327048
930,35,1082.4858606592798,55533,898.1707607043434,1.999520027327048
930,30,1089.186149316385,47821,898.1707607043434,1.999520027327048
930,25,1200.5133559266958,40101,898.1707607043434,1.999520027327048
930,20,1216.279929244243,32380,898.1707607043434,1.999520027327048
930,15,1251.1963663671313,24660,898.1707607043434,1.999520027327048
930,10,1503.0589929851517,16948,898.1707607043434,1.999520027327048
930,5,1795.910423987904,9228,898.1707607043434,1.999520027327048
931,80,973.452090278981,125000,973.452090278981,1.874689295115182
931,75,983.2240720972138,117279,973.452090278981,1.874689295115182
931,70,999.2212370359622,109567,973.452090278981,1.874689295115182
931,65,1008.8827715377536,101847,973.452090278981,1.874689295115182
931,60,1027.530146897638,94126,973.452090278981,1.874689295115182
931,55,1050.313236403602,86406,973.452090278981,1.874689295115182
931,50,1071.5872414618004,78694,973.452090278981,1.874689295115182
931,45,1079.3309173302105,70974,973.452090278981,1.874689295115182
931,40,1104.0390233037615,63253,973.452090278981,1.874689295115182
931,35,1125.7437774837445,55533,973.452090278981,1.874689295115182
931,30,1134.5554475230424,47821,973.452090278981,1.874689295115182
931,25,1244.3062462657972,40101,973.452090278981,1.874689295115182
931,20,1261.3516356584237,32380,973.452090278981,1.874689295115182
931,15,1302.3396698472484,24660,973.452090278981,1.874689295115182
931,10,1544.10623782234,16948,973.452090278981,1.874689295115182
931,5,1824.9202129535036,9228,973.452090278981,1.874689295115182
932,80,1008.6688400422128,125000,1008.6688400422128,1.8344574021050548
932,75,1019.6001350821426,117279,1008.6688400422128,1.8344574021050548
932,70,1026.7257714965108,109567,1008.6688400422128,1.8344574021050548
932,65,1034.8484292652208,101847,1008.6688400422128,1.8344574021050548
932,60,1052.436934957781,94126,1008.6688400422128,1.8344574021050548
932,55,1067.444677766144,86406,1008.6688400422128,1.8344574021050548
932,50,1080.942013981423,78694,1008.6688400422128,1.8344574021050548
932,45,1087.8782488288948,70974,1008.6688400422128,1.8344574021050548
932,40,1113.1768954469771,63253,1008.6688400422128,1.8344574021050548
932,35,1135.4393927368496,55533,1008.6688400422128,1.8344574021050548
932,30,1146.9574365076674,47821,1008.6688400422128,1.8344574021050548
932,25,1256.314509798486,40101,1008.6688400422128,1.8344574021050548
932,20,1276.1949259673231,32380,1008.6688400422128,1.8344574021050548
932,15,1331.5801941700593,24660,1008.6688400422128,1.8344574021050548
932,10,1574.6024362199228,16948,1008.6688400422128,1.8344574021050548
932,5,1850.3600198881568,9228,1008.6688400422128,1.8344574021050548
933,80,1016.4832760055714,125000,1016.4832760055714,1.8389738942957856
933,75,1036.327443962622,117279,1016.4832760055714,1.8389738942957856
933,70,1046.2538195753984,109567,1016.4832760055714,1.8389738942957856
933,65,1053.4655801293466,101847,1016.4832760055714,1.8389738942957856
933,60,1067.0485753904793,94126,1016.4832760055714,1.8389738942957856
933,55,1078.630192640985,86406,1016.4832760055714,1.8389738942957856
933,50,1089.8745748668669,78694,1016.4832760055714,1.8389738942957856
933,45,1096.9340913005774,70974,1016.4832760055714,1.8389738942957856
933,40,1124.4612330924413,63253,1016.4832760055714,1.8389738942957856
933,35,1145.5685419877618,55533,1016.4832760055714,1.8389738942957856
933,30,1158.2065093784508,47821,1016.4832760055714,1.8389738942957856
933,25,1251.0708232385823,40101,1016.4832760055714,1.8389738942957856
933,20,1270.5877902666766,32380,1016.4832760055714,1.8389738942957856
933,15,1341.3547347207618,24660,1016.4832760055714,1.8389738942957856
933,10,1592.5250276119746,16948,1016.4832760055714,1.8389738942957856
933,5,1869.286208562504,9228,1016.4832760055714,1.8389738942957856
934,80,1020.1509790525404,125000,1020.1509790525404,1.8486251191780727
934,75,1052.7987741345614,117279,1020.1509790525404,1.8486251191780727
934,70,1070.525520168018,109567,1020.1509790525404,1.8486251191780727
934,65,1078.878103288955,101847,1020.1509790525404,1.8486251191780727
934,60,1092.173002201504,94126,1020.1509790525404,1.8486251191780727
934,55,1102.8015514200754,86406,1020.1509790525404,1.8486251191780727
934,50,1114.3265658182174,78694,1020.1509790525404,1.8486251191780727
934,45,1121.461505721271,70974,1020.1509790525404,1.8486251191780727
934,40,1154.815292222135,63253,1020.1509790525404,1.8486251191780727
934,35,1171.3435761061307,55533,1020.1509790525404,1.8486251191780727
934,30,1180.6410669937302,47821,1020.1509790525404,1.8486251191780727
934,25,1257.125554569218,40101,1020.1509790525404,1.8486251191780727
934,20,1274.7066456542595,32380,1020.1509790525404,1.8486251191780727
934,15,1364.9666927903568,24660,1020.1509790525404,1.8486251191780727
934,10,1602.7111754915095,16948,1020.1509790525404,1.8486251191780727
934,5,1885.8767252306304,9228,1020.1509790525404,1.8486251191780727
935,80,1026.3941015928426,125000,1026.3941015928426,1.8349982083310823
935,75,1057.9995931425706,117279,1026.3941015928426,1.8349982083310823
935,70,1079.9794423689316,109567,1026.3941015928426,1.8349982083310823
935,65,1087.176134698913,101847,1026.3941015928426,1.8349982083310823
935,60,1102.0585851165283,94126,1026.3941015928426,1.8349982083310823
935,55,1110.8082159807186,86406,1026.3941015928426,1.8349982083310823
935,50,1127.2908346740246,78694,1026.3941015928426,1.8349982083310823
935,45,1135.486553901087,70974,1026.3941015928426,1.8349982083310823
935,40,1169.6514408675337,63253,1026.3941015928426,1.8349982083310823
935,35,1180.0119042927035,55533,1026.3941015928426,1.8349982083310823
935,30,1186.7297631442757,47821,1026.3941015928426,1.8349982083310823
935,25,1252.456515790238,40101,1026.3941015928426,1.8349982083310823
935,20,1268.1488163531797,32380,1026.3941015928426,1.8349982083310823
935,15,1383.1412303702082,24660,1026.3941015928426,1.8349982083310823
935,10,1591.1836843510184,16948,1026.3941015928426,1.8349982083310823
935,5,1883.431337464457,9228,1026.3941015928426,1.8349982083310823
936,80,999.8741413349976,125000,999.8741413349976,1.854727526356164
936,75,1024.9021545452258,117279,999.8741413349976,1.854727526356164
936,70,1047.645609476167,109567,999.8741413349976,1.854727526356164
936,65,1053.5962446550086,101847,999.8741413349976,1.854727526356164
936,60,1072.90125552192,94126,999.8741413349976,1.854727526356164
936,55,1080.8725543798548,86406,999.8741413349976,1.854727526356164
936,50,1102.7988783415376,78694,999.8741413349976,1.854727526356164
936,45,1109.5391669421576,70974,999.8741413349976,1.854727526356164
936,40,1143.7182431608323,63253,999.8741413349976,1.854727526356164
936,35,1149.502238871008,55533,999.8741413349976,1.854727526356164
936,30,1159.1128579034328,47821,999.8741413349976,1.854727526356164
936,25,1223.5795357076915,40101,999.8741413349976,1.854727526356164
936,20,1238.7162685450144,32380,999.8741413349976,1.854727526356164
936,15,1382.593582787183,24660,999.8741413349976,1.854727526356164
936,10,1560.9282594200563,16948,999.8741413349976,1.854727526356164
936,5,1854.494092825753,9228,999.8741413349976,1.854727526356164
937,80,956.9729668561675,125000,956.9729668561675,1.905871871892851
937,75,975.9164340636,117279,956.9729668561675,1.905871871892851
937,70,1000.7019131888916,109567,956.9729668561675,1.905871871892851
937,65,1006.8494291778848,101847,956.9729668561675,1.905871871892851
937,60,1033.3667169470466,94126,956.9729668561675,1.905871871892851
937,55,1040.146402376214,86406,956.9729668561675,1.905871871892851
937,50,1065.0720932353097,78694,956.9729668561675,1.905871871892851
937,45,1070.2706668465053,70974,956.9729668561675,1.905871871892851
937,40,1100.3452690553297,63253,956.9729668561675,1.905871871892851
937,35,1105.9787254731843,55533,956.9729668561675,1.905871871892851
937,30,1123.9351036435648,47821,956.9729668561675,1.905871871892851
937,25,1190.5734243919535,40101,956.9729668561675,1.905871871892851
937,20,1210.604798356018,32380,956.9729668561675,1.905871871892851
937,15,1370.65973488297,24660,956.9729668561675,1.905871871892851
937,10,1527.829200050832,16948,956.9729668561675,1.905871871892851
937,5,1823.8678596930192,9228,956.9729668561675,1.905871871892851
938,80,903.786912367162,125000,903.786912367162,2.008207749310518
938,75,925.1478310829874,117279,903.786912367162,2.008207749310518
938,70,958.412300426403,109567,903.786912367162,2.008207749310518
938,65,962.5319131943407,101847,903.786912367162,2.008207749310518
938,60,996.4407250169736,94126,903.786912367162,2.008207749310518
938,55,1000.831899090715,86406,903.786912367162,2.008207749310518
938,50,1030.3572337762423,78694,903.786912367162,2.008207749310518
938,45,1036.5344944515466,70974,903.786912367162,2.008207749310518
938,40,1062.4698112034202,63253,903.786912367162,2.008207749310518
938,35,1070.929662223093,55533,903.786912367162,2.008207749310518
938,30,1107.81834989712,47821,903.786912367162,2.008207749310518
938,25,1171.7131286300375,40101,903.786912367162,2.008207749310518
938,20,1196.6555689820457,32380,903.786912367162,2.008207749310518
938,15,1381.9510664258182,24660,903.786912367162,2.008207749310518
938,10,1525.0533412862392,16948,903.786912367162,2.008207749310518
938,5,1814.9918811411608,9228,903.786912367162,2.008207749310518
939,80,753.71639865653,125000,753.71639865653,2.4403553352185705
939,75,791.4516518607214,117279,753.71639865653,2.4403553352185705
939,70,822.2291589364819,109567,753.71639865653,2.4403553352185705
939,65,826.4170532221233,101847,753.71639865653,2.4403553352185705
939,60,880.2075124092669,94126,753.71639865653,2.4403553352185705
939,55,891.1896840942228,86406,753.71639865653,2.4403553352185705
939,50,920.441384812761,78694,753.71639865653,2.4403553352185705
939,45,929.0089739984396,70974,753.71639865653,2.4403553352185705
939,40,950.1999579261196,63253,753.71639865653,2.4403553352185705
939,35,971.6499491945856,55533,753.71639865653,2.4403553352185705
939,30,1040.0355183568709,47821,753.71639865653,2.4403553352185705
939,25,1116.915955200071,40101,753.71639865653,2.4403553352185705
939,20,1137.265272032015,32380,753.71639865653,2.4403553352185705
939,15,1380.0515163186549,24660,753.71639865653,2.4403553352185705
939,10,1517.7529149021304,16948,753.71639865653,2.4403553352185705
939,5,1839.33583470319,9228,753.71639865653,2.4403553352185705
941,80,655.3899997567748,125000,655.3899997567748,2.908905312209186
941,75,702.8174389397021,117279,655.3899997567748,2.908905312209186
941,70,724.6279016197161,109567,655.3899997567748,2.908905312209186
941,65,726.9388807775246,101847,655.3899997567748,2.908905312209186
941,60,772.5187976526187,94126,655.3899997567748,2.908905312209186
941,55,794.5133120365808,86406,655.3899997567748,2.908905312209186
941,50,830.7507845353803,78694,655.3899997567748,2.908905312209186
941,45,834.3446375318837,70974,655.3899997567748,2.908905312209186
941,40,857.4806488601942,63253,655.3899997567748,2.908905312209186
941,35,885.9855672490277,55533,655.3899997567748,2.908905312209186
941,30,992.5249097128236,47821,655.3899997567748,2.908905312209186
941,25,1071.2307870561517,40101,655.3899997567748,2.908905312209186
941,20,1095.2358510663587,32380,655.3899997567748,2.908905312209186
941,15,1379.0262511340936,24660,655.3899997567748,2.908905312209186
941,10,1537.3940094408772,16948,655.3899997567748,2.908905312209186
941,5,1906.4674518612596,9228,655.3899997567748,2.908905312209186
943,80,729.6466150732515,125000,729.6466150732515,2.5984428966562345
943,75,746.1341613515605,117279,729.6466150732515,2.5984428966562345
943,70,761.4737253597157,109567,729.6466150732515,2.5984428966562345
943,65,770.6412892842483,101847,729.6466150732515,2.5984428966562345
943,60,788.6188742941066,94126,729.6466150732515,2.5984428966562345
943,55,804.456652400307,86406,729.6466150732515,2.5984428966562345
943,50,837.783546188225,78694,729.6466150732515,2.5984428966562345
943,45,841.6370841274985,70974,729.6466150732515,2.5984428966562345
943,40,857.0678993983802,63253,729.6466150732515,2.5984428966562345
943,35,874.4241333947374,55533,729.6466150732515,2.5984428966562345
943,30,979.1284171653784,47821,729.6466150732515,2.5984428966562345
943,25,1080.1331131463114,40101,729.6466150732515,2.5984428966562345
943,20,1105.5527366841834,32380,729.6466150732515,2.5984428966562345
943,15,1355.6163436110376,24660,729.6466150732515,2.5984428966562345
943,10,1532.7108254917307,16948,729.6466150732515,2.5984428966562345
943,5,1895.945064006356,9228,729.6466150732515,2.5984428966562345
944,80,731.3330904697696,125000,731.3330904697696,2.545720245153121
944,75,738.4048898109644,117279,731.3330904697696,2.545720245153121
944,70,745.3526985770252,109567,731.3330904697696,2.545720245153121
944,65,762.5073484581806,101847,731.3330904697696,2.545720245153121
944,60,768.4718271562672,94126,731.3330904697696,2.545720245153121
944,55,791.5047140095445,86406,731.3330904697696,2.545720245153121
944,50,811.5638053395014,78694,731.3330904697696,2.545720245153121
944,45,822.4735404852204,70974,731.3330904697696,2.545720245153121
944,40,830.0189493978897,63253,731.3330904697696,2.545720245153121
944,35,845.9823059802987,55533,731.3330904697696,2.545720245153121
944,30,951.9973096902662,47821,731.3330904697696,2.545720245153121
944,25,1081.1555964476684,40101,731.3330904697696,2.545720245153121
944,20,1105.4191945130538,32380,731.3330904697696,2.545720245153121
944,15,1329.1369346971676,24660,731.3330904697696,2.545720245153121
944,10,1504.064757163938,16948,731.3330904697696,2.545720245153121
944,5,1861.769454359292,9228,731.3330904697696,2.545720245153121
946,80,595.6056915067326,125000,595.6056915067326,3.032863312248125
946,75,608.9510062741405,117279,595.6056915067326,3.032863312248125
946,70,618.2969151821176,109567,595.6056915067326,3.032863312248125
946,65,646.4654247615092,101847,595.6056915067326,3.032863312248125
946,60,648.5695291193113,94126,595.6056915067326,3.032863312248125
946,55,692.0856799001797,86406,595.6056915067326,3.032863312248125
946,50,706.8241844693747,78694,595.6056915067326,3.032863312248125
946,45,736.0723495250297,70974,595.6056915067326,3.032863312248125
946,40,744.592199755868,63253,595.6056915067326,3.032863312248125
946,35,773.5503438889525,55533,595.6056915067326,3.032863312248125
946,30,888.1258051718909,47821,595.6056915067326,3.032863312248125
946,25,1071.5909118248524,40101,595.6056915067326,3.032863312248125
946,20,1091.0272654475068,32380,595.6056915067326,3.032863312248125
946,15,1266.3504994223986,24660,595.6056915067326,3.032863312248125
946,10,1452.450701363094,16948,595.6056915067326,3.032863312248125
946,5,1806.390650336944,9228,595.6056915067326,3.032863312248125
947,80,524.6272024166802,125000,524.6272024166802,3.410048261776748
947,75,557.2599048557807,117279,524.6272024166802,3.410048261776748
947,70,578.5276486884525,109567,524.6272024166802,3.410048261776748
947,65,612.4966886000673,101847,524.6272024166802,3.410048261776748
947,60,616.9537199749036,94126,524.6272024166802,3.410048261776748
947,55,660.054730056486,86406,524.6272024166802,3.410048261776748
947,50,677.2546065820538,78694,524.6272024166802,3.410048261776748
947,45,717.1134933943927,70974,524.6272024166802,3.410048261776748
947,40,727.6407809348773,63253,524.6272024166802,3.410048261776748
947,35,762.3282990605792,55533,524.6272024166802,3.410048261776748
947,30,871.5661052581966,47821,524.6272024166802,3.410048261776748
947,25,1078.6824992743552,40101,524.6272024166802,3.410048261776748
947,20,1096.9751753189942,32380,524.6272024166802,3.410048261776748
947,15,1253.694153639062,24660,524.6272024166802,3.410048261776748
947,10,1446.3967302288409,16948,524.6272024166802,3.410048261776748
947,5,1789.0040796817989,9228,524.6272024166802,3.410048261776748
948,80,418.2981217605287,125000,418.2981217605287,4.240240956060915
948,75,473.7204875325421,117279,418.2981217605287,4.240240956060915
948,70,514.594553932267,109567,418.2981217605287,4.240240956060915
948,65,556.7268627764281,101847,418.2981217605287,4.240240956060915
948,60,565.2972313529681,94126,418.2981217605287,4.240240956060915
948,55,611.1426704483966,86406,418.2981217605287,4.240240956060915
948,50,636.6670522220825,78694,418.2981217605287,4.240240956060915
948,45,688.0496341777748,70974,418.2981217605287,4.240240956060915
948,40,700.4197983433601,63253,418.2981217605287,4.240240956060915
948,35,740.9455048880568,55533,418.2981217605287,4.240240956060915
948,30,846.1863756084109,47821,418.2981217605287,4.240240956060915
948,25,1080.316981376788,40101,418.2981217605287,4.240240956060915
948,20,1098.3225705678724,32380,418.2981217605287,4.240240956060915
948,15,1244.5242297620148,24660,418.2981217605287,4.240240956060915
948,10,1442.686245912611,16948,418.2981217605287,4.240240956060915
948,5,1773.6848277323493,9228,418.2981217605287,4.240240956060915
950,80,348.149851994281,125000,348.149851994281,5.009516230792325
950,75,424.1883116446717,117279,348.149851994281,5.009516230792325
950,70,475.5660929523008,109567,348.149851994281,5.009516230792325
950,65,522.9412481735162,101847,348.149851994281,5.009516230792325
950,60,542.8294762792245,94126,348.149851994281,5.009516230792325
950,55,593.5534261676597,86406,348.149851994281,5.009516230792325
950,50,630.8805580639158,78694,348.149851994281,5.009516230792325
950,45,694.461840099284,70974,348.149851994281,5.009516230792325
950,40,708.8254502206455,63253,348.149851994281,5.009516230792325
950,35,759.5993166225775,55533,348.149851994281,5.009516230792325
950,30,857.0218506352046,47821,348.149851994281,5.009516230792325
950,25,1095.1672624295418,40101,348.149851994281,5.009516230792325
950,20,1112.5150142728485,32380,348.149851994281,5.009516230792325
950,15,1246.6309449351952,24660,348.149851994281,5.009516230792325
950,10,1451.5157492207554,16948,348.149851994281,5.009516230792325
950,5,1744.0623343132966,9228,348.149851994281,5.009516230792325
951,80,349.88534723062605,125000,349.88534723062605,4.956990873180141
951,75,428.6556017887923,117279,349.88534723062605,4.956990873180141
951,70,478.3007926042854,109567,349.88534723062605,4.956990873180141
951,65,523.6569509638774,101847,349.88534723062605,4.956990873180141
951,60,546.1869454870944,94126,349.88534723062605,4.956990873180141
951,55,596.1565699185768,86406,349.88534723062605,4.956990873180141
951,50,638.5589297070984,78694,349.88534723062605,4.956990873180141
951,45,701.3264694027753,70974,349.88534723062605,4.956990873180141
951,40,716.5768601687237,63253,349.88534723062605,4.956990873180141
951,35,771.0817908919333,55533,349.88534723062605,4.956990873180141
951,30,862.4522406987081,47821,349.88534723062605,4.956990873180141
951,25,1098.5562000387563,40101,349.88534723062605,4.956990873180141
951,20,1116.0367065284524,32380,349.88534723062605,4.956990873180141
951,15,1246.2561784693248,24660,349.88534723062605,4.956990873180141
951,10,1449.9246948529385,16948,349.88534723062605,4.956990873180141
951,5,1734.3784728816777,9228,349.88534723062605,4.956990873180141
953,80,429.49029289194766,125000,429.49029289194766,4.019788456880835
953,75,497.0276829396673,117279,429.49029289194766,4.019788456880835
953,70,540.347403231573,109567,429.49029289194766,4.019788456880835
953,65,578.4739179136532,101847,429.49029289194766,4.019788456880835
953,60,601.1526807901521,94126,429.49029289194766,4.019788456880835
953,55,642.46927605781,86406,429.49029289194766,4.019788456880835
953,50,689.6755806902645,78694,429.49029289194766,4.019788456880835
953,45,746.1065123513126,70974,429.49029289194766,4.019788456880835
953,40,758.5881299120139,63253,429.49029289194766,4.019788456880835
953,35,810.265105657005,55533,429.49029289194766,4.019788456880835
953,30,891.782334770541,47821,429.49029289194766,4.019788456880835
953,25,1113.9433919763042,40101,429.49029289194766,4.019788456880835
953,20,1130.7451058951824,32380,429.49029289194766,4.019788456880835
953,15,1249.8565058801998,24660,429.49029289194766,4.019788456880835
953,10,1448.6793022935608,16948,429.49029289194766,4.019788456880835
953,5,1726.4601217094198,9228,429.49029289194766,4.019788456880835
954,80,486.328572891413,125000,486.328572891413,3.548211774527218
954,75,546.2271024621289,117279,486.328572891413,3.548211774527218
954,70,584.8928517050672,109567,486.328572891413,3.548211774527218
954,65,618.6991264025468,101847,486.328572891413,3.548211774527218
954,60,638.9099955102546,94126,486.328572891413,3.548211774527218
954,55,674.869176180525,86406,486.328572891413,3.548211774527218
954,50,721.3089192583911,78694,486.328572891413,3.548211774527218
954,45,772.7702520046296,70974,486.328572891413,3.548211774527218
954,40,784.1578758060277,63253,486.328572891413,3.548211774527218
954,35,831.3842303796492,55533,486.328572891413,3.548211774527218
954,30,907.9058419549932,47821,486.328572891413,3.548211774527218
954,25,1121.7447816173913,40101,486.328572891413,3.548211774527218
954,20,1139.0845976096252,32380,486.328572891413,3.548211774527218
954,15,1251.946008345365,24660,486.328572891413,3.548211774527218
954,10,1449.3049879660905,16948,486.328572891413,3.548211774527218
954,5,1725.59676862233,9228,486.328572891413,3.548211774527218
955,80,531.8180031243324,125000,531.8180031243324,3.2464297723399977
955,75,586.4801489955087,117279,531.8180031243324,3.2464297723399977
955,70,621.3167608267166,109567,531.8180031243324,3.2464297723399977
955,65,652.1870582604769,101847,531.8180031243324,3.2464297723399977
955,60,670.3409633132361,94126,531.8180031243324,3.2464297723399977
955,55,702.5730676438465,86406,531.8180031243324,3.2464297723399977
955,50,748.6209514514004,78694,531.8180031243324,3.2464297723399977
955,45,797.9386260865258,70974,531.8180031243324,3.2464297723399977
955,40,809.0128994258332,63253,531.8180031243324,3.2464297723399977
955,35,851.3832576752498,55533,531.8180031243324,3.2464297723399977
955,30,923.9086275065788,47821,531.8180031243324,3.2464297723399977
955,25,1130.9545769803908,40101,531.8180031243324,3.2464297723399977
955,20,1148.9891222086935,32380,531.8180031243324,3.2464297723399977
955,15,1256.560511408339,24660,531.8180031243324,3.2464297723399977
955,10,1454.1524213220566,16948,531.8180031243324,3.2464297723399977
955,5,1726.5097988092389,9228,531.8180031243324,3.2464297723399977
956,80,568.3528729447487,125000,568.3528729447487,3.0427593896283085
956,75,618.4469697679671,117279,568.3528729447487,3.0427593896283085
956,70,649.6496734762618,109567,568.3528729447487,3.0427593896283085
956,65,680.9136119251199,101847,568.3528729447487,3.0427593896283085
956,60,697.410688703495,94126,568.3528729447487,3.0427593896283085
956,55,728.1597826547386,86406,568.3528729447487,3.0427593896283085
956,50,774.5482838682057,78694,568.3528729447487,3.0427593896283085
956,45,821.4984297635668,70974,568.3528729447487,3.0427593896283085
956,40,831.5451678729477,63253,568.3528729447487,3.0427593896283085
956,35,871.9059872358903,55533,568.3528729447487,3.0427593896283085
956,30,940.2742319314432,47821,568.3528729447487,3.0427593896283085
956,25,1140.102418819678,40101,568.3528729447487,3.0427593896283085
956,20,1158.775414664806,32380,568.3528729447487,3.0427593896283085
956,15,1263.6689390409524,24660,568.3528729447487,3.0427593896283085
956,10,1461.070914422536,16948,568.3528729447487,3.0427593896283085
956,5,1729.361040774859,9228,568.3528729447487,3.0427593896283085
957,80,597.2433001538735,125000,597.2433001538735,2.927167479157697
957,75,646.0460951438356,117279,597.2433001538735,2.927167479157697
957,70,674.0413071125546,109567,597.2433001538735,2.927167479157697
957,65,704.5014278334802,101847,597.2433001538735,2.927167479157697
957,60,721.9865184574468,94126,597.2433001538735,2.927167479157697
957,55,751.2358217150895,86406,597.2433001538735,2.927167479157697
957,50,795.427967347432,78694,597.2433001538735,2.927167479157697
957,45,839.4472605443873,70974,597.2433001538735,2.927167479157697
957,40,847.226640255826,63253,597.2433001538735,2.927167479157697
957,35,885.0795602225816,55533,597.2433001538735,2.927167479157697
957,30,955.1101823164396,47821,597.2433001538735,2.927167479157697
957,25,1152.3835871638094,40101,597.2433001538735,2.927167479157697
957,20,1172.4427951917949,32380,597.2433001538735,2.927167479157697
957,15,1277.1801611360122,24660,597.2433001538735,2.927167479157697
957,10,1464.6608950824932,16948,597.2433001538735,2.927167479157697
957,5,1748.2311653552376,9228,597.2433001538735,2.927167479157697
958,80,612.8061686005576,125000,612.8061686005576,2.858719643136775
958,75,660.7898965416224,117279,612.8061686005576,2.858719643136775
958,70,687.8215579062457,109567,612.8061686005576,2.858719643136775
958,65,719.8791161498964,101847,612.8061686005576,2.858719643136775
958,60,736.0128235451465,94126,612.8061686005576,2.858719643136775
958,55,766.5581485045275,86406,612.8061686005576,2.858719643136775
958,50,810.6655742264115,78694,612.8061686005576,2.858719643136775
958,45,852.4847067464408,70974,612.8061686005576,2.858719643136775
958,40,860.5953354476754,63253,612.8061686005576,2.858719643136775
958,35,900.364437768783,55533,612.8061686005576,2.858719643136775
958,30,967.2879751798856,47821,612.8061686005576,2.858719643136775
958,25,1163.765812545318,40101,612.8061686005576,2.858719643136775
958,20,1182.734377143957,32380,612.8061686005576,2.858719643136775
958,15,1284.1269443412557,24660,612.8061686005576,2.858719643136775
958,10,1476.988170791927,16948,612.8061686005576,2.858719643136775
958,5,1751.8410316138006,9228,612.8061686005576,2.858719643136775
959,80,593.059372396964,125000,593.059372396964,2.940885742941176
959,75,641.0944978064528,117279,593.059372396964,2.940885742941176
959,70,669.3340730072008,109567,593.059372396964,2.940885742941176
959,65,704.0815811594049,101847,593.059372396964,2.940885742941176
959,60,719.427011167326,94126,593.059372396964,2.940885742941176
959,55,751.1407529052219,86406,593.059372396964,2.940885742941176
959,50,794.3504401839554,78694,593.059372396964,2.940885742941176
959,45,836.6981961006583,70974,593.059372396964,2.940885742941176
959,40,846.3082831885638,63253,593.059372396964,2.940885742941176
959,35,887.2380199537806,55533,593.059372396964,2.940885742941176
959,30,954.2252964773928,47821,593.059372396964,2.940885742941176
959,25,1148.8236178271486,40101,593.059372396964,2.940885742941176
959,20,1168.1364478514697,32380,593.059372396964,2.940885742941176
959,15,1271.534924790286,24660,593.059372396964,2.940885742941176
959,10,1469.2779789365347,16948,593.059372396964,2.940885742941176
959,5,1744.119852999873,9228,593.059372396964,2.940885742941176
960,80,554.4223970149301,125000,554.4223970149301,3.135861025633894
960,75,604.289645796935,117279,554.4223970149301,3.135861025633894
960,70,634.9334760758228,109567,554.4223970149301,3.135861025633894
960,65,672.3066823039078,101847,554.4223970149301,3.135861025633894
960,60,687.1201475419601,94126,554.4223970149301,3.135861025633894
960,55,720.6384938829592,86406,554.4223970149301,3.135861025633894
960,50,762.8011462356732,78694,554.4223970149301,3.135861025633894
960,45,806.6935406590585,70974,554.4223970149301,3.135861025633894
960,40,818.3251153382403,63253,554.4223970149301,3.135861025633894
960,35,861.2234521718902,55533,554.4223970149301,3.135861025633894
960,30,932.118001010215,47821,554.4223970149301,3.135861025633894
960,25,1132.744830726527,40101,554.4223970149301,3.135861025633894
960,20,1153.845783928623,32380,554.4223970149301,3.135861025633894
960,15,1261.7821983537942,24660,554.4223970149301,3.135861025633894
960,10,1459.1986157897857,16948,554.4223970149301,3.135861025633894
960,5,1738.5915865376403,9228,554.4223970149301,3.135861025633894
961,80,532.9019436863462,125000,532.9019436863462,3.2536363015734717
961,75,585.5159792461388,117279,532.9019436863462,3.2536363015734717
961,70,617.6801006729154,109567,532.9019436863462,3.2536363015734717
961,65,655.3450320406578,101847,532.9019436863462,3.2536363015734717
961,60,670.0892943764804,94126,532.9019436863462,3.2536363015734717
961,55,703.5586379631071,86406,532.9019436863462,3.2536363015734717
961,50,742.9850875901176,78694,532.9019436863462,3.2536363015734717
961,45,785.7115113247831,70974,532.9019436863462,3.2536363015734717
961,40,798.936706231568,63253,532.9019436863462,3.2536363015734717
961,35,842.1722504164018,55533,532.9019436863462,3.2536363015734717
961,30,917.0732674916442,47821,532.9019436863462,3.2536363015734717
961,25,1121.728425722831,40101,532.9019436863462,3.2536363015734717
961,20,1143.3316043697162,32380,532.9019436863462,3.2536363015734717
961,15,1255.5168430656083,24660,532.9019436863462,3.2536363015734717
961,10,1451.5633607857708,16948,532.9019436863462,3.2536363015734717
961,5,1733.8691091569576,9228,532.9019436863462,3.2536363015734717
962,80,537.6000806403586,125000,537.6000806403586,3.234929628632526
962,75,590.5769068122219,117279,537.6000806403586,3.234929628632526
962,70,624.3305975727253,109567,537.6000806403586,3.234929628632526
962,65,660.0861191739409,101847,537.6000806403586,3.234929628632526
962,60,675.5198811411943,94126,537.6000806403586,3.234929628632526
962,55,710.617993758691,86406,537.6000806403586,3.234929628632526
962,50,747.6955057473835,78694,537.6000806403586,3.234929628632526
962,45,787.1700614577258,70974,537.6000806403586,3.234929628632526
962,40,801.6608895059072,63253,537.6000806403586,3.234929628632526
962,35,844.6768190099793,55533,537.6000806403586,3.234929628632526
962,30,920.1729529504736,47821,537.6000806403586,3.234929628632526
962,25,1126.7276827900578,40101,537.6000806403586,3.234929628632526
962,20,1147.766338085176,32380,537.6000806403586,3.234929628632526
962,15,1261.0234452047357,24660,537.6000806403586,3.234929628632526
962,10,1456.217252948083,16948,537.6000806403586,3.234929628632526
962,5,1739.0984292187316,9228,537.6000806403586,3.234929628632526
963,80,557.2324972462098,125000,557.2324972462098,3.118786375741217
963,75,607.6273475311882,117279,557.2324972462098,3.118786375741217
963,70,639.2878999272648,109567,557.2324972462098,3.118786375741217
963,65,673.5918723100663,101847,557.2324972462098,3.118786375741217
963,60,689.1275794427435,94126,557.2324972462098,3.118786375741217
963,55,721.8725391338075,86406,557.2324972462098,3.118786375741217
963,50,756.9383186944443,78694,557.2324972462098,3.118786375741217
963,45,794.9161564269223,70974,557.2324972462098,3.118786375741217
963,40,808.2999925438987,63253,557.2324972462098,3.118786375741217
963,35,851.0481195608941,55533,557.2324972462098,3.118786375741217
963,30,925.6626298881451,47821,557.2324972462098,3.118786375741217
963,25,1132.7919820815675,40101,557.2324972462098,3.118786375741217
963,20,1151.745020273226,32380,557.2324972462098,3.118786375741217
963,15,1265.8348539561698,24660,557.2324972462098,3.118786375741217
963,10,1458.8656080672863,16948,557.2324972462098,3.118786375741217
963,5,1737.8891205317343,9228,557.2324972462098,3.118786375741217
964,80,586.1250163431182,125000,586.1250163431182,2.968635809769851
964,75,633.3536172994889,117279,586.1250163431182,2.968635809769851
964,70,662.7587526863408,109567,586.1250163431182,2.968635809769851
964,65,694.5367033909486,101847,586.1250163431182,2.968635809769851
964,60,709.5671883557853,94126,586.1250163431182,2.968635809769851
964,55,740.4031209395368,86406,586.1250163431182,2.968635809769851
964,50,772.7636549675005,78694,586.1250163431182,2.968635809769851
964,45,808.4260291149543,70974,586.1250163431182,2.968635809769851
964,40,821.6913370107208,63253,586.1250163431182,2.968635809769851
964,35,862.5015834529232,55533,586.1250163431182,2.968635809769851
964,30,937.0489425785968,47821,586.1250163431182,2.968635809769851
964,25,1144.0138150812536,40101,586.1250163431182,2.968635809769851
964,20,1161.223209190669,32380,586.1250163431182,2.968635809769851
964,15,1276.1848672828191,24660,586.1250163431182,2.968635809769851
964,10,1466.3111699970168,16948,586.1250163431182,2.968635809769851
964,5,1739.99171251812,9228,586.1250163431182,2.968635809769851
965,80,604.2786524022425,125000,604.2786524022425,2.8828360562295976
965,75,647.9756713608958,117279,604.2786524022425,2.8828360562295976
965,70,675.7444802752802,109567,604.2786524022425,2.8828360562295976
965,65,706.5034200413814,101847,604.2786524022425,2.8828360562295976
965,60,721.1391258558965,94126,604.2786524022425,2.8828360562295976
965,55,750.0698404682454,86406,604.2786524022425,2.8828360562295976
965,50,780.7884216239822,78694,604.2786524022425,2.8828360562295976
965,45,814.7375226159004,70974,604.2786524022425,2.8828360562295976
965,40,828.1124635888572,63253,604.2786524022425,2.8828360562295976
965,35,868.2083427262695,55533,604.2786524022425,2.8828360562295976
965,30,941.8746281679092,47821,604.2786524022425,2.8828360562295976
965,25,1148.6274864058655,40101,604.2786524022425,2.8828360562295976
965,20,1165.9906427010371,32380,604.2786524022425,2.8828360562295976
965,15,1281.499973073295,24660,604.2786524022425,2.8828360562295976
965,10,1469.6327903862389,16948,604.2786524022425,2.8828360562295976
965,5,1742.036287155017,9228,604.2786524022425,2.8828360562295976
966,80,599.8432826334508,125000,599.8432826334508,2.900909466992478
966,75,642.540542177146,117279,599.8432826334508,2.900909466992478
966,70,670.0222705099984,109567,599.8432826334508,2.900909466992478
966,65,702.1701398580027,101847,599.8432826334508,2.900909466992478
966,60,715.9222177973716,94126,599.8432826334508,2.900909466992478
966,55,743.4723261236645,86406,599.8432826334508,2.900909466992478
966,50,773.3522625539512,78694,599.8432826334508,2.900909466992478
966,45,807.8765231233048,70974,599.8432826334508,2.900909466992478
966,40,822.1514260790003,63253,599.8432826334508,2.900909466992478
966,35,860.8854865497856,55533,599.8432826334508,2.900909466992478
966,30,935.372875452913,47821,599.8432826334508,2.900909466992478
966,25,1140.849819714706,40101,599.8432826334508,2.900909466992478
966,20,1159.9639535797771,32380,599.8432826334508,2.900909466992478
966,15,1275.6352060218765,24660,599.8432826334508,2.900909466992478
966,10,1463.6905138444074,16948,599.8432826334508,2.900909466992478
966,5,1740.0910573032222,9228,599.8432826334508,2.900909466992478
967,80,593.5677071291711,125000,593.5677071291711,2.9311971996227943
967,75,635.7354056616339,117279,593.5677071291711,2.9311971996227943
967,70,663.0223724774849,109567,593.5677071291711,2.9311971996227943
967,65,696.7595823193636,101847,593.5677071291711,2.9311971996227943
967,60,709.6582468376475,94126,593.5677071291711,2.9311971996227943
967,55,736.3578030704576,86406,593.5677071291711,2.9311971996227943
967,50,765.6423574773694,78694,593.5677071291711,2.9311971996227943
967,45,800.8730829979731,70974,593.5677071291711,2.9311971996227943
967,40,816.1289261502218,63253,593.5677071291711,2.9311971996227943
967,35,852.8724528423779,55533,593.5677071291711,2.9311971996227943
967,30,929.3374640671932,47821,593.5677071291711,2.9311971996227943
967,25,1133.5722655974023,40101,593.5677071291711,2.9311971996227943
967,20,1154.2065514272876,32380,593.5677071291711,2.9311971996227943
967,15,1270.3910925703926,24660,593.5677071291711,2.9311971996227943
967,10,1458.3807506324636,16948,593.5677071291711,2.9311971996227943
967,5,1739.8640009235494,9228,593.5677071291711,2.9311971996227943
968,80,589.4559686354631,125000,589.4559686354631,2.9539358908907154
968,75,631.3334085292016,117279,589.4559686354631,2.9539358908907154
968,70,657.7941319265949,109567,589.4559686354631,2.9539358908907154
968,65,692.9763235163376,101847,589.4559686354631,2.9539358908907154
968,60,705.1942426999317,94126,589.4559686354631,2.9539358908907154
968,55,732.0759056073173,86406,589.4559686354631,2.9539358908907154
968,50,761.3549216661228,78694,589.4559686354631,2.9539358908907154
968,45,797.6155131262776,70974,589.4559686354631,2.9539358908907154
968,40,813.4651505023928,63253,589.4559686354631,2.9539358908907154
968,35,847.9938774531605,55533,589.4559686354631,2.9539358908907154
968,30,925.2049825810004,47821,589.4559686354631,2.9539358908907154
968,25,1129.2466859294548,40101,589.4559686354631,2.9539358908907154
968,20,1150.505438901402,32380,589.4559686354631,2.9539358908907154
968,15,1267.857036562815,24660,589.4559686354631,2.9539358908907154
968,10,1455.3611398304404,16948,589.4559686354631,2.9539358908907154
968,5,1741.2151418520464,9228,589.4559686354631,2.9539358908907154
969,80,591.4278258435866,125000,591.4278258435866,2.9468756631011144
969,75,632.1626704778589,117279,591.4278258435866,2.9468756631011144
969,70,659.0871725500584,109567,591.4278258435866,2.9468756631011144
969,65,693.8919913558324,101847,591.4278258435866,2.9468756631011144
969,60,706.0806360202663,94126,591.4278258435866,2.9468756631011144
969,55,733.5624398821062,86406,591.4278258435866,2.9468756631011144
969,50,762.870226932248,78694,591.4278258435866,2.9468756631011144
969,45,800.8326452276791,70974,591.4278258435866,2.9468756631011144
969,40,816.5563412738776,63253,591.4278258435866,2.9468756631011144
969,35,849.4736150657892,55533,591.4278258435866,2.9468756631011144
969,30,926.4113043197112,47821,591.4278258435866,2.9468756631011144
969,25,1132.6517428814416,40101,591.4278258435866,2.9468756631011144
969,20,1154.3039196474188,32380,591.4278258435866,2.9468756631011144
969,15,1270.790911161707,24660,591.4278258435866,2.9468756631011144
969,10,1456.6004832373085,16948,591.4278258435866,2.9468756631011144
969,5,1742.8642664592696,9228,591.4278258435866,2.9468756631011144
970,80,595.1262648710195,125000,595.1262648710195,2.9360825815488205
970,75,633.847601169144,117279,595.1262648710195,2.9360825815488205
970,70,661.1699243205649,109567,595.1262648710195,2.9360825815488205
970,65,696.3607321502166,101847,595.1262648710195,2.9360825815488205
970,60,709.0114802341592,94126,595.1262648710195,2.9360825815488205
970,55,738.5220668774539,86406,595.1262648710195,2.9360825815488205
970,50,769.2743905491636,78694,595.1262648710195,2.9360825815488205
970,45,808.4955997486443,70974,595.1262648710195,2.9360825815488205
970,40,823.2783566250519,63253,595.1262648710195,2.9360825815488205
970,35,855.3649342608835,55533,595.1262648710195,2.9360825815488205
970,30,930.1426540676435,47821,595.1262648710195,2.9360825815488205
970,25,1137.5827215417503,40101,595.1262648710195,2.9360825815488205
970,20,1160.0835168761712,32380,595.1262648710195,2.9360825815488205
970,15,1273.3047092171914,24660,595.1262648710195,2.9360825815488205
970,10,1459.491617127699,16948,595.1262648710195,2.9360825815488205
970,5,1747.3398601100102,9228,595.1262648710195,2.9360825815488205
971,80,620.27072702661,125000,620.27072702661,2.843808959504508
971,75,657.4878405781478,117279,620.27072702661,2.843808959504508
971,70,683.3500180754263,109567,620.27072702661,2.843808959504508
971,65,720.947224877294,101847,620.27072702661,2.843808959504508
971,60,733.2885278897817,94126,620.27072702661,2.843808959504508
971,55,764.3412317402713,86406,620.27072702661,2.843808959504508
971,50,797.2684493858732,78694,620.27072702661,2.843808959504508
971,45,835.0986685767995,70974,620.27072702661,2.843808959504508
971,40,846.9948581465743,63253,620.27072702661,2.843808959504508
971,35,879.5100509382117,55533,620.27072702661,2.843808959504508
971,30,948.48489927797,47821,620.27072702661,2.843808959504508
971,25,1155.50038164147,40101,620.27072702661,2.843808959504508
971,20,1180.3661138307975,32380,620.27072702661,2.843808959504508
971,15,1288.70586667346,24660,620.27072702661,2.843808959504508
971,10,1473.658855024928,16948,620.27072702661,2.843808959504508
971,5,1763.9314508366483,9228,620.27072702661,2.843808959504508
972,80,654.2327462449224,125000,654.2327462449224,2.722402824445617
972,75,693.2108373278128,117279,654.2327462449224,2.722402824445617
972,70,718.154684713431,109567,654.2327462449224,2.722402824445617
972,65,754.1356377962593,101847,654.2327462449224,2.722402824445617
972,60,767.5662902934113,94126,654.2327462449224,2.722402824445617
972,55,797.0050853807031,86406,654.2327462449224,2.722402824445617
972,50,828.6407225967533,78694,654.2327462449224,2.722402824445617
972,45,864.8706223035971,70974,654.2327462449224,2.722402824445617
972,40,874.0911748963385,63253,654.2327462449224,2.722402824445617
972,35,907.2064839828372,55533,654.2327462449224,2.722402824445617
972,30,972.2096588288956,47821,654.2327462449224,2.722402824445617
972,25,1177.7753993411627,40101,654.2327462449224,2.722402824445617
972,20,1203.022302778322,32380,654.2327462449224,2.722402824445617
972,15,1307.286312654791,24660,654.2327462449224,2.722402824445617
972,10,1487.7828367141988,16948,654.2327462449224,2.722402824445617
972,5,1781.0850762219893,9228,654.2327462449224,2.722402824445617
973,80,666.1504193412151,125000,666.1504193412151,2.683015985400945
973,75,704.8684828757664,117279,666.1504193412151,2.683015985400945
973,70,730.6753598774568,109567,666.1504193412151,2.683015985400945
973,65,763.6630107731886,101847,666.1504193412151,2.683015985400945
973,60,777.4701021500246,94126,666.1504193412151,2.683015985400945
973,55,806.9675399659662,86406,666.1504193412151,2.683015985400945
973,50,839.1778893246524,78694,666.1504193412151,2.683015985400945
973,45,875.5339982786777,70974,666.1504193412151,2.683015985400945
973,40,883.6809366166655,63253,666.1504193412151,2.683015985400945
973,35,918.7577534360004,55533,666.1504193412151,2.683015985400945
973,30,982.4518416288092,47821,666.1504193412151,2.683015985400945
973,25,1188.0405786129372,40101,666.1504193412151,2.683015985400945
973,20,1212.1060967620294,32380,666.1504193412151,2.683015985400945
973,15,1313.924485658498,24660,666.1504193412151,2.683015985400945
973,10,1490.3730693322896,16948,666.1504193412151,2.683015985400945
973,5,1787.292223774023,9228,666.1504193412151,2.683015985400945
974,80,898.3967387762773,125000,898.3967387762773,2.554402223488687
974,75,901.6602418289896,117279,898.3967387762773,2.554402223488687
974,70,926.5962439100684,109567,898.3967387762773,2.554402223488687
974,65,936.8216237708986,101847,898.3967387762773,2.554402223488687
974,60,949.38550680014,94126,898.3967387762773,2.554402223488687
974,55,961.0155906939036,86406,898.3967387762773,2.554402223488687
974,50,1004.3038939713964,78694,898.3967387762773,2.554402223488687
974,45,1025.547684225881,70974,898.3967387762773,2.554402223488687
974,40,1066.3685121718302,63253,898.3967387762773,2.554402223488687
974,35,1088.9224344930906,55533,898.3967387762773,2.554402223488687
974,30,1151.2812580946254,47821,898.3967387762773,2.554402223488687
974,25,1274.0456503508458,40101,898.3967387762773,2.554402223488687
974,20,1361.921340686252,32380,898.3967387762773,2.554402223488687
974,15,1684.0621804839948,24660,898.3967387762773,2.554402223488687
974,10,2080.0516575615425,16948,898.3967387762773,2.554402223488687
974,5,2294.866627105108,9228,898.3967387762773,2.554402223488687
975,80,728.4127847760627,125000,728.4127847760627,3.1969467051062086
975,75,742.702569353337,117279,728.4127847760627,3.1969467051062086
975,70,768.3015642600232,109567,728.4127847760627,3.1969467051062086
975,65,777.6266453440437,101847,728.4127847760627,3.1969467051062086
975,60,797.055032370457,94126,728.4127847760627,3.1969467051062086
975,55,814.3005020584552,86406,728.4127847760627,3.1969467051062086
975,50,868.1970346013485,78694,728.4127847760627,3.1969467051062086
975,45,908.4818225111904,70974,728.4127847760627,3.1969467051062086
975,40,981.960595883334,63253,728.4127847760627,3.1969467051062086
975,35,1005.9487654345988,55533,728.4127847760627,3.1969467051062086
975,30,1102.8743005683457,47821,728.4127847760627,3.1969467051062086
975,25,1238.8647398714456,40101,728.4127847760627,3.1969467051062086
975,20,1343.212031854398,32380,728.4127847760627,3.1969467051062086
975,15,1638.285728394967,24660,728.4127847760627,3.1969467051062086
975,10,2037.2331099599896,16948,728.4127847760627,3.1969467051062086
975,5,2328.6968522470715,9228,728.4127847760627,3.1969467051062086
977,80,607.5950852406116,125000,607.5950852406116,3.9047015666184497
977,75,640.6349565358055,117279,607.5950852406116,3.9047015666184497
977,70,678.4808087015301,109567,607.5950852406116,3.9047015666184497
977,65,694.5289287135812,101847,607.5950852406116,3.9047015666184497
977,60,724.098345820443,94126,607.5950852406116,3.9047015666184497
977,55,756.0552736545427,86406,607.5950852406116,3.9047015666184497
977,50,822.5177413633489,78694,607.5950852406116,3.9047015666184497
977,45,877.7772829926976,70974,607.5950852406116,3.9047015666184497
977,40,977.1943724656649,63253,607.5950852406116,3.9047015666184497
977,35,1019.905228421224,55533,607.5950852406116,3.9047015666184497
977,30,1115.5181753543156,47821,607.5950852406116,3.9047015666184497
977,25,1257.547300961258,40101,607.5950852406116,3.9047015666184497
977,20,1366.6739368621404,32380,607.5950852406116,3.9047015666184497
977,15,1656.20996459648,24660,607.5950852406116,3.9047015666184497
977,10,2087.470493446797,16948,607.5950852406116,3.9047015666184497
977,5,2372.477481208686,9228,607.5950852406116,3.9047015666184497
979,80,920.6769042413022,125000,920.6769042413022,2.603454808445028
979,75,935.133643149921,117279,920.6769042413022,2.603454808445028
979,70,971.5590785103532,109567,920.6769042413022,2.603454808445028
979,65,990.7408030122076,101847,920.6769042413022,2.603454808445028
979,60,1010.095811821284,94126,920.6769042413022,2.603454808445028
979,55,1036.6662294266234,86406,920.6769042413022,2.603454808445028
979,50,1090.812476871527,78694,920.6769042413022,2.603454808445028
979,45,1140.4904416632885,70974,920.6769042413022,2.603454808445028
979,40,1238.537856821465,63253,920.6769042413022,2.603454808445028
979,35,1277.8428968006865,55533,920.6769042413022,2.603454808445028
979,30,1352.644144281045,47821,920.6769042413022,2.603454808445028
979,25,1440.7710007849032,40101,920.6769042413022,2.603454808445028
979,20,1520.2896815611846,32380,920.6769042413022,2.603454808445028
979,15,1737.777698612427,24660,920.6769042413022,2.603454808445028
979,10,2181.3840001993167,16948,920.6769042413022,2.603454808445028
979,5,2396.9407133713007,9228,920.6769042413022,2.603454808445028
980,80,1147.6155466079972,125000,1147.6155466079972,2.108228835812602
980,75,1151.9178414838789,117279,1147.6155466079972,2.108228835812602
980,70,1178.3277726740027,109567,1147.6155466079972,2.108228835812602
980,65,1195.9325695911916,101847,1147.6155466079972,2.108228835812602
980,60,1213.7776486055327,94126,1147.6155466079972,2.108228835812602
980,55,1232.2397920221254,86406,1147.6155466079972,2.108228835812602
980,50,1268.8276584824896,78694,1147.6155466079972,2.108228835812602
980,45,1303.257116966793,70974,1147.6155466079972,2.108228835812602
980,40,1393.9025423065104,63253,1147.6155466079972,2.108228835812602
980,35,1433.7900455496606,55533,1147.6155466079972,2.108228835812602
980,30,1499.2430763756106,47821,1147.6155466079972,2.108228835812602
980,25,1558.0823574647104,40101,1147.6155466079972,2.108228835812602
980,20,1624.2478603984584,32380,1147.6155466079972,2.108228835812602
980,15,1806.1913804509447,24660,1147.6155466079972,2.108228835812602
980,10,2228.434499620133,16948,1147.6155466079972,2.108228835812602
980,5,2419.4361877858205,9228,1147.6155466079972,2.108228835812602
981,80,1266.0852200723093,125000,1266.0852200723093,1.90164770914598
981,75,1270.0082533941222,117279,1266.0852200723093,1.90164770914598
981,70,1286.6092560014142,109567,1266.0852200723093,1.90164770914598
981,65,1304.796703190062,101847,1266.0852200723093,1.90164770914598
981,60,1324.3030027105697,94126,1266.0852200723093,1.90164770914598
981,55,1338.423310242625,86406,1266.0852200723093,1.90164770914598
981,50,1368.3533264415855,78694,1266.0852200723093,1.90164770914598
981,45,1395.795359697715,70974,1266.0852200723093,1.90164770914598
981,40,1489.484217135427,63253,1266.0852200723093,1.90164770914598
981,35,1528.3790423076534,55533,1266.0852200723093,1.90164770914598
981,30,1586.0431365495751,47821,1266.0852200723093,1.90164770914598
981,25,1624.3670575857996,40101,1266.0852200723093,1.90164770914598
981,20,1682.251037192449,32380,1266.0852200723093,1.90164770914598
981,15,1843.8546560387788,24660,1266.0852200723093,1.90164770914598
981,10,2238.296135425316,16948,1266.0852200723093,1.90164770914598
981,5,2407.648058334091,9228,1266.0852200723093,1.90164770914598
982,80,1396.8607629329435,125000,1396.8607629329435,1.7011472315424507
982,75,1401.655533195628,117279,1396.8607629329435,1.7011472315424507
982,70,1419.649278281657,109567,1396.8607629329435,1.7011472315424507
982,65,1439.2953659566592,101847,1396.8607629329435,1.7011472315424507
982,60,1450.7539524871386,94126,1396.8607629329435,1.7011472315424507
982,55,1460.1960741335115,86406,1396.8607629329435,1.7011472315424507
982,50,1484.3164971578103,78694,1396.8607629329435,1.7011472315424507
982,45,1512.845653637254,70974,1396.8607629329435,1.7011472315424507
982,40,1584.8211634597565,63253,1396.8607629329435,1.7011472315424507
982,35,1619.4844262753647,55533,1396.8607629329435,1.7011472315424507
982,30,1667.3198088570916,47821,1396.8607629329435,1.7011472315424507
982,25,1684.954434655751,40101,1396.8607629329435,1.7011472315424507
982,20,1738.051157356938,32380,1396.8607629329435,1.7011472315424507
982,15,1893.9089604841397,24660,1396.8607629329435,1.7011472315424507
982,10,2237.9243456480986,16948,1396.8607629329435,1.7011472315424507
982,5,2376.2658197136525,9228,1396.8607629329435,1.7011472315424507
983,80,1477.0020062538788,125000,1477.0020062538788,1.5834213940502253
983,75,1482.023940886429,117279,1477.0020062538788,1.5834213940502253
983,70,1501.8544426674305,109567,1477.0020062538788,1.5834213940502253
983,65,1517.965777368915,101847,1477.0020062538788,1.5834213940502253
983,60,1526.6668081942737,94126,1477.0020062538788,1.5834213940502253
983,55,1530.984134904064,86406,1477.0020062538788,1.5834213940502253
983,50,1551.3670339941682,78694,1477.0020062538788,1.5834213940502253
983,45,1576.1682069369429,70974,1477.0020062538788,1.5834213940502253
983,40,1630.6631825537297,63253,1477.0020062538788,1.5834213940502253
983,35,1664.955892829486,55533,1477.0020062538788,1.5834213940502253
983,30,1710.745584456997,47821,1477.0020062538788,1.5834213940502253
983,25,1723.619774306356,40101,1477.0020062538788,1.5834213940502253
983,20,1763.888319534553,32380,1477.0020062538788,1.5834213940502253
983,15,1916.139536525148,24660,1477.0020062538788,1.5834213940502253
983,10,2221.2047555796507,16948,1477.0020062538788,1.5834213940502253
983,5,2338.716575757496,9228,1477.0020062538788,1.5834213940502253
984,80,1552.9520174203617,125000,1552.9520174203617,1.486048536955219
984,75,1558.258946421589,117279,1552.9520174203617,1.486048536955219
984,70,1576.8374343675473,109567,1552.9520174203617,1.486048536955219
984,65,1590.070633604529,101847,1552.9520174203617,1.486048536955219
984,60,1599.4188601302978,94126,1552.9520174203617,1.486048536955219
984,55,1601.2366047422502,86406,1552.9520174203617,1.486048536955219
984,50,1617.958705961198,78694,1552.9520174203617,1.486048536955219
984,45,1638.676504452092,70974,1552.9520174203617,1.486048536955219
984,40,1678.5033434537388,63253,1552.9520174203617,1.486048536955219
984,35,1716.0806644269069,55533,1552.9520174203617,1.486048536955219
984,30,1755.9573098756343,47821,1552.9520174203617,1.486048536955219
984,25,1767.813922053819,40101,1552.9520174203617,1.486048536955219
984,20,1805.830669325571,32380,1552.9520174203617,1.486048536955219
984,15,1951.9391830820275,24660,1552.9520174203617,1.486048536955219
984,10,2212.7617797036737,16948,1552.9520174203617,1.486048536955219
984,5,2307.7620734491843,9228,1552.9520174203617,1.486048536955219
985,80,1605.834903396856,125000,1605.834903396856,1.4206563412216788
985,75,1612.811498952099,117279,1605.834903396856,1.4206563412216788
985,70,1632.143458906262,109567,1605.834903396856,1.4206563412216788
985,65,1644.875944955059,101847,1605.834903396856,1.4206563412216788
985,60,1660.8089971218249,94126,1605.834903396856,1.4206563412216788
985,55,1663.1039918555284,86406,1605.834903396856,1.4206563412216788
985,50,1674.92256674757,78694,1605.834903396856,1.4206563412216788
985,45,1696.125267408391,70974,1605.834903396856,1.4206563412216788
985,40,1723.48838940751,63253,1605.834903396856,1.4206563412216788
985,35,1750.926634059469,55533,1605.834903396856,1.4206563412216788
985,30,1788.0733822386755,47821,1605.834903396856,1.4206563412216788
985,25,1803.12138849458,40101,1605.834903396856,1.4206563412216788
985,20,1838.5841241811615,32380,1605.834903396856,1.4206563412216788
985,15,1988.4864447000264,24660,1605.834903396856,1.4206563412216788
985,10,2206.331775988118,16948,1605.834903396856,1.4206563412216788
985,5,2281.3395384658456,9228,1605.834903396856,1.4206563412216788
986,80,1642.6502699833986,125000,1642.6502699833986,1.3701257186712497
986,75,1650.1612377352856,117279,1642.6502699833986,1.3701257186712497
986,70,1665.3938517456745,109567,1642.6502699833986,1.3701257186712497
986,65,1683.81653185201,101847,1642.6502699833986,1.3701257186712497
986,60,1704.625907991321,94126,1642.6502699833986,1.3701257186712497
986,55,1707.470197945934,86406,1642.6502699833986,1.3701257186712497
986,50,1718.334732578845,78694,1642.6502699833986,1.3701257186712497
986,45,1738.407563103677,70974,1642.6502699833986,1.3701257186712497
986,40,1755.846849033413,63253,1642.6502699833986,1.3701257186712497
986,35,1771.3374728828298,55533,1642.6502699833986,1.3701257186712497
986,30,1811.6099107608609,47821,1642.6502699833986,1.3701257186712497
986,25,1834.6830734194484,40101,1642.6502699833986,1.3701257186712497
986,20,1871.8610048878452,32380,1642.6502699833986,1.3701257186712497
986,15,2017.1801695720733,24660,1642.6502699833986,1.3701257186712497
986,10,2195.037177148391,16948,1642.6502699833986,1.3701257186712497
986,5,2250.637381686526,9228,1642.6502699833986,1.3701257186712497
987,80,1662.5017158433925,125000,1662.5017158433925,1.334418365377954
987,75,1669.5781513620705,117279,1662.5017158433925,1.334418365377954
987,70,1676.7399057706805,109567,1662.5017158433925,1.334418365377954
987,65,1696.6927918793103,101847,1662.5017158433925,1.334418365377954
987,60,1717.6596285033668,94126,1662.5017158433925,1.334418365377954
987,55,1721.215926241769,86406,1662.5017158433925,1.334418365377954
987,50,1735.8074374115472,78694,1662.5017158433925,1.334418365377954
987,45,1759.805757605292,70974,1662.5017158433925,1.334418365377954
987,40,1767.3273105841783,63253,1662.5017158433925,1.334418365377954
987,35,1776.8521489502164,55533,1662.5017158433925,1.334418365377954
987,30,1821.8051750600976,47821,1662.5017158433925,1.334418365377954
987,25,1854.7939813942971,40101,1662.5017158433925,1.334418365377954
987,20,1900.2982673945423,32380,1662.5017158433925,1.334418365377954
987,15,2028.0963649531025,24660,1662.5017158433925,1.334418365377954
987,10,2176.387263918225,16948,1662.5017158433925,1.334418365377954
987,5,2218.472822093783,9228,1662.5017158433925,1.334418365377954
988,80,1683.7806861276472,125000,1683.7806861276472,1.305234427079651
988,75,1687.5237518727042,117279,1683.7806861276472,1.305234427079651
988,70,1691.176967962252,109567,1683.7806861276472,1.305234427079651
988,65,1701.822346400572,101847,1683.7806861276472,1.305234427079651
988,60,1719.7974487400536,94126,1683.7806861276472,1.305234427079651
988,55,1725.8091830725891,86406,1683.7806861276472,1.305234427079651
988,50,1744.7169297705304,78694,1683.7806861276472,1.305234427079651
988,45,1773.9782124824253,70974,1683.7806861276472,1.305234427079651
988,40,1777.4448351425597,63253,1683.7806861276472,1.305234427079651
988,35,1790.542816945307,55533,1683.7806861276472,1.305234427079651
988,30,1830.3073103072024,47821,1683.7806861276472,1.305234427079651
988,25,1871.4297936386831,40101,1683.7806861276472,1.305234427079651
988,20,1916.9532898231653,32380,1683.7806861276472,1.305234427079651
988,15,2018.410392827023,24660,1683.7806861276472,1.305234427079651
988,10,2149.4462007494235,16948,1683.7806861276472,1.305234427079651
988,5,2197.7285191856013,9228,1683.7806861276472,1.305234427079651
989,80,1621.2634738681186,125000,1621.2634738681186,1.3249934724951231
989,75,1629.4780913365464,117279,1621.2634738681186,1.3249934724951231
989,70,1630.8396156402582,109567,1621.2634738681186,1.3249934724951231
989,65,1643.081918317415,101847,1621.2634738681186,1.3249934724951231
989,60,1666.6850775237083,94126,1621.2634738681186,1.3249934724951231
989,55,1674.2504241963711,86406,1621.2634738681186,1.3249934724951231
989,50,1684.428565719098,78694,1621.2634738681186,1.3249934724951231
989,45,1702.8183640477637,70974,1621.2634738681186,1.3249934724951231
989,40,1714.5845727454475,63253,1621.2634738681186,1.3249934724951231
989,35,1737.077170214404,55533,1621.2634738681186,1.3249934724951231
989,30,1769.4026187346403,47821,1621.2634738681186,1.3249934724951231
989,25,1808.5520351946325,40101,1621.2634738681186,1.3249934724951231
989,20,1845.900868652996,32380,1621.2634738681186,1.3249934724951231
989,15,1924.4992671524144,24660,1621.2634738681186,1.3249934724951231
989,10,2040.3086594003985,16948,1621.2634738681186,1.3249934724951231
989,5,2148.163520070025,9228,1621.2634738681186,1.3249934724951231
990,80,1437.7917487118953,125000,1437.7917487118953,1.4162141849491778
990,75,1441.5559387034057,117279,1437.7917487118953,1.4162141849491778
990,70,1446.1279792935266,109567,1437.7917487118953,1.4162141849491778
990,65,1456.3031344528342,101847,1437.7917487118953,1.4162141849491778
990,60,1477.103302534004,94126,1437.7917487118953,1.4162141849491778
990,55,1496.135854554167,86406,1437.7917487118953,1.4162141849491778
990,50,1503.5012803851394,78694,1437.7917487118953,1.4162141849491778
990,45,1512.756139281561,70974,1437.7917487118953,1.4162141849491778
990,40,1528.5562492984052,63253,1437.7917487118953,1.4162141849491778
990,35,1561.3210630686665,55533,1437.7917487118953,1.4162141849491778
990,30,1587.0701462426405,47821,1437.7917487118953,1.4162141849491778
990,25,1614.0239207594857,40101,1437.7917487118953,1.4162141849491778
990,20,1662.7146173585186,32380,1437.7917487118953,1.4162141849491778
990,15,1687.7744662562327,24660,1437.7917487118953,1.4162141849491778
990,10,1809.2761200645489,16948,1437.7917487118953,1.4162141849491778
990,5,2036.22106952867,9228,1437.7917487118953,1.4162141849491778
991,80,1380.8602972611127,125000,1380.8602972611127,1.4304550173399282
991,75,1381.7405023233885,117279,1380.8602972611127,1.4304550173399282
991,70,1387.4710124687244,109567,1380.8602972611127,1.4304550173399282
991,65,1411.956366259282,101847,1380.8602972611127,1.4304550173399282
991,60,1431.8061150485005,94126,1380.8602972611127,1.4304550173399282
991,55,1458.5081961068229,86406,1380.8602972611127,1.4304550173399282
991,50,1470.379180179595,78694,1380.8602972611127,1.4304550173399282
991,45,1476.86932104805,70974,1380.8602972611127,1.4304550173399282
991,40,1490.07849188206,63253,1380.8602972611127,1.4304550173399282
991,35,1527.0961332684878,55533,1380.8602972611127,1.4304550173399282
991,30,1553.045694233327,47821,1380.8602972611127,1.4304550173399282
991,25,1586.2882084381088,40101,1380.8602972611127,1.4304550173399282
991,20,1627.9999864006572,32380,1380.8602972611127,1.4304550173399282
991,15,1646.767625851735,24660,1380.8602972611127,1.4304550173399282
991,10,1757.97834939771,16948,1380.8602972611127,1.4304550173399282
991,5,1975.2585404626636,9228,1380.8602972611127,1.4304550173399282
992,80,1330.1654671771864,125000,1330.1654671771864,1.4672336224149627
992,75,1336.222923459274,117279,1330.1654671771864,1.4672336224149627
992,70,1341.2820994397894,109567,1330.1654671771864,1.4672336224149627
992,65,1378.5175103377362,101847,1330.1654671771864,1.4672336224149627
992,60,1398.984084066786,94126,1330.1654671771864,1.4672336224149627
992,55,1413.0118165855947,86406,1330.1654671771864,1.4672336224149627
992,50,1433.8198652342066,78694,1330.1654671771864,1.4672336224149627
992,45,1445.3473368089014,70974,1330.1654671771864,1.4672336224149627
992,40,1459.5617226047154,63253,1330.1654671771864,1.4672336224149627
992,35,1486.7587405808522,55533,1330.1654671771864,1.4672336224149627
992,30,1505.6343158986142,47821,1330.1654671771864,1.4672336224149627
992,25,1569.8673780233712,40101,1330.1654671771864,1.4672336224149627
992,20,1605.9108890960474,32380,1330.1654671771864,1.4672336224149627
992,15,1625.7869682265757,24660,1330.1654671771864,1.4672336224149627
992,10,1732.6835099276243,16948,1330.1654671771864,1.4672336224149627
992,5,1951.6634968176745,9228,1330.1654671771864,1.4672336224149627
993,80,1268.332733391562,125000,1268.332733391562,1.4912907859677114
993,75,1275.1281958437853,117279,1268.332733391562,1.4912907859677114
993,70,1280.1769380197527,109567,1268.332733391562,1.4912907859677114
993,65,1299.4032616264822,101847,1268.332733391562,1.4912907859677114
993,60,1312.8365563956572,94126,1268.332733391562,1.4912907859677114
993,55,1327.8388995737726,86406,1268.332733391562,1.4912907859677114
993,50,1341.0543648409723,78694,1268.332733391562,1.4912907859677114
993,45,1356.12273774121,70974,1268.332733391562,1.4912907859677114
993,40,1368.7500264809746,63253,1268.332733391562,1.4912907859677114
993,35,1400.1579318564943,55533,1268.332733391562,1.4912907859677114
993,30,1407.1620661972522,47821,1268.332733391562,1.4912907859677114
993,25,1478.8228426285086,40101,1268.332733391562,1.4912907859677114
993,20,1512.6125738756002,32380,1268.332733391562,1.4912907859677114
993,15,1535.0916375086704,24660,1268.332733391562,1.4912907859677114
993,10,1636.1240355959635,16948,1268.332733391562,1.4912907859677114
993,5,1891.4529188480783,9228,1268.332733391562,1.4912907859677114
994,80,1556.6371231799717,125000,1556.6371231799717,1.5602933343437684
994,75,1561.0164072348816,117279,1556.6371231799717,1.5602933343437684
994,70,1566.6131356146673,109567,1556.6371231799717,1.5602933343437684
994,65,1598.9686998325924,101847,1556.6371231799717,1.5602933343437684
994,60,1613.5731568763608,94126,1556.6371231799717,1.5602933343437684
994,55,1657.9169514424616,86406,1556.6371231799717,1.5602933343437684
994,50,1692.9196268956223,78694,1556.6371231799717,1.5602933343437684
994,45,1723.207479753831,70974,1556.6371231799717,1.5602933343437684
994,40,1751.6746454440304,63253,1556.6371231799717,1.5602933343437684
994,35,1817.646880204364,55533,1556.6371231799717,1.5602933343437684
994,30,1826.0505191955788,47821,1556.6371231799717,1.5602933343437684
994,25,1918.0645076863989,40101,1556.6371231799717,1.5602933343437684
994,20,1993.867761566119,32380,1556.6371231799717,1.5602933343437684
994,15,2100.8745200400167,24660,1556.6371231799717,1.5602933343437684
994,10,2199.5772546863823,16948,1556.6371231799717,1.5602933343437684
994,5,2428.810527289769,9228,1556.6371231799717,1.5602933343437684
995,80,1591.3987749914224,125000,1591.3987749914224,1.6709850016834156
995,75,1636.9034883991396,117279,1591.3987749914224,1.6709850016834156
995,70,1659.1844057634955,109567,1591.3987749914224,1.6709850016834156
995,65,1687.892472655324,101847,1591.3987749914224,1.6709850016834156
995,60,1721.8730106223334,94126,1591.3987749914224,1.6709850016834156
995,55,1767.9241576871666,86406,1591.3987749914224,1.6709850016834156
995,50,1818.1684484686928,78694,1591.3987749914224,1.6709850016834156
995,45,1835.8000852486311,70974,1591.3987749914224,1.6709850016834156
995,40,1853.26529196528,63253,1591.3987749914224,1.6709850016834156
995,35,1916.0782349149792,55533,1591.3987749914224,1.6709850016834156
995,30,1952.194050354412,47821,1591.3987749914224,1.6709850016834156
995,25,1979.145096639136,40101,1591.3987749914224,1.6709850016834156
995,20,2025.918378763019,32380,1591.3987749914224,1.6709850016834156
995,15,2071.276617271274,24660,1591.3987749914224,1.6709850016834156
995,10,2183.5931193070965,16948,1591.3987749914224,1.6709850016834156
995,5,2659.203484708028,9228,1591.3987749914224,1.6709850016834156
996,80,1577.8749314816168,125000,1577.8749314816168,1.871564570636009
996,75,1589.3005185760246,117279,1577.8749314816168,1.871564570636009
996,70,1596.1248572791785,109567,1577.8749314816168,1.871564570636009
996,65,1611.9115055787752,101847,1577.8749314816168,1.871564570636009
996,60,1634.5868487632272,94126,1577.8749314816168,1.871564570636009
996,55,1666.228925923406,86406,1577.8749314816168,1.871564570636009
996,50,1701.972307256632,78694,1577.8749314816168,1.871564570636009
996,45,1734.8658075761932,70974,1577.8749314816168,1.871564570636009
996,40,1763.7254777093594,63253,1577.8749314816168,1.871564570636009
996,35,1814.731425958338,55533,1577.8749314816168,1.871564570636009
996,30,1856.4597896182293,47821,1577.8749314816168,1.871564570636009
996,25,1891.7688541195505,40101,1577.8749314816168,1.871564570636009
996,20,1970.6679455395767,32380,1577.8749314816168,1.871564570636009
996,15,2090.697366313354,24660,1577.8749314816168,1.871564570636009
996,10,2238.974485000564,16948,1577.8749314816168,1.871564570636009
996,5,2953.094818655714,9228,1577.8749314816168,1.871564570636009
997,80,1486.6621678951233,125000,1486.6621678951233,1.931086086113177
997,75,1494.893184571709,117279,1486.6621678951233,1.931086086113177
997,70,1500.1631728565233,109567,1486.6621678951233,1.931086086113177
997,65,1514.4442688898364,101847,1486.6621678951233,1.931086086113177
997,60,1552.7245746068495,94126,1486.6621678951233,1.931086086113177
997,55,1571.3390266426036,86406,1486.6621678951233,1.931086086113177
997,50,1603.6042408541944,78694,1486.6621678951233,1.931086086113177
997,45,1640.2967743943086,70974,1486.6621678951233,1.931086086113177
997,40,1663.536320541963,63253,1486.6621678951233,1.931086086113177
997,35,1686.5807106602724,55533,1486.6621678951233,1.931086086113177
997,30,1758.9782715360675,47821,1486.6621678951233,1.931086086113177
997,25,1855.2426481272355,40101,1486.6621678951233,1.931086086113177
997,20,1909.869147188888,32380,1486.6621678951233,1.931086086113177
997,15,2031.8475682025276,24660,1486.6621678951233,1.931086086113177
997,10,2178.940718438234,16948,1486.6621678951233,1.931086086113177
997,5,2870.8726271731243,9228,1486.6621678951233,1.931086086113177
998,80,1217.27938012893,125000,1217.27938012893,2.3116398517348675
998,75,1241.151445956573,117279,1217.27938012893,2.3116398517348675
998,70,1269.441661154655,109567,1217.27938012893,2.3116398517348675
998,65,1322.9913426659532,101847,1217.27938012893,2.3116398517348675
998,60,1398.8149777423655,94126,1217.27938012893,2.3116398517348675
998,55,1431.685341961385,86406,1217.27938012893,2.3116398517348675
998,50,1499.777439235103,78694,1217.27938012893,2.3116398517348675
998,45,1552.1324909521732,70974,1217.27938012893,2.3116398517348675
998,40,1569.7198397214356,63253,1217.27938012893,2.3116398517348675
998,35,1584.2082723654703,55533,1217.27938012893,2.3116398517348675
998,30,1718.1005039083989,47821,1217.27938012893,2.3116398517348675
998,25,1812.2821727340536,40101,1217.27938012893,2.3116398517348675
998,20,1880.797565940294,32380,1217.27938012893,2.3116398517348675
998,15,1975.5810194308488,24660,1217.27938012893,2.3116398517348675
998,10,2122.9823861964965,16948,1217.27938012893,2.3116398517348675
998,5,2813.911525801152,9228,1217.27938012893,2.3116398517348675
1000,80,1309.2662390121652,125000,1309.2662390121652,1.9879835818204925
1000,75,1335.8451996218955,117279,1309.2662390121652,1.9879835818204925
1000,70,1349.1412590588857,109567,1309.2662390121652,1.9879835818204925
1000,65,1394.1367261744083,101847,1309.2662390121652,1.9879835818204925
1000,60,1438.8942732589032,94126,1309.2662390121652,1.9879835818204925
1000,55,1461.917758940943,86406,1309.2662390121652,1.9879835818204925
1000,50,1501.895415288701,78694,1309.2662390121652,1.9879835818204925
1000,45,1547.2524509882912,70974,1309.2662390121652,1.9879835818204925
1000,40,1566.8169525392914,63253,1309.2662390121652,1.9879835818204925
1000,35,1589.910832836717,55533,1309.2662390121652,1.9879835818204925
1000,30,1678.5067319737436,47821,1309.2662390121652,1.9879835818204925
1000,25,1710.625699347969,40101,1309.2662390121652,1.9879835818204925
1000,20,1819.3748720831895,32380,1309.2662390121652,1.9879835818204925
1000,15,1916.532091040425,24660,1309.2662390121652,1.9879835818204925
1000,10,2056.149838338908,16948,1309.2662390121652,1.9879835818204925
1000,5,2602.799787388049,9228,1309.2662390121652,1.9879835818204925
1001,80,1469.2330651028972,125000,1469.2330651028972,1.801487751940501
1001,75,1487.5589731545022,117279,1469.2330651028972,1.801487751940501
1001,70,1504.5681279517814,109567,1469.2330651028972,1.801487751940501
1001,65,1526.0621119346615,101847,1469.2330651028972,1.801487751940501
1001,60,1560.793564949941,94126,1469.2330651028972,1.801487751940501
1001,55,1580.2743113426695,86406,1469.2330651028972,1.801487751940501
1001,50,1599.292706801231,78694,1469.2330651028972,1.801487751940501
1001,45,1631.0207533692464,70974,1469.2330651028972,1.801487751940501
1001,40,1649.6827822377093,63253,1469.2330651028972,1.801487751940501
1001,35,1679.8519580875322,55533,1469.2330651028972,1.801487751940501
1001,30,1724.7080142423165,47821,1469.2330651028972,1.801487751940501
1001,25,1750.222739385663,40101,1469.2330651028972,1.801487751940501
1001,20,1835.5657448867728,32380,1469.2330651028972,1.801487751940501
1001,15,1940.3170136109395,24660,1469.2330651028972,1.801487751940501
1001,10,2060.1539291328845,16948,1469.2330651028972,1.801487751940501
1001,5,2646.80537152887,9228,1469.2330651028972,1.801487751940501
1002,80,1500.2325717204624,125000,1500.2325717204624,1.7686366447337012
1002,75,1519.0365552876,117279,1500.2325717204624,1.7686366447337012
1002,70,1534.2434583355157,109567,1500.2325717204624,1.7686366447337012
1002,65,1539.7967072927536,101847,1500.2325717204624,1.7686366447337012
1002,60,1570.5349031453154,94126,1500.2325717204624,1.7686366447337012
1002,55,1577.1446733556702,86406,1500.2325717204624,1.7686366447337012
1002,50,1586.9665990860797,78694,1500.2325717204624,1.7686366447337012
1002,45,1611.3115117453176,70974,1500.2325717204624,1.7686366447337012
1002,40,1629.3770912225352,63253,1500.2325717204624,1.7686366447337012
1002,35,1656.8747406991372,55533,1500.2325717204624,1.7686366447337012
1002,30,1703.1552158812844,47821,1500.2325717204624,1.7686366447337012
1002,25,1743.9878635335424,40101,1500.2325717204624,1.7686366447337012
1002,20,1801.2121184615532,32380,1500.2325717204624,1.7686366447337012
1002,15,1941.517368815192,24660,1500.2325717204624,1.7686366447337012
1002,10,2033.0656695165144,16948,1500.2325717204624,1.7686366447337012
1002,5,2653.36630196789,9228,1500.2325717204624,1.7686366447337012
1003,80,1505.833618505536,125000,1505.833618505536,1.6617095070094028
1003,75,1525.0765728389526,117279,1505.833618505536,1.6617095070094028
1003,70,1532.1695798510125,109567,1505.833618505536,1.6617095070094028
1003,65,1541.3814426269962,101847,1505.833618505536,1.6617095070094028
1003,60,1560.014663449234,94126,1505.833618505536,1.6617095070094028
1003,55,1570.1907772637185,86406,1505.833618505536,1.6617095070094028
1003,50,1581.9322018167793,78694,1505.833618505536,1.6617095070094028
1003,45,1592.2257160494291,70974,1505.833618505536,1.6617095070094028
1003,40,1606.931852227484,63253,1505.833618505536,1.6617095070094028
1003,35,1632.8946183273845,55533,1505.833618505536,1.6617095070094028
1003,30,1667.934974288451,47821,1505.833618505536,1.6617095070094028
1003,25,1694.029580534637,40101,1505.833618505536,1.6617095070094028
1003,20,1742.56083344058,32380,1505.833618505536,1.6617095070094028
1003,15,1857.8234805759148,24660,1505.833618505536,1.6617095070094028
1003,10,1949.8263888068293,16948,1505.833618505536,1.6617095070094028
1003,5,2502.258039845019,9228,1505.833618505536,1.6617095070094028
1004,80,1458.0971957765432,125000,1458.0971957765432,1.6607139623493692
1004,75,1475.6708887935004,117279,1458.0971957765432,1.6607139623493692
1004,70,1482.592494483701,109567,1458.0971957765432,1.6607139623493692
1004,65,1493.20161280884,101847,1458.0971957765432,1.6607139623493692
1004,60,1510.879279400236,94126,1458.0971957765432,1.6607139623493692
1004,55,1520.320010878237,86406,1458.0971957765432,1.6607139623493692
1004,50,1529.1078683909896,78694,1458.0971957765432,1.6607139623493692
1004,45,1541.0041341613462,70974,1458.0971957765432,1.6607139623493692
1004,40,1557.1065388011502,63253,1458.0971957765432,1.6607139623493692
1004,35,1583.475234870862,55533,1458.0971957765432,1.6607139623493692
1004,30,1614.260977064676,47821,1458.0971957765432,1.6607139623493692
1004,25,1634.7304235042634,40101,1458.0971957765432,1.6607139623493692
1004,20,1680.6321570172977,32380,1458.0971957765432,1.6607139623493692
1004,15,1787.497109941792,24660,1458.0971957765432,1.6607139623493692
1004,10,1891.076925154991,16948,1458.0971957765432,1.6607139623493692
1004,5,2421.482371488567,9228,1458.0971957765432,1.6607139623493692
1005,80,1415.7931385243553,125000,1415.7931385243553,1.652921889423895
1005,75,1436.2663048421766,117279,1415.7931385243553,1.652921889423895
1005,70,1439.450796109148,109567,1415.7931385243553,1.652921889423895
1005,65,1447.608378836547,101847,1415.7931385243553,1.652921889423895
1005,60,1455.0007643950137,94126,1415.7931385243553,1.652921889423895
1005,55,1467.9102195199837,86406,1415.7931385243553,1.652921889423895
1005,50,1477.5242338348064,78694,1415.7931385243553,1.652921889423895
1005,45,1486.3290171733747,70974,1415.7931385243553,1.652921889423895
1005,40,1501.4257969479934,63253,1415.7931385243553,1.652921889423895
1005,35,1523.0966059397742,55533,1415.7931385243553,1.652921889423895
1005,30,1556.111054644586,47821,1415.7931385243553,1.652921889423895
1005,25,1576.2638688746972,40101,1415.7931385243553,1.652921889423895
1005,20,1636.3611549762215,32380,1415.7931385243553,1.652921889423895
1005,15,1717.2024612104672,24660,1415.7931385243553,1.652921889423895
1005,10,1833.331106938036,16948,1415.7931385243553,1.652921889423895
1005,5,2340.195469563064,9228,1415.7931385243553,1.652921889423895
1006,80,1482.0867325547251,125000,1482.0867325547251,1.6062171553386486
1006,75,1507.2321815476737,117279,1482.0867325547251,1.6062171553386486
1006,70,1513.2560628518995,109567,1482.0867325547251,1.6062171553386486
1006,65,1517.5131437319767,101847,1482.0867325547251,1.6062171553386486
1006,60,1520.4924117265202,94126,1482.0867325547251,1.6062171553386486
1006,55,1536.006320795913,86406,1482.0867325547251,1.6062171553386486
1006,50,1546.8237026553536,78694,1482.0867325547251,1.6062171553386486
1006,45,1555.8438266482594,70974,1482.0867325547251,1.6062171553386486
1006,40,1571.55377216113,63253,1482.0867325547251,1.6062171553386486
1006,35,1590.333644718045,55533,1482.0867325547251,1.6062171553386486
1006,30,1622.3250065494574,47821,1482.0867325547251,1.6062171553386486
1006,25,1638.521766952344,40101,1482.0867325547251,1.6062171553386486
1006,20,1702.6351985598149,32380,1482.0867325547251,1.6062171553386486
1006,15,1776.59710025422,24660,1482.0867325547251,1.6062171553386486
1006,10,1867.6706724161188,16948,1482.0867325547251,1.6062171553386486
1006,5,2380.5531355292032,9228,1482.0867325547251,1.6062171553386486
1007,80,1507.7615473832652,125000,1507.7615473832652,1.5850356505419902
1007,75,1527.9141885159836,117279,1507.7615473832652,1.5850356505419902
1007,70,1532.665543328502,109567,1507.7615473832652,1.5850356505419902
1007,65,1535.9944398199766,101847,1507.7615473832652,1.5850356505419902
1007,60,1544.3637030446969,94126,1507.7615473832652,1.5850356505419902
1007,55,1550.519120651987,86406,1507.7615473832652,1.5850356505419902
1007,50,1567.0582763542118,78694,1507.7615473832652,1.5850356505419902
1007,45,1574.9758245152796,70974,1507.7615473832652,1.5850356505419902
1007,40,1602.086591475649,63253,1507.7615473832652,1.5850356505419902
1007,35,1626.5865323527028,55533,1507.7615473832652,1.5850356505419902
1007,30,1664.5274917079496,47821,1507.7615473832652,1.5850356505419902
1007,25,1676.3307010921435,40101,1507.7615473832652,1.5850356505419902
1007,20,1738.205776976032,32380,1507.7615473832652,1.5850356505419902
1007,15,1828.9618320999336,24660,1507.7615473832652,1.5850356505419902
1007,10,1908.6206090243104,16948,1507.7615473832652,1.5850356505419902
1007,5,2389.8558051188315,9228,1507.7615473832652,1.5850356505419902
1008,80,1489.8805779057102,125000,1489.8805779057102,1.6007675607270633
1008,75,1496.421615130191,117279,1489.8805779057102,1.6007675607270633
1008,70,1498.458232699316,109567,1489.8805779057102,1.6007675607270633
1008,65,1507.6238410458438,101847,1489.8805779057102,1.6007675607270633
1008,60,1533.8875400441243,94126,1489.8805779057102,1.6007675607270633
1008,55,1544.8709023916138,86406,1489.8805779057102,1.6007675607270633
1008,50,1559.463417764796,78694,1489.8805779057102,1.6007675607270633
1008,45,1572.554177329623,70974,1489.8805779057102,1.6007675607270633
1008,40,1605.389924454592,63253,1489.8805779057102,1.6007675607270633
1008,35,1640.360451926028,55533,1489.8805779057102,1.6007675607270633
1008,30,1677.7380172840735,47821,1489.8805779057102,1.6007675607270633
1008,25,1687.6490123091064,40101,1489.8805779057102,1.6007675607270633
1008,20,1747.892924460784,32380,1489.8805779057102,1.6007675607270633
1008,15,1832.1698037538397,24660,1489.8805779057102,1.6007675607270633
1008,10,1890.5134152767905,16948,1489.8805779057102,1.6007675607270633
1008,5,2384.952498468751,9228,1489.8805779057102,1.6007675607270633
1009,80,1381.3597938670034,125000,1381.3597938670034,1.674326469977171
1009,75,1385.496088347737,117279,1381.3597938670034,1.674326469977171
1009,70,1389.0619388603122,109567,1381.3597938670034,1.674326469977171
1009,65,1393.631924042435,101847,1381.3597938670034,1.674326469977171
1009,60,1416.9446806233288,94126,1381.3597938670034,1.674326469977171
1009,55,1427.346097739221,86406,1381.3597938670034,1.674326469977171
1009,50,1445.6462941170428,78694,1381.3597938670034,1.674326469977171
1009,45,1469.8147145535988,70974,1381.3597938670034,1.674326469977171
1009,40,1507.6803633030413,63253,1381.3597938670034,1.674326469977171
1009,35,1549.267172575814,55533,1381.3597938670034,1.674326469977171
1009,30,1587.2974629713328,47821,1381.3597938670034,1.674326469977171
1009,25,1602.736177756707,40101,1381.3597938670034,1.674326469977171
1009,20,1665.0701253327034,32380,1381.3597938670034,1.674326469977171
1009,15,1743.7089882075052,24660,1381.3597938670034,1.674326469977171
1009,10,1805.796639391548,16948,1381.3597938670034,1.674326469977171
1009,5,2312.847267433732,9228,1381.3597938670034,1.674326469977171
1010,80,1394.0121951683825,125000,1394.0121951683825,1.664533213198448
1010,75,1400.4433557569564,117279,1394.0121951683825,1.664533213198448
1010,70,1408.8156395818128,109567,1394.0121951683825,1.664533213198448
1010,65,1415.145875452863,101847,1394.0121951683825,1.664533213198448
1010,60,1433.7542325232323,94126,1394.0121951683825,1.664533213198448
1010,55,1450.3717247992795,86406,1394.0121951683825,1.664533213198448
1010,50,1470.9649979082046,78694,1394.0121951683825,1.664533213198448
1010,45,1491.083458336939,70974,1394.0121951683825,1.664533213198448
1010,40,1530.8060936701756,63253,1394.0121951683825,1.664533213198448
1010,35,1574.953001492233,55533,1394.0121951683825,1.664533213198448
1010,30,1618.6731621969182,47821,1394.0121951683825,1.664533213198448
1010,25,1629.418318507035,40101,1394.0121951683825,1.664533213198448
1010,20,1691.797266633427,32380,1394.0121951683825,1.664533213198448
1010,15,1778.5701255363028,24660,1394.0121951683825,1.664533213198448
1010,10,1869.153844545307,16948,1394.0121951683825,1.664533213198448
1010,5,2320.3795984614494,9228,1394.0121951683825,1.664533213198448
1011,80,1311.549643237174,125000,1311.549643237174,1.6656478543458382
1011,75,1326.9893008153433,117279,1311.549643237174,1.6656478543458382
1011,70,1331.9111769464864,109567,1311.549643237174,1.6656478543458382
1011,65,1336.3746872327029,101847,1311.549643237174,1.6656478543458382
1011,60,1362.611954243521,94126,1311.549643237174,1.6656478543458382
1011,55,1383.460436570531,86406,1311.549643237174,1.6656478543458382
1011,50,1393.9980104662895,78694,1311.549643237174,1.6656478543458382
1011,45,1399.389796726304,70974,1311.549643237174,1.6656478543458382
1011,40,1416.5460147907045,63253,1311.549643237174,1.6656478543458382
1011,35,1468.69542223516,55533,1311.549643237174,1.6656478543458382
1011,30,1503.4446714787694,47821,1311.549643237174,1.6656478543458382
1011,25,1521.2454977952598,40101,1311.549643237174,1.6656478543458382
1011,20,1552.8822043171458,32380,1311.549643237174,1.6656478543458382
1011,15,1610.324303543406,24660,1311.549643237174,1.6656478543458382
1011,10,1773.602032060033,16948,1311.549643237174,1.6656478543458382
1011,5,2184.5798491260484,9228,1311.549643237174,1.6656478543458382
1012,80,1286.9778772473085,125000,1286.9778772473085,1.6166451171669054
1012,75,1300.987540863263,117279,1286.9778772473085,1.6166451171669054
1012,70,1311.8703668240082,109567,1286.9778772473085,1.6166451171669054
1012,65,1330.704815571389,101847,1286.9778772473085,1.6166451171669054
1012,60,1352.6956188328463,94126,1286.9778772473085,1.6166451171669054
1012,55,1373.2801090810835,86406,1286.9778772473085,1.6166451171669054
1012,50,1402.3260756388752,78694,1286.9778772473085,1.6166451171669054
1012,45,1411.5747710977953,70974,1286.9778772473085,1.6166451171669054
1012,40,1424.8411332899743,63253,1286.9778772473085,1.6166451171669054
1012,35,1478.238941750603,55533,1286.9778772473085,1.6166451171669054
1012,30,1496.696350145433,47821,1286.9778772473085,1.6166451171669054
1012,25,1549.529053115298,40101,1286.9778772473085,1.6166451171669054
1012,20,1586.406438323598,32380,1286.9778772473085,1.6166451171669054
1012,15,1621.578206940393,24660,1286.9778772473085,1.6166451171669054
1012,10,1841.215052493463,16948,1286.9778772473085,1.6166451171669054
1012,5,2080.5865011536903,9228,1286.9778772473085,1.6166451171669054
1013,80,1728.083526703367,125000,1728.083526703367,1.463500127510059
1013,75,1762.1826494553052,117279,1728.083526703367,1.463500127510059
1013,70,1767.5293207810405,109567,1728.083526703367,1.463500127510059
1013,65,1795.98463894279,101847,1728.083526703367,1.463500127510059
1013,60,1800.7541996727457,94126,1728.083526703367,1.463500127510059
1013,55,1823.4398178572103,86406,1728.083526703367,1.463500127510059
1013,50,1837.152099473352,78694,1728.083526703367,1.463500127510059
1013,45,1868.557828394972,70974,1728.083526703367,1.463500127510059
1013,40,1905.082095791708,63253,1728.083526703367,1.463500127510059
1013,35,1927.430054516582,55533,1728.083526703367,1.463500127510059
1013,30,1985.0393478656072,47821,1728.083526703367,1.463500127510059
1013,25,2027.207618259164,40101,1728.083526703367,1.463500127510059
1013,20,2054.1475499118146,32380,1728.083526703367,1.463500127510059
1013,15,2178.6364007562406,24660,1728.083526703367,1.463500127510059
1013,10,2377.528981999838,16948,1728.083526703367,1.463500127510059
1013,5,2529.05046167841,9228,1728.083526703367,1.463500127510059
1014,80,1859.8037199787616,125000,1859.8037199787616,1.442962492295695
1014,75,1869.014147859918,117279,1859.8037199787616,1.442962492295695
1014,70,1888.8708285379764,109567,1859.8037199787616,1.442962492295695
1014,65,1911.477223720584,101847,1859.8037199787616,1.442962492295695
1014,60,1950.9964495305087,94126,1859.8037199787616,1.442962492295695
1014,55,1967.2503042934632,86406,1859.8037199787616,1.442962492295695
1014,50,1993.9544897048083,78694,1859.8037199787616,1.442962492295695
1014,45,2005.2440924010857,70974,1859.8037199787616,1.442962492295695
1014,40,2045.834924596448,63253,1859.8037199787616,1.442962492295695
1014,35,2078.9959937455724,55533,1859.8037199787616,1.442962492295695
1014,30,2112.793902049388,47821,1859.8037199787616,1.442962492295695
1014,25,2164.77032666596,40101,1859.8037199787616,1.442962492295695
1014,20,2241.83008759528,32380,1859.8037199787616,1.442962492295695
1014,15,2394.489958401566,24660,1859.8037199787616,1.442962492295695
1014,10,2462.0123627373086,16948,1859.8037199787616,1.442962492295695
1014,5,2683.627010961359,9228,1859.8037199787616,1.442962492295695
1015,80,2105.960007217868,125000,2105.960007217868,1.2185572891020098
1015,75,2123.242055746805,117279,2105.960007217868,1.2185572891020098
1015,70,2140.552899094452,109567,2105.960007217868,1.2185572891020098
1015,65,2175.358299253713,101847,2105.960007217868,1.2185572891020098
1015,60,2222.6136779693,94126,2105.960007217868,1.2185572891020098
1015,55,2225.984886689902,86406,2105.960007217868,1.2185572891020098
1015,50,2258.5486443101736,78694,2105.960007217868,1.2185572891020098
1015,45,2265.251968470458,70974,2105.960007217868,1.2185572891020098
1015,40,2271.144123380337,63253,2105.960007217868,1.2185572891020098
1015,35,2293.665312597057,55533,2105.960007217868,1.2185572891020098
1015,30,2388.0334913665115,47821,2105.960007217868,1.2185572891020098
1015,25,2417.016568813703,40101,2105.960007217868,1.2185572891020098
1015,20,2426.839173542873,32380,2105.960007217868,1.2185572891020098
1015,15,2478.615319084284,24660,2105.960007217868,1.2185572891020098
1015,10,2507.0356788242816,16948,2105.960007217868,1.2185572891020098
1015,5,2566.2329173526546,9228,2105.960007217868,1.2185572891020098
1016,80,1971.785391354276,125000,1971.785391354276,1.2554671520420648
1016,75,1981.7900230813448,117279,1971.785391354276,1.2554671520420648
1016,70,2005.1164722930523,109567,1971.785391354276,1.2554671520420648
1016,65,2006.2922061129632,101847,1971.785391354276,1.2554671520420648
1016,60,2032.0321797718,94126,1971.785391354276,1.2554671520420648
1016,55,2067.5616602087084,86406,1971.785391354276,1.2554671520420648
1016,50,2111.8624531126598,78694,1971.785391354276,1.2554671520420648
1016,45,2139.2508652928072,70974,1971.785391354276,1.2554671520420648
1016,40,2168.6910488203184,63253,1971.785391354276,1.2554671520420648
1016,35,2193.346355257446,55533,1971.785391354276,1.2554671520420648
1016,30,2244.7144794244305,47821,1971.785391354276,1.2554671520420648
1016,25,2278.0661149004727,40101,1971.785391354276,1.2554671520420648
1016,20,2311.8546721055627,32380,1971.785391354276,1.2554671520420648
1016,15,2358.159564916135,24660,1971.785391354276,1.2554671520420648
1016,10,2447.33347567329,16948,1971.785391354276,1.2554671520420648
1016,5,2475.511789721701,9228,1971.785391354276,1.2554671520420648
1017,80,1944.010688516997,125000,1944.010688516997,1.2296447682939151
1017,75,1950.2590106996413,117279,1944.010688516997,1.2296447682939151
1017,70,1970.8745645588183,109567,1944.010688516997,1.2296447682939151
1017,65,2004.2744083615703,101847,1944.010688516997,1.2296447682939151
1017,60,2047.1970522394363,94126,1944.010688516997,1.2296447682939151
1017,55,2067.640603194896,86406,1944.010688516997,1.2296447682939151
1017,50,2073.474060662794,78694,1944.010688516997,1.2296447682939151
1017,45,2107.6586882562488,70974,1944.010688516997,1.2296447682939151
1017,40,2144.599271515087,63253,1944.010688516997,1.2296447682939151
1017,35,2182.238979765696,55533,1944.010688516997,1.2296447682939151
1017,30,2196.513590603187,47821,1944.010688516997,1.2296447682939151
1017,25,2231.1604833163296,40101,1944.010688516997,1.2296447682939151
1017,20,2250.5102609077794,32380,1944.010688516997,1.2296447682939151
1017,15,2278.8980400488326,24660,1944.010688516997,1.2296447682939151
1017,10,2327.408711110573,16948,1944.010688516997,1.2296447682939151
1017,5,2390.4425726423774,9228,1944.010688516997,1.2296447682939151
1018,80,1892.3173673111544,125000,1892.3173673111544,1.3630181035346776
1018,75,1902.804534993758,117279,1892.3173673111544,1.3630181035346776
1018,70,1935.065949861462,109567,1892.3173673111544,1.3630181035346776
1018,65,1941.7938358448955,101847,1892.3173673111544,1.3630181035346776
1018,60,1977.94232861408,94126,1892.3173673111544,1.3630181035346776
1018,55,1998.785517810097,86406,1892.3173673111544,1.3630181035346776
1018,50,2027.298561786284,78694,1892.3173673111544,1.3630181035346776
1018,45,2038.5483943846748,70974,1892.3173673111544,1.3630181035346776
1018,40,2069.331748090289,63253,1892.3173673111544,1.3630181035346776
1018,35,2161.719862431765,55533,1892.3173673111544,1.3630181035346776
1018,30,2215.078333647735,47821,1892.3173673111544,1.3630181035346776
1018,25,2253.330856484742,40101,1892.3173673111544,1.3630181035346776
1018,20,2281.2118467209284,32380,1892.3173673111544,1.3630181035346776
1018,15,2301.6054902870605,24660,1892.3173673111544,1.3630181035346776
1018,10,2421.959051897252,16948,1892.3173673111544,1.3630181035346776
1018,5,2579.2628292781837,9228,1892.3173673111544,1.3630181035346776
1019,80,1778.2794068393573,125000,1778.2794068393573,1.5501219285638963
1019,75,1799.4086093100575,117279,1778.2794068393573,1.5501219285638963
1019,70,1828.1812961158369,109567,1778.2794068393573,1.5501219285638963
1019,65,1835.458062767196,101847,1778.2794068393573,1.5501219285638963
1019,60,1872.284494456168,94126,1778.2794068393573,1.5501219285638963
1019,55,1902.0335396160365,86406,1778.2794068393573,1.5501219285638963
1019,50,1919.37578437048,78694,1778.2794068393573,1.5501219285638963
1019,45,1924.6178799665267,70974,1778.2794068393573,1.5501219285638963
1019,40,1934.853129762703,63253,1778.2794068393573,1.5501219285638963
1019,35,2066.0762791040047,55533,1778.2794068393573,1.5501219285638963
1019,30,2106.1158727785432,47821,1778.2794068393573,1.5501219285638963
1019,25,2166.777298626947,40101,1778.2794068393573,1.5501219285638963
1019,20,2255.557441042801,32380,1778.2794068393573,1.5501219285638963
1019,15,2308.436668941517,24660,1778.2794068393573,1.5501219285638963
1019,10,2610.807427774336,16948,1778.2794068393573,1.5501219285638963
1019,5,2756.549903655286,9228,1778.2794068393573,1.5501219285638963
1020,80,1789.256714292378,125000,1789.256714292378,1.533847773411391
1020,75,1790.273909622961,117279,1789.256714292378,1.533847773411391
1020,70,1805.3087886790315,109567,1789.256714292378,1.533847773411391
1020,65,1819.2850664451169,101847,1789.256714292378,1.533847773411391
1020,60,1837.2005945508756,94126,1789.256714292378,1.533847773411391
1020,55,1857.7455138201724,86406,1789.256714292378,1.533847773411391
1020,50,1862.008406805677,78694,1789.256714292378,1.533847773411391
1020,45,1867.114176637777,70974,1789.256714292378,1.533847773411391
1020,40,1889.2916886645792,63253,1789.256714292378,1.533847773411391
1020,35,2034.1158940776463,55533,1789.256714292378,1.533847773411391
1020,30,2069.7402705994677,47821,1789.256714292378,1.533847773411391
1020,25,2128.4573143418406,40101,1789.256714292378,1.533847773411391
1020,20,2225.18308712956,32380,1789.256714292378,1.533847773411391
1020,15,2382.933430333552,24660,1789.256714292378,1.533847773411391
1020,10,2639.2236914142086,16948,1789.256714292378,1.533847773411391
1020,5,2744.447427278745,9228,1789.256714292378,1.533847773411391
1021,80,1834.341826654245,125000,1834.341826654245,1.4843042765692036
1021,75,1844.133496708257,117279,1834.341826654245,1.4843042765692036
1021,70,1850.2272705927708,109567,1834.341826654245,1.4843042765692036
1021,65,1859.955612267094,101847,1834.341826654245,1.4843042765692036
1021,60,1883.610418842811,94126,1834.341826654245,1.4843042765692036
1021,55,1917.225164421288,86406,1834.341826654245,1.4843042765692036
1021,50,1931.4704929163847,78694,1834.341826654245,1.4843042765692036
1021,45,1945.2998314192064,70974,1834.341826654245,1.4843042765692036
1021,40,1993.0904188493616,63253,1834.341826654245,1.4843042765692036
1021,35,2065.641959692849,55533,1834.341826654245,1.4843042765692036
1021,30,2088.165700070069,47821,1834.341826654245,1.4843042765692036
1021,25,2154.568560706128,40101,1834.341826654245,1.4843042765692036
1021,20,2222.090336049981,32380,1834.341826654245,1.4843042765692036
1021,15,2324.639831579318,24660,1834.341826654245,1.4843042765692036
1021,10,2575.768508839556,16948,1834.341826654245,1.4843042765692036
1021,5,2722.721417992661,9228,1834.341826654245,1.4843042765692036
1022,80,1869.7830768418,125000,1869.7830768418,1.4218609736994523
1022,75,1882.918806647688,117279,1869.7830768418,1.4218609736994523
1022,70,1887.399062135584,109567,1869.7830768418,1.4218609736994523
1022,65,1888.5253850413767,101847,1869.7830768418,1.4218609736994523
1022,60,1920.6131121883025,94126,1869.7830768418,1.4218609736994523
1022,55,1951.499789767685,86406,1869.7830768418,1.4218609736994523
1022,50,1964.3938605674596,78694,1869.7830768418,1.4218609736994523
1022,45,1993.73823614733,70974,1869.7830768418,1.4218609736994523
1022,40,2065.613749466844,63253,1869.7830768418,1.4218609736994523
1022,35,2094.345503762275,55533,1869.7830768418,1.4218609736994523
1022,30,2130.393001333736,47821,1869.7830768418,1.4218609736994523
1022,25,2171.5524042015327,40101,1869.7830768418,1.4218609736994523
1022,20,2230.922643248783,32380,1869.7830768418,1.4218609736994523
1022,15,2288.0260222272154,24660,1869.7830768418,1.4218609736994523
1022,10,2494.221179108843,16948,1869.7830768418,1.4218609736994523
1022,5,2658.5715862450397,9228,1869.7830768418,1.4218609736994523
1023,80,1863.897154656448,125000,1863.897154656448,1.3953237061228725
1023,75,1872.6509530651704,117279,1863.897154656448,1.3953237061228725
1023,70,1875.3455785087533,109567,1863.897154656448,1.3953237061228725
1023,65,1882.0816171902532,101847,1863.897154656448,1.3953237061228725
1023,60,1902.673957826199,94126,1863.897154656448,1.3953237061228725
1023,55,1935.0890181821749,86406,1863.897154656448,1.3953237061228725
1023,50,1947.0911358631356,78694,1863.897154656448,1.3953237061228725
1023,45,1997.6022289840864,70974,1863.897154656448,1.3953237061228725
1023,40,2052.25407854438,63253,1863.897154656448,1.3953237061228725
1023,35,2092.425985997454,55533,1863.897154656448,1.3953237061228725
1023,30,2121.5597044728534,47821,1863.897154656448,1.3953237061228725
1023,25,2153.734739185201,40101,1863.897154656448,1.3953237061228725
1023,20,2211.303701745112,32380,1863.897154656448,1.3953237061228725
1023,15,2274.916701908875,24660,1863.897154656448,1.3953237061228725
1023,10,2444.9619476312555,16948,1863.897154656448,1.3953237061228725
1023,5,2600.739885667111,9228,1863.897154656448,1.3953237061228725
1024,80,1844.7079928520884,125000,1844.7079928520884,1.4108646097987565
1024,75,1848.232592921166,117279,1844.7079928520884,1.4108646097987565
1024,70,1853.880868230955,109567,1844.7079928520884,1.4108646097987565
1024,65,1873.5919114077888,101847,1844.7079928520884,1.4108646097987565
1024,60,1881.3021684115945,94126,1844.7079928520884,1.4108646097987565
1024,55,1938.4529315087868,86406,1844.7079928520884,1.4108646097987565
1024,50,1961.3497926153664,78694,1844.7079928520884,1.4108646097987565
1024,45,2040.5564162499716,70974,1844.7079928520884,1.4108646097987565
1024,40,2058.914494283818,63253,1844.7079928520884,1.4108646097987565
1024,35,2092.676395086733,55533,1844.7079928520884,1.4108646097987565
1024,30,2111.2179426889466,47821,1844.7079928520884,1.4108646097987565
1024,25,2147.1504146769244,40101,1844.7079928520884,1.4108646097987565
1024,20,2193.578946691101,32380,1844.7079928520884,1.4108646097987565
1024,15,2257.6392318750723,24660,1844.7079928520884,1.4108646097987565
1024,10,2440.7424937964192,16948,1844.7079928520884,1.4108646097987565
1024,5,2602.633222527909,9228,1844.7079928520884,1.4108646097987565
1025,80,1895.508975179437,125000,1895.508975179437,1.4128034658691582
1025,75,1905.92480565982,117279,1895.508975179437,1.4128034658691582
1025,70,1916.307447169042,109567,1895.508975179437,1.4128034658691582
1025,65,1937.62630446512,101847,1895.508975179437,1.4128034658691582
1025,60,1950.710182226473,94126,1895.508975179437,1.4128034658691582
1025,55,2001.3912498167128,86406,1895.508975179437,1.4128034658691582
1025,50,2031.676193507933,78694,1895.508975179437,1.4128034658691582
1025,45,2103.014346351378,70974,1895.508975179437,1.4128034658691582
1025,40,2119.1299472838105,63253,1895.508975179437,1.4128034658691582
1025,35,2163.002716138914,55533,1895.508975179437,1.4128034658691582
1025,30,2192.131795867373,47821,1895.508975179437,1.4128034658691582
1025,25,2217.1778493783195,40101,1895.508975179437,1.4128034658691582
1025,20,2254.8812960961595,32380,1895.508975179437,1.4128034658691582
1025,15,2315.3734034028457,24660,1895.508975179437,1.4128034658691582
1025,10,2461.92913265139,16948,1895.508975179437,1.4128034658691582
1025,5,2677.9816497196043,9228,1895.508975179437,1.4128034658691582
1026,80,1967.1365333194365,125000,1967.1365333194365,1.40269004251699
1026,75,1978.129422041037,117279,1967.1365333194365,1.40269004251699
1026,70,1991.2149317981,109567,1967.1365333194365,1.40269004251699
1026,65,2002.1644504139497,101847,1967.1365333194365,1.40269004251699
1026,60,2025.2063406733575,94126,1967.1365333194365,1.40269004251699
1026,55,2070.687784651897,86406,1967.1365333194365,1.40269004251699
1026,50,2100.174538719469,78694,1967.1365333194365,1.40269004251699
1026,45,2169.9906676806268,70974,1967.1365333194365,1.40269004251699
1026,40,2191.1808814382903,63253,1967.1365333194365,1.40269004251699
1026,35,2243.906749153475,55533,1967.1365333194365,1.40269004251699
1026,30,2270.7479908132955,47821,1967.1365333194365,1.40269004251699
1026,25,2293.7933749971744,40101,1967.1365333194365,1.40269004251699
1026,20,2327.6724726326693,32380,1967.1365333194365,1.40269004251699
1026,15,2377.443654355472,24660,1967.1365333194365,1.40269004251699
1026,10,2520.964672480103,16948,1967.1365333194365,1.40269004251699
1026,5,2759.2828275585643,9228,1967.1365333194365,1.40269004251699
1027,80,1963.848133409768,125000,1963.848133409768,1.4192952557496876
1027,75,1988.2912537231268,117279,1963.848133409768,1.4192952557496876
1027,70,2003.0471001482945,109567,1963.848133409768,1.4192952557496876
1027,65,2024.863833882699,101847,1963.848133409768,1.4192952557496876
1027,60,2053.3652857539087,94126,1963.848133409768,1.4192952557496876
1027,55,2100.248878240994,86406,1963.848133409768,1.4192952557496876
1027,50,2134.5272528102546,78694,1963.848133409768,1.4192952557496876
1027,45,2191.978811795107,70974,1963.848133409768,1.4192952557496876
1027,40,2212.2189665842884,63253,1963.848133409768,1.4192952557496876
1027,35,2268.268797850981,55533,1963.848133409768,1.4192952557496876
1027,30,2303.213858066217,47821,1963.848133409768,1.4192952557496876
1027,25,2328.6391956714847,40101,1963.848133409768,1.4192952557496876
1027,20,2375.481446571475,32380,1963.848133409768,1.4192952557496876
1027,15,2423.3581747196195,24660,1963.848133409768,1.4192952557496876
1027,10,2558.6021193838496,16948,1963.848133409768,1.4192952557496876
1027,5,2787.280338761363,9228,1963.848133409768,1.4192952557496876
1028,80,1980.3490185734236,125000,1980.3490185734236,1.4051522149240043
1028,75,2022.0037123756888,117279,1980.3490185734236,1.4051522149240043
1028,70,2029.9217467234168,109567,1980.3490185734236,1.4051522149240043
1028,65,2069.1151146369125,101847,1980.3490185734236,1.4051522149240043
1028,60,2092.90435010568,94126,1980.3490185734236,1.4051522149240043
1028,55,2121.3632048165355,86406,1980.3490185734236,1.4051522149240043
1028,50,2151.1716871599324,78694,1980.3490185734236,1.4051522149240043
1028,45,2187.4447920612592,70974,1980.3490185734236,1.4051522149240043
1028,40,2210.021766453703,63253,1980.3490185734236,1.4051522149240043
1028,35,2255.0342854679416,55533,1980.3490185734236,1.4051522149240043
1028,30,2305.6628508354283,47821,1980.3490185734236,1.4051522149240043
1028,25,2331.6986369343995,40101,1980.3490185734236,1.4051522149240043
1028,20,2363.755397544252,32380,1980.3490185734236,1.4051522149240043
1028,15,2402.137907488358,24660,1980.3490185734236,1.4051522149240043
1028,10,2527.432027439373,16948,1980.3490185734236,1.4051522149240043
1028,5,2782.691809771024,9228,1980.3490185734236,1.4051522149240043
1029,80,1975.4895665394715,125000,1975.4895665394715,1.4019668227166298
1029,75,2007.87496098764,117279,1975.4895665394715,1.4019668227166298
1029,70,2010.6353577366292,109567,1975.4895665394715,1.4019668227166298
1029,65,2063.904569458866,101847,1975.4895665394715,1.4019668227166298
1029,60,2096.010774941656,94126,1975.4895665394715,1.4019668227166298
1029,55,2114.005056634401,86406,1975.4895665394715,1.4019668227166298
1029,50,2135.5075594526447,78694,1975.4895665394715,1.4019668227166298
1029,45,2169.931010849532,70974,1975.4895665394715,1.4019668227166298
1029,40,2200.5987683925805,63253,1975.4895665394715,1.4019668227166298
1029,35,2241.936861079332,55533,1975.4895665394715,1.4019668227166298
1029,30,2292.3226075090665,47821,1975.4895665394715,1.4019668227166298
1029,25,2326.786392112221,40101,1975.4895665394715,1.4019668227166298
1029,20,2348.810073741752,32380,1975.4895665394715,1.4019668227166298
1029,15,2385.084831026837,24660,1975.4895665394715,1.4019668227166298
1029,10,2503.797340022744,16948,1975.4895665394715,1.4019668227166298
1029,5,2769.5708309111947,9228,1975.4895665394715,1.4019668227166298
1030,80,1859.416151829672,125000,1859.416151829672,1.4637438687176796
1030,75,1865.827747316414,117279,1859.416151829672,1.4637438687176796
1030,70,1878.3636985961712,109567,1859.416151829672,1.4637438687176796
1030,65,1899.1234457709809,101847,1859.416151829672,1.4637438687176796
1030,60,1914.1369038179712,94126,1859.416151829672,1.4637438687176796
1030,55,1928.3758102886584,86406,1859.416151829672,1.4637438687176796
1030,50,1950.2514309838573,78694,1859.416151829672,1.4637438687176796
1030,45,1980.3520281479875,70974,1859.416151829672,1.4637438687176796
1030,40,2005.0287342768504,63253,1859.416151829672,1.4637438687176796
1030,35,2057.726944499436,55533,1859.416151829672,1.4637438687176796
1030,30,2089.980383229277,47821,1859.416151829672,1.4637438687176796
1030,25,2145.574609721981,40101,1859.416151829672,1.4637438687176796
1030,20,2159.299443520225,32380,1859.416151829672,1.4637438687176796
1030,15,2238.643622235322,24660,1859.416151829672,1.4637438687176796
1030,10,2364.946718938463,16948,1859.416151829672,1.4637438687176796
1030,5,2721.7089916353043,9228,1859.416151829672,1.4637438687176796
1031,80,1858.6109308631465,125000,1858.6109308631465,1.4763033112290385
1031,75,1863.7621770313028,117279,1858.6109308631465,1.4763033112290385
1031,70,1908.9138064953584,109567,1858.6109308631465,1.4763033112290385
1031,65,1924.9896544284209,101847,1858.6109308631465,1.4763033112290385
1031,60,1934.938806405198,94126,1858.6109308631465,1.4763033112290385
1031,55,1953.2303829401744,86406,1858.6109308631465,1.4763033112290385
1031,50,2008.077283061937,78694,1858.6109308631465,1.4763033112290385
1031,45,2026.084195588132,70974,1858.6109308631465,1.4763033112290385
1031,40,2060.330020792875,63253,1858.6109308631465,1.4763033112290385
1031,35,2110.58332747356,55533,1858.6109308631465,1.4763033112290385
1031,30,2135.554775524665,47821,1858.6109308631465,1.4763033112290385
1031,25,2162.4606224785307,40101,1858.6109308631465,1.4763033112290385
1031,20,2194.7832992382664,32380,1858.6109308631465,1.4763033112290385
1031,15,2296.392771680274,24660,1858.6109308631465,1.4763033112290385
1031,10,2406.268746130026,16948,1858.6109308631465,1.4763033112290385
1031,5,2743.8734715197484,9228,1858.6109308631465,1.4763033112290385
1032,80,1789.378279267131,125000,1789.378279267131,1.446227802196164
1032,75,1798.281506678517,117279,1789.378279267131,1.446227802196164
1032,70,1829.070082236361,109567,1789.378279267131,1.446227802196164
1032,65,1836.5434594239716,101847,1789.378279267131,1.446227802196164
1032,60,1852.543101434148,94126,1789.378279267131,1.446227802196164
1032,55,1879.565675135355,86406,1789.378279267131,1.446227802196164
1032,50,1901.6959921137052,78694,1789.378279267131,1.446227802196164
1032,45,1930.2355122072136,70974,1789.378279267131,1.446227802196164
1032,40,1989.7714564445532,63253,1789.378279267131,1.446227802196164
1032,35,2054.2524632239315,55533,1789.378279267131,1.446227802196164
1032,30,2117.093106806556,47821,1789.378279267131,1.446227802196164
1032,25,2127.984983646744,40101,1789.378279267131,1.446227802196164
1032,20,2153.887588934481,32380,1789.378279267131,1.446227802196164
1032,15,2214.3726782176323,24660,1789.378279267131,1.446227802196164
1032,10,2342.6407494829627,16948,1789.378279267131,1.446227802196164
1032,5,2587.848616122056,9228,1789.378279267131,1.446227802196164
1033,80,1664.208043010137,125000,1664.208043010137,1.5598651122617109
1033,75,1675.7551981053532,117279,1664.208043010137,1.5598651122617109
1033,70,1682.645470573087,109567,1664.208043010137,1.5598651122617109
1033,65,1686.8597249385411,101847,1664.208043010137,1.5598651122617109
1033,60,1719.660912138731,94126,1664.208043010137,1.5598651122617109
1033,55,1743.379512117173,86406,1664.208043010137,1.5598651122617109
1033,50,1770.8389836290698,78694,1664.208043010137,1.5598651122617109
1033,45,1810.525247089275,70974,1664.208043010137,1.5598651122617109
1033,40,1851.4741827085943,63253,1664.208043010137,1.5598651122617109
1033,35,1932.9487609789487,55533,1664.208043010137,1.5598651122617109
1033,30,1994.4045307441504,47821,1664.208043010137,1.5598651122617109
1033,25,2032.8631880572743,40101,1664.208043010137,1.5598651122617109
1033,20,2058.197578972572,32380,1664.208043010137,1.5598651122617109
1033,15,2116.55890608808,24660,1664.208043010137,1.5598651122617109
1033,10,2334.734096533753,16948,1664.208043010137,1.5598651122617109
1033,5,2595.940065836849,9228,1664.208043010137,1.5598651122617109
1034,80,1600.1783680218512,125000,1600.1783680218512,1.7019051884301613
1034,75,1621.848657576996,117279,1600.1783680218512,1.7019051884301613
1034,70,1641.5990521050226,109567,1600.1783680218512,1.7019051884301613
1034,65,1653.9131359277687,101847,1600.1783680218512,1.7019051884301613
1034,60,1687.945636082779,94126,1600.1783680218512,1.7019051884301613
1034,55,1697.618391403772,86406,1600.1783680218512,1.7019051884301613
1034,50,1740.6368262105289,78694,1600.1783680218512,1.7019051884301613
1034,45,1779.0617870995882,70974,1600.1783680218512,1.7019051884301613
1034,40,1812.5379457577933,63253,1600.1783680218512,1.7019051884301613
1034,35,1881.9009279193936,55533,1600.1783680218512,1.7019051884301613
1034,30,1939.5499013500448,47821,1600.1783680218512,1.7019051884301613
1034,25,1974.7421791862864,40101,1600.1783680218512,1.7019051884301613
1034,20,2004.276659698642,32380,1600.1783680218512,1.7019051884301613
1034,15,2097.185481140407,24660,1600.1783680218512,1.7019051884301613
1034,10,2455.6809868490163,16948,1600.1783680218512,1.7019051884301613
1034,5,2723.3518669500963,9228,1600.1783680218512,1.7019051884301613
1035,80,1409.728708480682,125000,1409.728708480682,1.9959684579887893
1035,75,1425.7749478480437,117279,1409.728708480682,1.9959684579887893
1035,70,1437.574716193005,109567,1409.728708480682,1.9959684579887893
1035,65,1447.772947206984,101847,1409.728708480682,1.9959684579887893
1035,60,1474.3839337966383,94126,1409.728708480682,1.9959684579887893
1035,55,1510.9558076757244,86406,1409.728708480682,1.9959684579887893
1035,50,1524.2838875416785,78694,1409.728708480682,1.9959684579887893
1035,45,1558.5995436219932,70974,1409.728708480682,1.9959684579887893
1035,40,1581.1791730174846,63253,1409.728708480682,1.9959684579887893
1035,35,1669.9620629580456,55533,1409.728708480682,1.9959684579887893
1035,30,1728.3376481255457,47821,1409.728708480682,1.9959684579887893
1035,25,1768.5518721186038,40101,1409.728708480682,1.9959684579887893
1035,20,1811.7858897943215,32380,1409.728708480682,1.9959684579887893
1035,15,1895.683945784272,24660,1409.728708480682,1.9959684579887893
1035,10,2425.93274389921,16948,1409.728708480682,1.9959684579887893
1035,5,2813.7740364487145,9228,1409.728708480682,1.9959684579887893
1036,80,1141.9384200034472,125000,1141.9384200034472,2.539292175918596
1036,75,1188.0163296839337,117279,1141.9384200034472,2.539292175918596
1036,70,1199.099599474408,109567,1141.9384200034472,2.539292175918596
1036,65,1210.1577878746057,101847,1141.9384200034472,2.539292175918596
1036,60,1221.2882250996568,94126,1141.9384200034472,2.539292175918596
1036,55,1303.5115060531234,86406,1141.9384200034472,2.539292175918596
1036,50,1330.858137204311,78694,1141.9384200034472,2.539292175918596
1036,45,1374.5678689559877,70974,1141.9384200034472,2.539292175918596
1036,40,1410.8127186628835,63253,1141.9384200034472,2.539292175918596
1036,35,1535.847798412787,55533,1141.9384200034472,2.539292175918596
1036,30,1594.1073765583792,47821,1141.9384200034472,2.539292175918596
1036,25,1630.577844434801,40101,1141.9384200034472,2.539292175918596
1036,20,1708.9077476692937,32380,1141.9384200034472,2.539292175918596
1036,15,1810.1136123391605,24660,1141.9384200034472,2.539292175918596
1036,10,2417.946078190152,16948,1141.9384200034472,2.539292175918596
1036,5,2899.715295295596,9228,1141.9384200034472,2.539292175918596
1038,80,976.6624805074566,125000,976.6624805074566,3.0967694611770464
1038,75,1029.4711798459257,117279,976.6624805074566,3.0967694611770464
1038,70,1038.7479046813858,109567,976.6624805074566,3.0967694611770464
1038,65,1055.1711597693136,101847,976.6624805074566,3.0967694611770464
1038,60,1093.1448762105615,94126,976.6624805074566,3.0967694611770464
1038,55,1189.8386719629566,86406,976.6624805074566,3.0967694611770464
1038,50,1226.248138180604,78694,976.6624805074566,3.0967694611770464
1038,45,1272.0120087582316,70974,976.6624805074566,3.0967694611770464
1038,40,1330.2601179444507,63253,976.6624805074566,3.0967694611770464
1038,35,1471.862161530803,55533,976.6624805074566,3.0967694611770464
1038,30,1530.5300635777803,47821,976.6624805074566,3.0967694611770464
1038,25,1553.3352547383597,40101,976.6624805074566,3.0967694611770464
1038,20,1639.9207560939917,32380,976.6624805074566,3.0967694611770464
1038,15,1780.8372960118122,24660,976.6624805074566,3.0967694611770464
1038,10,2506.0523895721863,16948,976.6624805074566,3.0967694611770464
1038,5,3024.4985435129142,9228,976.6624805074566,3.0967694611770464
1039,80,1087.49455381044,125000,1087.49455381044,2.7809229179093053
1039,75,1138.474965839032,117279,1087.49455381044,2.7809229179093053
1039,70,1144.0315041080669,109567,1087.49455381044,2.7809229179093053
1039,65,1153.856170392045,101847,1087.49455381044,2.7809229179093053
1039,60,1186.443080344887,94126,1087.49455381044,2.7809229179093053
1039,55,1270.513717419211,86406,1087.49455381044,2.7809229179093053
1039,50,1292.3402257719397,78694,1087.49455381044,2.7809229179093053
1039,45,1328.9572389516138,70974,1087.49455381044,2.7809229179093053
1039,40,1383.1358719614757,63253,1087.49455381044,2.7809229179093053
1039,35,1524.9623022254088,55533,1087.49455381044,2.7809229179093053
1039,30,1592.1400002015537,47821,1087.49455381044,2.7809229179093053
1039,25,1614.7675617353786,40101,1087.49455381044,2.7809229179093053
1039,20,1688.8929820871815,32380,1087.49455381044,2.7809229179093053
1039,15,1829.4638983981995,24660,1087.49455381044,2.7809229179093053
1039,10,2526.023829620713,16948,1087.49455381044,2.7809229179093053
1039,5,3024.238527793007,9228,1087.49455381044,2.7809229179093053
1040,80,1127.6376675362606,125000,1127.6376675362606,2.632527200051235
1040,75,1183.1684586617882,117279,1127.6376675362606,2.632527200051235
1040,70,1191.428862314523,109567,1127.6376675362606,2.632527200051235
1040,65,1198.0972309946242,101847,1127.6376675362606,2.632527200051235
1040,60,1222.9730716484048,94126,1127.6376675362606,2.632527200051235
1040,55,1293.0331614178233,86406,1127.6376675362606,2.632527200051235
1040,50,1306.2691047548356,78694,1127.6376675362606,2.632527200051235
1040,45,1336.0837000092615,70974,1127.6376675362606,2.632527200051235
1040,40,1384.8781040394915,63253,1127.6376675362606,2.632527200051235
1040,35,1525.9069418360796,55533,1127.6376675362606,2.632527200051235
1040,30,1597.8208311369328,47821,1127.6376675362606,2.632527200051235
1040,25,1620.085941332045,40101,1127.6376675362606,2.632527200051235
1040,20,1684.7913407474894,32380,1127.6376675362606,2.632527200051235
1040,15,1821.5935718058547,24660,1127.6376675362606,2.632527200051235
1040,10,2494.7413741268783,16948,1127.6376675362606,2.632527200051235
1040,5,2968.536831591537,9228,1127.6376675362606,2.632527200051235
1041,80,1150.6792601597967,125000,1150.6792601597967,2.54037578951216
1041,75,1210.7805323190323,117279,1150.6792601597967,2.54037578951216
1041,70,1223.144875908812,109567,1150.6792601597967,2.54037578951216
1041,65,1231.4618079753925,101847,1150.6792601597967,2.54037578951216
1041,60,1249.9167577710873,94126,1150.6792601597967,2.54037578951216
1041,55,1310.612735478913,86406,1150.6792601597967,2.54037578951216
1041,50,1320.6571907512614,78694,1150.6792601597967,2.54037578951216
1041,45,1349.6394600305891,70974,1150.6792601597967,2.54037578951216
1041,40,1396.595884429165,63253,1150.6792601597967,2.54037578951216
1041,35,1537.1071760879804,55533,1150.6792601597967,2.54037578951216
1041,30,1613.3258560144852,47821,1150.6792601597967,2.54037578951216
1041,25,1635.6151352148156,40101,1150.6792601597967,2.54037578951216
1041,20,1696.4049867446788,32380,1150.6792601597967,2.54037578951216
1041,15,1820.797498279334,24660,1150.6792601597967,2.54037578951216
1041,10,2488.5361637910446,16948,1150.6792601597967,2.54037578951216
1041,5,2923.1577340037115,9228,1150.6792601597967,2.54037578951216
1042,80,1131.738343425211,125000,1131.738343425211,2.578499242429275
1042,75,1190.1043586785206,117279,1131.738343425211,2.578499242429275
1042,70,1203.990872033693,109567,1131.738343425211,2.578499242429275
1042,65,1217.0633726438027,101847,1131.738343425211,2.578499242429275
1042,60,1231.1785826979528,94126,1131.738343425211,2.578499242429275
1042,55,1303.5045932688342,86406,1131.738343425211,2.578499242429275
1042,50,1310.9584809870098,78694,1131.738343425211,2.578499242429275
1042,45,1349.2071292449828,70974,1131.738343425211,2.578499242429275
1042,40,1388.2231335622423,63253,1131.738343425211,2.578499242429275
1042,35,1522.6128166885474,55533,1131.738343425211,2.578499242429275
1042,30,1606.5236179616377,47821,1131.738343425211,2.578499242429275
1042,25,1625.6514960055313,40101,1131.738343425211,2.578499242429275
1042,20,1694.181155379425,32380,1131.738343425211,2.578499242429275
1042,15,1823.4403203216093,24660,1131.738343425211,2.578499242429275
1042,10,2494.228699683127,16948,1131.738343425211,2.578499242429275
1042,5,2918.1864611500696,9228,1131.738343425211,2.578499242429275
1043,80,983.1457512706144,125000,983.1457512706144,2.8750389568397927
1043,75,1045.3674059297346,117279,983.1457512706144,2.8750389568397927
1043,70,1069.620607595507,109567,983.1457512706144,2.8750389568397927
1043,65,1087.6971662628378,101847,983.1457512706144,2.8750389568397927
1043,60,1105.1391068707687,94126,983.1457512706144,2.8750389568397927
1043,55,1195.8647072691026,86406,983.1457512706144,2.8750389568397927
1043,50,1205.1222319100218,78694,983.1457512706144,2.8750389568397927
1043,45,1250.483586052103,70974,983.1457512706144,2.8750389568397927
1043,40,1284.515533184688,63253,983.1457512706144,2.8750389568397927
1043,35,1426.029918389978,55533,983.1457512706144,2.8750389568397927
1043,30,1514.466931028973,47821,983.1457512706144,2.8750389568397927
1043,25,1533.5413162864725,40101,983.1457512706144,2.8750389568397927
1043,20,1614.9446524533496,32380,983.1457512706144,2.8750389568397927
1043,15,1736.7097115276488,24660,983.1457512706144,2.8750389568397927
1043,10,2434.799953762123,16948,983.1457512706144,2.8750389568397927
1043,5,2826.582335154541,9228,983.1457512706144,2.8750389568397927
1045,80,981.4389143068076,125000,981.4389143068076,2.777593360751305
1045,75,1043.7153812506624,117279,981.4389143068076,2.777593360751305
1045,70,1077.734237504077,109567,981.4389143068076,2.777593360751305
1045,65,1108.5280756128484,101847,981.4389143068076,2.777593360751305
1045,60,1136.6013593628109,94126,981.4389143068076,2.777593360751305
1045,55,1189.7513064657658,86406,981.4389143068076,2.777593360751305
1045,50,1206.6625329989513,78694,981.4389143068076,2.777593360751305
1045,45,1257.9425863662336,70974,981.4389143068076,2.777593360751305
1045,40,1289.41013579995,63253,981.4389143068076,2.777593360751305
1045,35,1395.1690123764026,55533,981.4389143068076,2.777593360751305
1045,30,1473.6153194965816,47821,981.4389143068076,2.777593360751305
1045,25,1524.7806937362488,40101,981.4389143068076,2.777593360751305
1045,20,1642.4439202871654,32380,981.4389143068076,2.777593360751305
1045,15,1754.32283117119,24660,981.4389143068076,2.777593360751305
1045,10,2401.4627918803158,16948,981.4389143068076,2.777593360751305
1045,5,2726.0382123615573,9228,981.4389143068076,2.777593360751305
1046,80,1290.5436329062677,125000,1290.5436329062677,2.107213707522501
1046,75,1330.2165446103522,117279,1290.5436329062677,2.107213707522501
1046,70,1349.2511327176444,109567,1290.5436329062677,2.107213707522501
1046,65,1374.871457772105,101847,1290.5436329062677,2.107213707522501
1046,60,1392.623858940016,94126,1290.5436329062677,2.107213707522501
1046,55,1413.5384157611034,86406,1290.5436329062677,2.107213707522501
1046,50,1430.9542583036207,78694,1290.5436329062677,2.107213707522501
1046,45,1473.8455419014754,70974,1290.5436329062677,2.107213707522501
1046,40,1506.2774990064595,63253,1290.5436329062677,2.107213707522501
1046,35,1564.2830537148784,55533,1290.5436329062677,2.107213707522501
1046,30,1633.6692986121448,47821,1290.5436329062677,2.107213707522501
1046,25,1683.5136529018976,40101,1290.5436329062677,2.107213707522501
1046,20,1762.1497400309345,32380,1290.5436329062677,2.107213707522501
1046,15,1854.4935032189808,24660,1290.5436329062677,2.107213707522501
1046,10,2472.449242898898,16948,1290.5436329062677,2.107213707522501
1046,5,2719.451233415973,9228,1290.5436329062677,2.107213707522501
1047,80,1404.756083865327,125000,1404.756083865327,1.9053443256635063
1047,75,1431.757081612194,117279,1404.756083865327,1.9053443256635063
1047,70,1442.7418682568152,109567,1404.756083865327,1.9053443256635063
1047,65,1461.716974055296,101847,1404.756083865327,1.9053443256635063
1047,60,1487.225773338149,94126,1404.756083865327,1.9053443256635063
1047,55,1501.2417843745468,86406,1404.756083865327,1.9053443256635063
1047,50,1522.2798456391558,78694,1404.756083865327,1.9053443256635063
1047,45,1544.8472340430178,70974,1404.756083865327,1.9053443256635063
1047,40,1582.7414760571526,63253,1404.756083865327,1.9053443256635063
1047,35,1627.9972440057695,55533,1404.756083865327,1.9053443256635063
1047,30,1706.9042295755862,47821,1404.756083865327,1.9053443256635063
1047,25,1744.780700295535,40101,1404.756083865327,1.9053443256635063
1047,20,1792.537623765348,32380,1404.756083865327,1.9053443256635063
1047,15,1888.2651254478635,24660,1404.756083865327,1.9053443256635063
1047,10,2461.2306551043403,16948,1404.756083865327,1.9053443256635063
1047,5,2676.544033334089,9228,1404.756083865327,1.9053443256635063
1048,80,1530.4894949809163,125000,1530.4894949809163,1.6801242924553563
1048,75,1538.4020220491814,117279,1530.4894949809163,1.6801242924553563
1048,70,1546.5844959411586,109567,1530.4894949809163,1.6801242924553563
1048,65,1560.0640380137622,101847,1530.4894949809163,1.6801242924553563
1048,60,1582.3740219630229,94126,1530.4894949809163,1.6801242924553563
1048,55,1593.0353308986216,86406,1530.4894949809163,1.6801242924553563
1048,50,1609.5203299086618,78694,1530.4894949809163,1.6801242924553563
1048,45,1616.6594489822455,70974,1530.4894949809163,1.6801242924553563
1048,40,1646.9613840617849,63253,1530.4894949809163,1.6801242924553563
1048,35,1703.145184405966,55533,1530.4894949809163,1.6801242924553563
1048,30,1757.7186906488014,47821,1530.4894949809163,1.6801242924553563
1048,25,1809.48628938898,40101,1530.4894949809163,1.6801242924553563
1048,20,1852.0141403173443,32380,1530.4894949809163,1.6801242924553563
1048,15,1913.501250686653,24660,1530.4894949809163,1.6801242924553563
1048,10,2398.973120620595,16948,1530.4894949809163,1.6801242924553563
1048,5,2571.412579865168,9228,1530.4894949809163,1.6801242924553563
1049,80,1308.4812874740965,125000,1308.4812874740965,1.5832783598672415
1049,75,1315.819827043603,117279,1308.4812874740965,1.5832783598672415
1049,70,1318.561586783875,109567,1308.4812874740965,1.5832783598672415
1049,65,1330.7216337886005,101847,1308.4812874740965,1.5832783598672415
1049,60,1342.970989365821,94126,1308.4812874740965,1.5832783598672415
1049,55,1351.1476828770278,86406,1308.4812874740965,1.5832783598672415
1049,50,1372.934331311512,78694,1308.4812874740965,1.5832783598672415
1049,45,1388.6777427698987,70974,1308.4812874740965,1.5832783598672415
1049,40,1404.195357568882,63253,1308.4812874740965,1.5832783598672415
1049,35,1458.564778831442,55533,1308.4812874740965,1.5832783598672415
1049,30,1566.0581992344694,47821,1308.4812874740965,1.5832783598672415
1049,25,1608.1166920273156,40101,1308.4812874740965,1.5832783598672415
1049,20,1613.2088607866183,32380,1308.4812874740965,1.5832783598672415
1049,15,1756.3259920115347,24660,1308.4812874740965,1.5832783598672415
1049,10,1866.439009888766,16948,1308.4812874740965,1.5832783598672415
1049,5,2071.690106748964,9228,1308.4812874740965,1.5832783598672415
1050,80,1337.2264730333975,125000,1337.2264730333975,1.5586524728724451
1050,75,1342.7201925408474,117279,1337.2264730333975,1.5586524728724451
1050,70,1347.258645433969,109567,1337.2264730333975,1.5586524728724451
1050,65,1369.4880868491457,101847,1337.2264730333975,1.5586524728724451
1050,60,1382.282984667838,94126,1337.2264730333975,1.5586524728724451
1050,55,1398.8146282083098,86406,1337.2264730333975,1.5586524728724451
1050,50,1419.796418779283,78694,1337.2264730333975,1.5586524728724451
1050,45,1423.8427320649985,70974,1337.2264730333975,1.5586524728724451
1050,40,1440.1769053115954,63253,1337.2264730333975,1.5586524728724451
1050,35,1488.7263568507915,55533,1337.2264730333975,1.5586524728724451
1050,30,1565.8406867131862,47821,1337.2264730333975,1.5586524728724451
1050,25,1606.2852296137708,40101,1337.2264730333975,1.5586524728724451
1050,20,1614.4886821980715,32380,1337.2264730333975,1.5586524728724451
1050,15,1759.2653651000871,24660,1337.2264730333975,1.5586524728724451
1050,10,1871.3764587926885,16948,1337.2264730333975,1.5586524728724451
1050,5,2084.2713489840035,9228,1337.2264730333975,1.5586524728724451
1051,80,1357.8506602376806,125000,1357.8506602376806,1.5641823064114428
1051,75,1366.346685773818,117279,1357.8506602376806,1.5641823064114428
1051,70,1376.5325827821264,109567,1357.8506602376806,1.5641823064114428
1051,65,1416.0865861067832,101847,1357.8506602376806,1.5641823064114428
1051,60,1432.1836784307163,94126,1357.8506602376806,1.5641823064114428
1051,55,1448.437342198332,86406,1357.8506602376806,1.5641823064114428
1051,50,1472.1710123526138,78694,1357.8506602376806,1.5641823064114428
1051,45,1480.581902460176,70974,1357.8506602376806,1.5641823064114428
1051,40,1508.721604906326,63253,1357.8506602376806,1.5641823064114428
1051,35,1573.995091289211,55533,1357.8506602376806,1.5641823064114428
1051,30,1620.073228530084,47821,1357.8506602376806,1.5641823064114428
1051,25,1645.8082227334314,40101,1357.8506602376806,1.5641823064114428
1051,20,1659.654788384835,32380,1357.8506602376806,1.5641823064114428
1051,15,1798.0851065858917,24660,1357.8506602376806,1.5641823064114428
1051,10,1911.9112183118364,16948,1357.8506602376806,1.5641823064114428
1051,5,2123.9259774928755,9228,1357.8506602376806,1.5641823064114428
1052,80,1347.1115176818728,125000,1347.1115176818728,1.6175084020808173
1052,75,1358.291231693487,117279,1347.1115176818728,1.6175084020808173
1052,70,1365.8552596408615,109567,1347.1115176818728,1.6175084020808173
1052,65,1401.7474478686895,101847,1347.1115176818728,1.6175084020808173
1052,60,1418.937524114667,94126,1347.1115176818728,1.6175084020808173
1052,55,1437.030213436489,86406,1347.1115176818728,1.6175084020808173
1052,50,1470.3923449085771,78694,1347.1115176818728,1.6175084020808173
1052,45,1487.0398351620206,70974,1347.1115176818728,1.6175084020808173
1052,40,1542.2220491906792,63253,1347.1115176818728,1.6175084020808173
1052,35,1624.7846033074518,55533,1347.1115176818728,1.6175084020808173
1052,30,1655.4032973173444,47821,1347.1115176818728,1.6175084020808173
1052,25,1702.72009206389,40101,1347.1115176818728,1.6175084020808173
1052,20,1734.3398898797168,32380,1347.1115176818728,1.6175084020808173
1052,15,1858.4178276951443,24660,1347.1115176818728,1.6175084020808173
1052,10,1971.6634684973296,16948,1347.1115176818728,1.6175084020808173
1052,5,2178.9641983902707,9228,1347.1115176818728,1.6175084020808173
1053,80,1343.5498444262057,125000,1343.5498444262057,1.6528902042201536
1053,75,1357.0842852378605,117279,1343.5498444262057,1.6528902042201536
1053,70,1363.0607327275145,109567,1343.5498444262057,1.6528902042201536
1053,65,1377.584378409952,101847,1343.5498444262057,1.6528902042201536
1053,60,1402.1827184103256,94126,1343.5498444262057,1.6528902042201536
1053,55,1425.1228384072829,86406,1343.5498444262057,1.6528902042201536
1053,50,1472.6277676056334,78694,1343.5498444262057,1.6528902042201536
1053,45,1490.7712779783988,70974,1343.5498444262057,1.6528902042201536
1053,40,1556.561409372291,63253,1343.5498444262057,1.6528902042201536
1053,35,1616.7982274887856,55533,1343.5498444262057,1.6528902042201536
1053,30,1646.779335079296,47821,1343.5498444262057,1.6528902042201536
1053,25,1706.988530030732,40101,1343.5498444262057,1.6528902042201536
1053,20,1765.433413486534,32380,1343.5498444262057,1.6528902042201536
1053,15,1879.8188472801555,24660,1343.5498444262057,1.6528902042201536
1053,10,1993.5051416046556,16948,1343.5498444262057,1.6528902042201536
1053,5,2220.7403767335863,9228,1343.5498444262057,1.6528902042201536
1054,80,1286.6498313126451,125000,1286.6498313126451,1.7621553865544612
1054,75,1302.8069976756,117279,1286.6498313126451,1.7621553865544612
1054,70,1310.192929966227,109567,1286.6498313126451,1.7621553865544612
1054,65,1317.391096044401,101847,1286.6498313126451,1.7621553865544612
1054,60,1350.4049158230123,94126,1286.6498313126451,1.7621553865544612
1054,55,1391.4300061869965,86406,1286.6498313126451,1.7621553865544612
1054,50,1441.87433805792,78694,1286.6498313126451,1.7621553865544612
1054,45,1464.4279995863733,70974,1286.6498313126451,1.7621553865544612
1054,40,1535.0715433938758,63253,1286.6498313126451,1.7621553865544612
1054,35,1558.805431760917,55533,1286.6498313126451,1.7621553865544612
1054,30,1609.07051244498,47821,1286.6498313126451,1.7621553865544612
1054,25,1651.3759141808423,40101,1286.6498313126451,1.7621553865544612
1054,20,1734.2730377591158,32380,1286.6498313126451,1.7621553865544612
1054,15,1874.4938163750323,24660,1286.6498313126451,1.7621553865544612
1054,10,1974.844453575395,16948,1286.6498313126451,1.7621553865544612
1054,5,2267.276930856967,9228,1286.6498313126451,1.7621553865544612
1055,80,1176.745697530122,125000,1176.745697530122,1.9536215806176904
1055,75,1200.359003312665,117279,1176.745697530122,1.9536215806176904
1055,70,1214.009206399449,109567,1176.745697530122,1.9536215806176904
1055,65,1226.910606578076,101847,1176.745697530122,1.9536215806176904
1055,60,1265.7161431025222,94126,1176.745697530122,1.9536215806176904
1055,55,1315.2578703286667,86406,1176.745697530122,1.9536215806176904
1055,50,1364.9053754591189,78694,1176.745697530122,1.9536215806176904
1055,45,1397.954756585878,70974,1176.745697530122,1.9536215806176904
1055,40,1484.3069181601147,63253,1176.745697530122,1.9536215806176904
1055,35,1501.5016161813674,55533,1176.745697530122,1.9536215806176904
1055,30,1579.7364757065598,47821,1176.745697530122,1.9536215806176904
1055,25,1604.4366622830817,40101,1176.745697530122,1.9536215806176904
1055,20,1716.925218080532,32380,1176.745697530122,1.9536215806176904
1055,15,1867.011385984305,24660,1176.745697530122,1.9536215806176904
1055,10,1964.6047005343696,16948,1176.745697530122,1.9536215806176904
1055,5,2298.915789593864,9228,1176.745697530122,1.9536215806176904
1056,80,931.7387868717728,125000,931.7387868717728,2.424621392400878
1056,75,972.2930826572943,117279,931.7387868717728,2.424621392400878
1056,70,1018.0844569155825,109567,931.7387868717728,2.424621392400878
1056,65,1045.9549970793662,101847,931.7387868717728,2.424621392400878
1056,60,1093.9070722322926,94126,931.7387868717728,2.424621392400878
1056,55,1153.5579853834204,86406,931.7387868717728,2.424621392400878
1056,50,1206.3073710065316,78694,931.7387868717728,2.424621392400878
1056,45,1240.8653613624078,70974,931.7387868717728,2.424621392400878
1056,40,1367.5121467214933,63253,931.7387868717728,2.424621392400878
1056,35,1390.6062561197923,55533,931.7387868717728,2.424621392400878
1056,30,1501.472215046438,47821,931.7387868717728,2.424621392400878
1056,25,1526.819892353378,40101,931.7387868717728,2.424621392400878
1056,20,1651.76716967293,32380,931.7387868717728,2.424621392400878
1056,15,1814.2298275164492,24660,931.7387868717728,2.424621392400878
1056,10,1939.6559840703296,16948,931.7387868717728,2.424621392400878
1056,5,2259.1137947789425,9228,931.7387868717728,2.424621392400878
1058,80,976.2214973462322,125000,976.2214973462322,2.182915608878641
1058,75,1004.8255306854006,117279,976.2214973462322,2.182915608878641
1058,70,1067.0173053306148,109567,976.2214973462322,2.182915608878641
1058,65,1092.9784944770356,101847,976.2214973462322,2.182915608878641
1058,60,1121.713570846632,94126,976.2214973462322,2.182915608878641
1058,55,1156.4416199260204,86406,976.2214973462322,2.182915608878641
1058,50,1207.9604787120295,78694,976.2214973462322,2.182915608878641
1058,45,1227.13033125484,70974,976.2214973462322,2.182915608878641
1058,40,1315.7498709172064,63253,976.2214973462322,2.182915608878641
1058,35,1356.3735337513665,55533,976.2214973462322,2.182915608878641
1058,30,1465.9397898864936,47821,976.2214973462322,2.182915608878641
1058,25,1523.5242212569265,40101,976.2214973462322,2.182915608878641
1058,20,1619.8408419968991,32380,976.2214973462322,2.182915608878641
1058,15,1733.7451315333344,24660,976.2214973462322,2.182915608878641
1058,10,1922.1228933688792,16948,976.2214973462322,2.182915608878641
1058,5,2131.0091442799694,9228,976.2214973462322,2.182915608878641
1059,80,1212.5590174840215,125000,1212.5590174840215,1.6561176867353102
1059,75,1225.5176467287552,117279,1212.5590174840215,1.6561176867353102
1059,70,1261.1512707765498,109567,1212.5590174840215,1.6561176867353102
1059,65,1285.1397519664235,101847,1212.5590174840215,1.6561176867353102
1059,60,1298.7675556278928,94126,1212.5590174840215,1.6561176867353102
1059,55,1310.839866987537,86406,1212.5590174840215,1.6561176867353102
1059,50,1346.539748352911,78694,1212.5590174840215,1.6561176867353102
1059,45,1361.0696270112312,70974,1212.5590174840215,1.6561176867353102
1059,40,1411.795542092718,63253,1212.5590174840215,1.6561176867353102
1059,35,1455.566672160885,55533,1212.5590174840215,1.6561176867353102
1059,30,1523.612990036772,47821,1212.5590174840215,1.6561176867353102
1059,25,1577.8702903323754,40101,1212.5590174840215,1.6561176867353102
1059,20,1622.8100972817524,32380,1212.5590174840215,1.6561176867353102
1059,15,1734.4435000831902,24660,1212.5590174840215,1.6561176867353102
1059,10,1863.7427624127984,16948,1212.5590174840215,1.6561176867353102
1059,5,2008.1404350656785,9228,1212.5590174840215,1.6561176867353102
1060,80,1483.332428174307,125000,1483.332428174307,1.3447254159238415
1060,75,1514.9940874164208,117279,1483.332428174307,1.3447254159238415
1060,70,1519.2503362875432,109567,1483.332428174307,1.3447254159238415
1060,65,1547.1395767759443,101847,1483.332428174307,1.3447254159238415
1060,60,1559.1335788780968,94126,1483.332428174307,1.3447254159238415
1060,55,1579.790301408573,86406,1483.332428174307,1.3447254159238415
1060,50,1603.7538856830188,78694,1483.332428174307,1.3447254159238415
1060,45,1637.6739887701,70974,1483.332428174307,1.3447254159238415
1060,40,1649.390527437656,63253,1483.332428174307,1.3447254159238415
1060,35,1670.2240777889208,55533,1483.332428174307,1.3447254159238415
1060,30,1744.22229012632,47821,1483.332428174307,1.3447254159238415
1060,25,1776.4989300524878,40101,1483.332428174307,1.3447254159238415
1060,20,1806.3152106571245,32380,1483.332428174307,1.3447254159238415
1060,15,1876.3163269248143,24660,1483.332428174307,1.3447254159238415
1060,10,1966.645642002288,16948,1483.332428174307,1.3447254159238415
1060,5,1994.6748164300168,9228,1483.332428174307,1.3447254159238415
1061,80,1529.668867852202,125000,1529.668867852202,1.2546602450584878
1061,75,1538.115718681423,117279,1529.668867852202,1.2546602450584878
1061,70,1547.9156758279498,109567,1529.668867852202,1.2546602450584878
1061,65,1558.2968634245967,101847,1529.668867852202,1.2546602450584878
1061,60,1571.3745869547704,94126,1529.668867852202,1.2546602450584878
1061,55,1592.622560848747,86406,1529.668867852202,1.2546602450584878
1061,50,1632.0930494691347,78694,1529.668867852202,1.2546602450584878
1061,45,1638.122928850982,70974,1529.668867852202,1.2546602450584878
1061,40,1654.8607145432293,63253,1529.668867852202,1.2546602450584878
1061,35,1670.2672673946788,55533,1529.668867852202,1.2546602450584878
1061,30,1697.307044058423,47821,1529.668867852202,1.2546602450584878
1061,25,1715.5956779748904,40101,1529.668867852202,1.2546602450584878
1061,20,1741.791415685369,32380,1529.668867852202,1.2546602450584878
1061,15,1779.492969383609,24660,1529.668867852202,1.2546602450584878
1061,10,1875.5023516321075,16948,1529.668867852202,1.2546602450584878
1061,5,1919.214716597783,9228,1529.668867852202,1.2546602450584878
1062,80,1405.8736914965286,125000,1405.8736914965286,1.3043889604467522
1062,75,1414.737491105256,117279,1405.8736914965286,1.3043889604467522
1062,70,1434.7957612108216,109567,1405.8736914965286,1.3043889604467522
1062,65,1441.6451524795202,101847,1405.8736914965286,1.3043889604467522
1062,60,1443.8441270027015,94126,1405.8736914965286,1.3043889604467522
1062,55,1457.2854481728864,86406,1405.8736914965286,1.3043889604467522
1062,50,1489.7370039897737,78694,1405.8736914965286,1.3043889604467522
1062,45,1493.1957180456984,70974,1405.8736914965286,1.3043889604467522
1062,40,1509.471141907612,63253,1405.8736914965286,1.3043889604467522
1062,35,1515.0577655198556,55533,1405.8736914965286,1.3043889604467522
1062,30,1530.1744380411485,47821,1405.8736914965286,1.3043889604467522
1062,25,1543.0176512718056,40101,1405.8736914965286,1.3043889604467522
1062,20,1613.5217812362596,32380,1405.8736914965286,1.3043889604467522
1062,15,1650.1529437954157,24660,1405.8736914965286,1.3043889604467522
1062,10,1717.207787449559,16948,1405.8736914965286,1.3043889604467522
1062,5,1833.806122970595,9228,1405.8736914965286,1.3043889604467522
1063,80,1440.3700887783434,125000,1440.3700887783434,1.3639410012954174
1063,75,1457.5994312053876,117279,1440.3700887783434,1.3639410012954174
1063,70,1467.7597488741076,109567,1440.3700887783434,1.3639410012954174
1063,65,1483.538391608981,101847,1440.3700887783434,1.3639410012954174
1063,60,1491.244574867739,94126,1440.3700887783434,1.3639410012954174
1063,55,1503.2401591446123,86406,1440.3700887783434,1.3639410012954174
1063,50,1517.7526480962845,78694,1440.3700887783434,1.3639410012954174
1063,45,1529.888142797195,70974,1440.3700887783434,1.3639410012954174
1063,40,1564.1413320107572,63253,1440.3700887783434,1.3639410012954174
1063,35,1596.7480883695127,55533,1440.3700887783434,1.3639410012954174
1063,30,1620.6219417660343,47821,1440.3700887783434,1.3639410012954174
1063,25,1659.18858687772,40101,1440.3700887783434,1.3639410012954174
1063,20,1724.2225589879874,32380,1440.3700887783434,1.3639410012954174
1063,15,1773.2918972997045,24660,1440.3700887783434,1.3639410012954174
1063,10,1848.9633890097496,16948,1440.3700887783434,1.3639410012954174
1063,5,1964.579821124303,9228,1440.3700887783434,1.3639410012954174
1064,80,1577.20162457708,125000,1577.20162457708,1.381112291221292
1064,75,1596.983163527267,117279,1577.20162457708,1.381112291221292
1064,70,1612.8787306854863,109567,1577.20162457708,1.381112291221292
1064,65,1642.704455346824,101847,1577.20162457708,1.381112291221292
1064,60,1680.3696569216934,94126,1577.20162457708,1.381112291221292
1064,55,1693.2693893649396,86406,1577.20162457708,1.381112291221292
1064,50,1701.4436028582022,78694,1577.20162457708,1.381112291221292
1064,45,1720.198195255397,70974,1577.20162457708,1.381112291221292
1064,40,1745.3922441646162,63253,1577.20162457708,1.381112291221292
1064,35,1779.7108594651636,55533,1577.20162457708,1.381112291221292
1064,30,1801.00954593835,47821,1577.20162457708,1.381112291221292
1064,25,1853.365341431867,40101,1577.20162457708,1.381112291221292
1064,20,1928.4704299860523,32380,1577.20162457708,1.381112291221292
1064,15,2003.4961025881285,24660,1577.20162457708,1.381112291221292
1064,10,2075.984797382047,16948,1577.20162457708,1.381112291221292
1064,5,2178.292549437595,9228,1577.20162457708,1.381112291221292
1065,80,1560.6768549425344,125000,1560.6768549425344,1.4504936041808607
1065,75,1580.4316388364462,117279,1560.6768549425344,1.4504936041808607
1065,70,1606.499001816747,109567,1560.6768549425344,1.4504936041808607
1065,65,1616.947453808613,101847,1560.6768549425344,1.4504936041808607
1065,60,1660.733009420644,94126,1560.6768549425344,1.4504936041808607
1065,55,1705.6426127103214,86406,1560.6768549425344,1.4504936041808607
1065,50,1712.097029922083,78694,1560.6768549425344,1.4504936041808607
1065,45,1725.580370754813,70974,1560.6768549425344,1.4504936041808607
1065,40,1762.2163260631903,63253,1560.6768549425344,1.4504936041808607
1065,35,1811.8023200948965,55533,1560.6768549425344,1.4504936041808607
1065,30,1825.351291726511,47821,1560.6768549425344,1.4504936041808607
1065,25,1865.5720885397948,40101,1560.6768549425344,1.4504936041808607
1065,20,1963.3007011782277,32380,1560.6768549425344,1.4504936041808607
1065,15,2037.1537322724523,24660,1560.6768549425344,1.4504936041808607
1065,10,2148.6230540562574,16948,1560.6768549425344,1.4504936041808607
1065,5,2263.751796287247,9228,1560.6768549425344,1.4504936041808607
1066,80,1555.763343074453,125000,1555.763343074453,1.432810194148969
1066,75,1566.7661797547237,117279,1555.763343074453,1.432810194148969
1066,70,1577.6580728662695,109567,1555.763343074453,1.432810194148969
1066,65,1584.4449224395555,101847,1555.763343074453,1.432810194148969
1066,60,1613.8734547822803,94126,1555.763343074453,1.432810194148969
1066,55,1650.644230203247,86406,1555.763343074453,1.432810194148969
1066,50,1664.4236875531828,78694,1555.763343074453,1.432810194148969
1066,45,1674.168503899635,70974,1555.763343074453,1.432810194148969
1066,40,1721.1766452153672,63253,1555.763343074453,1.432810194148969
1066,35,1791.690706341205,55533,1555.763343074453,1.432810194148969
1066,30,1809.3889107521263,47821,1555.763343074453,1.432810194148969
1066,25,1841.634884875515,40101,1555.763343074453,1.432810194148969
1066,20,1945.9526489887944,32380,1555.763343074453,1.432810194148969
1066,15,2006.8914037323293,24660,1555.763343074453,1.432810194148969
1066,10,2120.4689545038777,16948,1555.763343074453,1.432810194148969
1066,5,2229.113577640356,9228,1555.763343074453,1.432810194148969
1067,80,1580.8593602806172,125000,1580.8593602806172,1.457389678261834
1067,75,1585.5046370560187,117279,1580.8593602806172,1.457389678261834
1067,70,1596.3513160802895,109567,1580.8593602806172,1.457389678261834
1067,65,1613.9043456085765,101847,1580.8593602806172,1.457389678261834
1067,60,1640.420952483649,94126,1580.8593602806172,1.457389678261834
1067,55,1676.2879753740494,86406,1580.8593602806172,1.457389678261834
1067,50,1687.933348858196,78694,1580.8593602806172,1.457389678261834
1067,45,1705.635970234442,70974,1580.8593602806172,1.457389678261834
1067,40,1743.3857853565248,63253,1580.8593602806172,1.457389678261834
1067,35,1800.4696033643152,55533,1580.8593602806172,1.457389678261834
1067,30,1819.2360309843648,47821,1580.8593602806172,1.457389678261834
1067,25,1842.644799939242,40101,1580.8593602806172,1.457389678261834
1067,20,1963.843376263425,32380,1580.8593602806172,1.457389678261834
1067,15,2007.2825440115232,24660,1580.8593602806172,1.457389678261834
1067,10,2166.8451314912927,16948,1580.8593602806172,1.457389678261834
1067,5,2303.928114456577,9228,1580.8593602806172,1.457389678261834
1068,80,1449.594995876736,125000,1449.594995876736,1.407065922714804
1068,75,1460.5605146090486,117279,1449.594995876736,1.407065922714804
1068,70,1469.164638101088,109567,1449.594995876736,1.407065922714804
1068,65,1488.4530097692657,101847,1449.594995876736,1.407065922714804
1068,60,1502.4310117897328,94126,1449.594995876736,1.407065922714804
1068,55,1547.433280123372,86406,1449.594995876736,1.407065922714804
1068,50,1588.9636597779322,78694,1449.594995876736,1.407065922714804
1068,45,1600.884363345338,70974,1449.594995876736,1.407065922714804
1068,40,1615.6215609539915,63253,1449.594995876736,1.407065922714804
1068,35,1646.4458104446803,55533,1449.594995876736,1.407065922714804
1068,30,1663.3100124745429,47821,1449.594995876736,1.407065922714804
1068,25,1682.813419905921,40101,1449.594995876736,1.407065922714804
1068,20,1731.532831944029,32380,1449.594995876736,1.407065922714804
1068,15,1779.865773231209,24660,1449.594995876736,1.407065922714804
1068,10,1927.1678526987223,16948,1449.594995876736,1.407065922714804
1068,5,2039.675720436062,9228,1449.594995876736,1.407065922714804
1069,80,1495.5734772859685,125000,1495.5734772859685,1.449233684090884
1069,75,1509.5059618195617,117279,1495.5734772859685,1.449233684090884
1069,70,1515.591533101409,109567,1495.5734772859685,1.449233684090884
1069,65,1558.335757944007,101847,1495.5734772859685,1.449233684090884
1069,60,1577.1100652775217,94126,1495.5734772859685,1.449233684090884
1069,55,1614.8402869095935,86406,1495.5734772859685,1.449233684090884
1069,50,1619.1223191346664,78694,1495.5734772859685,1.449233684090884
1069,45,1664.908291708966,70974,1495.5734772859685,1.449233684090884
1069,40,1674.9364477794538,63253,1495.5734772859685,1.449233684090884
1069,35,1705.9910794851758,55533,1495.5734772859685,1.449233684090884
1069,30,1747.65617690314,47821,1495.5734772859685,1.449233684090884
1069,25,1775.7758748104045,40101,1495.5734772859685,1.449233684090884
1069,20,1874.528639522318,32380,1495.5734772859685,1.449233684090884
1069,15,1927.652987893788,24660,1495.5734772859685,1.449233684090884
1069,10,2069.481092582872,16948,1495.5734772859685,1.449233684090884
1069,5,2167.435460315758,9228,1495.5734772859685,1.449233684090884
1070,80,1358.7022358100933,125000,1358.7022358100933,1.454456217612093
1070,75,1375.350098693109,117279,1358.7022358100933,1.454456217612093
1070,70,1395.0412942031703,109567,1358.7022358100933,1.454456217612093
1070,65,1408.8608164990378,101847,1358.7022358100933,1.454456217612093
1070,60,1430.0261892215822,94126,1358.7022358100933,1.454456217612093
1070,55,1461.2614230164709,86406,1358.7022358100933,1.454456217612093
1070,50,1482.035774773927,78694,1358.7022358100933,1.454456217612093
1070,45,1506.4651499570084,70974,1358.7022358100933,1.454456217612093
1070,40,1518.285537802188,63253,1358.7022358100933,1.454456217612093
1070,35,1548.1335425740274,55533,1358.7022358100933,1.454456217612093
1070,30,1592.5943676721386,47821,1358.7022358100933,1.454456217612093
1070,25,1670.7024730704416,40101,1358.7022358100933,1.454456217612093
1070,20,1718.9681386970756,32380,1358.7022358100933,1.454456217612093
1070,15,1771.2831089311787,24660,1358.7022358100933,1.454456217612093
1070,10,1854.01872773869,16948,1358.7022358100933,1.454456217612093
1070,5,1976.1729147574424,9228,1358.7022358100933,1.454456217612093
1071,80,1140.7352228883203,125000,1140.7352228883203,1.6138139240898843
1071,75,1177.112361886724,117279,1140.7352228883203,1.6138139240898843
1071,70,1194.646815830812,109567,1140.7352228883203,1.6138139240898843
1071,65,1220.6748409363663,101847,1140.7352228883203,1.6138139240898843
1071,60,1255.5416625028286,94126,1140.7352228883203,1.6138139240898843
1071,55,1325.940856523012,86406,1140.7352228883203,1.6138139240898843
1071,50,1347.1388919855533,78694,1140.7352228883203,1.6138139240898843
1071,45,1379.1978947546952,70974,1140.7352228883203,1.6138139240898843
1071,40,1399.2020733313066,63253,1140.7352228883203,1.6138139240898843
1071,35,1461.639108066895,55533,1140.7352228883203,1.6138139240898843
1071,30,1506.531447292796,47821,1140.7352228883203,1.6138139240898843
1071,25,1572.431315860223,40101,1140.7352228883203,1.6138139240898843
1071,20,1614.43564987764,32380,1140.7352228883203,1.6138139240898843
1071,15,1685.2986668846052,24660,1140.7352228883203,1.6138139240898843
1071,10,1728.240903441851,16948,1140.7352228883203,1.6138139240898843
1071,5,1840.934386396949,9228,1140.7352228883203,1.6138139240898843
1073,80,1115.4958242447922,125000,1115.4958242447922,1.535208268640026
1073,75,1144.1358267233206,117279,1115.4958242447922,1.535208268640026
1073,70,1156.4485817311006,109567,1115.4958242447922,1.535208268640026
1073,65,1188.5408423312565,101847,1115.4958242447922,1.535208268640026
1073,60,1211.7846173420687,94126,1115.4958242447922,1.535208268640026
1073,55,1261.437141829255,86406,1115.4958242447922,1.535208268640026
1073,50,1275.91446232222,78694,1115.4958242447922,1.535208268640026
1073,45,1287.9589406338848,70974,1115.4958242447922,1.535208268640026
1073,40,1318.3409884763494,63253,1115.4958242447922,1.535208268640026
1073,35,1378.8595095829046,55533,1115.4958242447922,1.535208268640026
1073,30,1400.7513434831174,47821,1115.4958242447922,1.535208268640026
1073,25,1449.2523905623298,40101,1115.4958242447922,1.535208268640026
1073,20,1495.6233524777956,32380,1115.4958242447922,1.535208268640026
1073,15,1561.9377707741853,24660,1115.4958242447922,1.535208268640026
1073,10,1596.6039859193145,16948,1115.4958242447922,1.535208268640026
1073,5,1712.5184130140262,9228,1115.4958242447922,1.535208268640026
1074,80,1201.018599338911,125000,1201.018599338911,1.4450416290727135
1074,75,1218.4856074748072,117279,1201.018599338911,1.4450416290727135
1074,70,1227.5800788157742,109567,1201.018599338911,1.4450416290727135
1074,65,1251.090214374179,101847,1201.018599338911,1.4450416290727135
1074,60,1276.5427885478423,94126,1201.018599338911,1.4450416290727135
1074,55,1311.5670069789671,86406,1201.018599338911,1.4450416290727135
1074,50,1317.3605817830587,78694,1201.018599338911,1.4450416290727135
1074,45,1334.224791596913,70974,1201.018599338911,1.4450416290727135
1074,40,1353.2886956382574,63253,1201.018599338911,1.4450416290727135
1074,35,1414.748169907624,55533,1201.018599338911,1.4450416290727135
1074,30,1425.1335184320358,47821,1201.018599338911,1.4450416290727135
1074,25,1457.387017114683,40101,1201.018599338911,1.4450416290727135
1074,20,1517.255851573373,32380,1201.018599338911,1.4450416290727135
1074,15,1580.7710323570848,24660,1201.018599338911,1.4450416290727135
1074,10,1607.9497675921748,16948,1201.018599338911,1.4450416290727135
1074,5,1735.5218733353283,9228,1201.018599338911,1.4450416290727135
1075,80,1808.9756834682212,125000,1808.9756834682212,1.80457773180427
1075,75,1833.8948547255532,117279,1808.9756834682212,1.80457773180427
1075,70,1854.403565207577,109567,1808.9756834682212,1.80457773180427
1075,65,1896.5735673087788,101847,1808.9756834682212,1.80457773180427
1075,60,1930.3127901177731,94126,1808.9756834682212,1.80457773180427
1075,55,1964.3860812496443,86406,1808.9756834682212,1.80457773180427
1075,50,2009.8775641804964,78694,1808.9756834682212,1.80457773180427
1075,45,2024.8093525276872,70974,1808.9756834682212,1.80457773180427
1075,40,2082.8418716265355,63253,1808.9756834682212,1.80457773180427
1075,35,2146.02276143143,55533,1808.9756834682212,1.80457773180427
1075,30,2206.3541127030544,47821,1808.9756834682212,1.80457773180427
1075,25,2338.791766165441,40101,1808.9756834682212,1.80457773180427
1075,20,2512.064209187808,32380,1808.9756834682212,1.80457773180427
1075,15,2649.577334624227,24660,1808.9756834682212,1.80457773180427
1075,10,2681.686086556171,16948,1808.9756834682212,1.80457773180427
1075,5,3264.437235762162,9228,1808.9756834682212,1.80457773180427
1076,80,1856.4906568247784,125000,1856.4906568247784,1.7840680751290583
1076,75,1876.4387154521228,117279,1856.4906568247784,1.7840680751290583
1076,70,1897.257847231347,109567,1856.4906568247784,1.7840680751290583
1076,65,1945.192492033772,101847,1856.4906568247784,1.7840680751290583
1076,60,2019.3910768336011,94126,1856.4906568247784,1.7840680751290583
1076,55,2045.108342769792,86406,1856.4906568247784,1.7840680751290583
1076,50,2073.836706827254,78694,1856.4906568247784,1.7840680751290583
1076,45,2100.739144506415,70974,1856.4906568247784,1.7840680751290583
1076,40,2139.5156239237967,63253,1856.4906568247784,1.7840680751290583
1076,35,2221.8015627449986,55533,1856.4906568247784,1.7840680751290583
1076,30,2299.90882601897,47821,1856.4906568247784,1.7840680751290583
1076,25,2404.733245799524,40101,1856.4906568247784,1.7840680751290583
1076,20,2543.473208977909,32380,1856.4906568247784,1.7840680751290583
1076,15,2697.088340907945,24660,1856.4906568247784,1.7840680751290583
1076,10,2738.3355018124994,16948,1856.4906568247784,1.7840680751290583
1076,5,3312.105712616464,9228,1856.4906568247784,1.7840680751290583
1077,80,1913.746744067624,125000,1913.746744067624,1.7728912277715532
1077,75,1945.359585893249,117279,1913.746744067624,1.7728912277715532
1077,70,1975.9556110220717,109567,1913.746744067624,1.7728912277715532
1077,65,2023.835343526654,101847,1913.746744067624,1.7728912277715532
1077,60,2107.6117380857486,94126,1913.746744067624,1.7728912277715532
1077,55,2126.1631814253924,86406,1913.746744067624,1.7728912277715532
1077,50,2141.188530247752,78694,1913.746744067624,1.7728912277715532
1077,45,2188.3695341277416,70974,1913.746744067624,1.7728912277715532
1077,40,2207.508713187547,63253,1913.746744067624,1.7728912277715532
1077,35,2330.610837213249,55533,1913.746744067624,1.7728912277715532
1077,30,2425.5709675355088,47821,1913.746744067624,1.7728912277715532
1077,25,2518.1043318871666,40101,1913.746744067624,1.7728912277715532
1077,20,2633.6251916000856,32380,1913.746744067624,1.7728912277715532
1077,15,2805.887122258901,24660,1913.746744067624,1.7728912277715532
1077,10,2859.5651829512003,16948,1913.746744067624,1.7728912277715532
1077,5,3392.8648147338627,9228,1913.746744067624,1.7728912277715532
1078,80,1918.412907896573,125000,1918.412907896573,1.802636158603269
1078,75,1944.4390262405632,117279,1918.412907896573,1.802636158603269
1078,70,1985.6246103302765,109567,1918.412907896573,1.802636158603269
1078,65,2029.9791476138428,101847,1918.412907896573,1.802636158603269
1078,60,2099.657413772806,94126,1918.412907896573,1.802636158603269
1078,55,2118.3245745870663,86406,1918.412907896573,1.802636158603269
1078,50,2121.5475336050517,78694,1918.412907896573,1.802636158603269
1078,45,2181.351554918328,70974,1918.412907896573,1.802636158603269
1078,40,2207.081305978208,63253,1918.412907896573,1.802636158603269
1078,35,2332.390204715884,55533,1918.412907896573,1.802636158603269
1078,30,2458.0429011113747,47821,1918.412907896573,1.802636158603269
1078,25,2550.970908888509,40101,1918.412907896573,1.802636158603269
1078,20,2655.8330046203164,32380,1918.412907896573,1.802636158603269
1078,15,2862.379901587757,24660,1918.412907896573,1.802636158603269
1078,10,2956.766932749436,16948,1918.412907896573,1.802636158603269
1078,5,3458.200474905606,9228,1918.412907896573,1.802636158603269
1079,80,1898.6524516067911,125000,1898.6524516067911,1.8695233242931255
1079,75,1906.5603310438423,117279,1898.6524516067911,1.8695233242931255
1079,70,1946.2834696578711,109567,1898.6524516067911,1.8695233242931255
1079,65,2007.9980386908956,101847,1898.6524516067911,1.8695233242931255
1079,60,2021.6850550851773,94126,1898.6524516067911,1.8695233242931255
1079,55,2055.897653494179,86406,1898.6524516067911,1.8695233242931255
1079,50,2064.8260520073804,78694,1898.6524516067911,1.8695233242931255
1079,45,2100.538209119952,70974,1898.6524516067911,1.8695233242931255
1079,40,2122.4379466004066,63253,1898.6524516067911,1.8695233242931255
1079,35,2195.3883423012244,55533,1898.6524516067911,1.8695233242931255
1079,30,2300.246740686326,47821,1898.6524516067911,1.8695233242931255
1079,25,2408.521792685837,40101,1898.6524516067911,1.8695233242931255
1079,20,2533.6002629538525,32380,1898.6524516067911,1.8695233242931255
1079,15,2784.388282007033,24660,1898.6524516067911,1.8695233242931255
1079,10,2914.54111796192,16948,1898.6524516067911,1.8695233242931255
1079,5,3549.575043005221,9228,1898.6524516067911,1.8695233242931255
1080,80,2001.069455099102,125000,2001.069455099102,1.7968325485917878
1080,75,2013.6573739785088,117279,2001.069455099102,1.7968325485917878
1080,70,2066.9582164961266,109567,2001.069455099102,1.7968325485917878
1080,65,2119.139536303181,101847,2001.069455099102,1.7968325485917878
1080,60,2135.526690609292,94126,2001.069455099102,1.7968325485917878
1080,55,2158.719616429749,86406,2001.069455099102,1.7968325485917878
1080,50,2177.0344465796625,78694,2001.069455099102,1.7968325485917878
1080,45,2212.75381447794,70974,2001.069455099102,1.7968325485917878
1080,40,2228.207505521181,63253,2001.069455099102,1.7968325485917878
1080,35,2296.780115410975,55533,2001.069455099102,1.7968325485917878
1080,30,2390.2453113201777,47821,2001.069455099102,1.7968325485917878
1080,25,2495.8863688194574,40101,2001.069455099102,1.7968325485917878
1080,20,2575.303514992828,32380,2001.069455099102,1.7968325485917878
1080,15,2804.09593188463,24660,2001.069455099102,1.7968325485917878
1080,10,2926.2751071859934,16948,2001.069455099102,1.7968325485917878
1080,5,3595.5867289149,9228,2001.069455099102,1.7968325485917878
1081,80,2187.59398731248,125000,2187.59398731248,1.680790120454003
1081,75,2203.9713142783626,117279,2187.59398731248,1.680790120454003
1081,70,2240.9185356534854,109567,2187.59398731248,1.680790120454003
1081,65,2267.8888568045086,101847,2187.59398731248,1.680790120454003
1081,60,2295.0464792034554,94126,2187.59398731248,1.680790120454003
1081,55,2315.257225983338,86406,2187.59398731248,1.680790120454003
1081,50,2348.240069454216,78694,2187.59398731248,1.680790120454003
1081,45,2374.062311360228,70974,2187.59398731248,1.680790120454003
1081,40,2385.99024241484,63253,2187.59398731248,1.680790120454003
1081,35,2484.0647031174917,55533,2187.59398731248,1.680790120454003
1081,30,2569.500984975089,47821,2187.59398731248,1.680790120454003
1081,25,2657.292561116248,40101,2187.59398731248,1.680790120454003
1081,20,2709.145959641949,32380,2187.59398731248,1.680790120454003
1081,15,2920.298903866419,24660,2187.59398731248,1.680790120454003
1081,10,3011.324625949628,16948,2187.59398731248,1.680790120454003
1081,5,3676.886361439396,9228,2187.59398731248,1.680790120454003
1082,80,2345.110235401818,125000,2345.110235401818,1.573004527340046
1082,75,2355.714676990092,117279,2345.110235401818,1.573004527340046
1082,70,2398.540087060869,109567,2345.110235401818,1.573004527340046
1082,65,2414.0788586572485,101847,2345.110235401818,1.573004527340046
1082,60,2428.9803365883654,94126,2345.110235401818,1.573004527340046
1082,55,2456.2053286079536,86406,2345.110235401818,1.573004527340046
1082,50,2478.838194477205,78694,2345.110235401818,1.573004527340046
1082,45,2506.5679033922743,70974,2345.110235401818,1.573004527340046
1082,40,2547.446476941243,63253,2345.110235401818,1.573004527340046
1082,35,2637.0511908828025,55533,2345.110235401818,1.573004527340046
1082,30,2706.4268564483764,47821,2345.110235401818,1.573004527340046
1082,25,2769.327152866386,40101,2345.110235401818,1.573004527340046
1082,20,2804.0375263065284,32380,2345.110235401818,1.573004527340046
1082,15,3005.9735272092003,24660,2345.110235401818,1.573004527340046
1082,10,3061.441450765261,16948,2345.110235401818,1.573004527340046
1082,5,3688.869017398541,9228,2345.110235401818,1.573004527340046
1083,80,2481.7720377549417,125000,2481.7720377549417,1.5144244812344576
1083,75,2502.274670885959,117279,2481.7720377549417,1.5144244812344576
1083,70,2526.7152930346238,109567,2481.7720377549417,1.5144244812344576
1083,65,2547.980297164826,101847,2481.7720377549417,1.5144244812344576
1083,60,2573.261428748228,94126,2481.7720377549417,1.5144244812344576
1083,55,2577.8320995952126,86406,2481.7720377549417,1.5144244812344576
1083,50,2611.750525083164,78694,2481.7720377549417,1.5144244812344576
1083,45,2671.6083321475307,70974,2481.7720377549417,1.5144244812344576
1083,40,2747.6164602380304,63253,2481.7720377549417,1.5144244812344576
1083,35,2835.101561712496,55533,2481.7720377549417,1.5144244812344576
1083,30,2883.546830771176,47821,2481.7720377549417,1.5144244812344576
1083,25,2953.287447977976,40101,2481.7720377549417,1.5144244812344576
1083,20,2987.7277883424163,32380,2481.7720377549417,1.5144244812344576
1083,15,3144.119100657144,24660,2481.7720377549417,1.5144244812344576
1083,10,3187.244518443874,16948,2481.7720377549417,1.5144244812344576
1083,5,3758.4563308192105,9228,2481.7720377549417,1.5144244812344576
1084,80,2409.7498535495065,125000,2409.7498535495065,1.5324440661872831
1084,75,2421.9312478473908,117279,2409.7498535495065,1.5324440661872831
1084,70,2430.623825319674,109567,2409.7498535495065,1.5324440661872831
1084,65,2434.8424082420715,101847,2409.7498535495065,1.5324440661872831
1084,60,2479.206458315465,94126,2409.7498535495065,1.5324440661872831
1084,55,2495.6651299018763,86406,2409.7498535495065,1.5324440661872831
1084,50,2530.5813001872434,78694,2409.7498535495065,1.5324440661872831
1084,45,2593.331574353418,70974,2409.7498535495065,1.5324440661872831
1084,40,2652.7242805714222,63253,2409.7498535495065,1.5324440661872831
1084,35,2733.1561126618176,55533,2409.7498535495065,1.5324440661872831
1084,30,2774.905184580289,47821,2409.7498535495065,1.5324440661872831
1084,25,2828.804765637085,40101,2409.7498535495065,1.5324440661872831
1084,20,2871.0874689636653,32380,2409.7498535495065,1.5324440661872831
1084,15,3021.1685745838004,24660,2409.7498535495065,1.5324440661872831
1084,10,3101.6098481278896,16948,2409.7498535495065,1.5324440661872831
1084,5,3692.806864067617,9228,2409.7498535495065,1.5324440661872831
1085,80,2311.9178279973576,125000,2311.9178279973576,1.5420879970069878
1085,75,2318.477272290228,117279,2311.9178279973576,1.5420879970069878
1085,70,2342.1667620359517,109567,2311.9178279973576,1.5420879970069878
1085,65,2351.547972957722,101847,2311.9178279973576,1.5420879970069878
1085,60,2374.77439393536,94126,2311.9178279973576,1.5420879970069878
1085,55,2399.78110182274,86406,2311.9178279973576,1.5420879970069878
1085,50,2424.3850313851594,78694,2311.9178279973576,1.5420879970069878
1085,45,2443.8135967404637,70974,2311.9178279973576,1.5420879970069878
1085,40,2468.382034817543,63253,2311.9178279973576,1.5420879970069878
1085,35,2519.0433881435347,55533,2311.9178279973576,1.5420879970069878
1085,30,2559.540254917052,47821,2311.9178279973576,1.5420879970069878
1085,25,2608.988449711175,40101,2311.9178279973576,1.5420879970069878
1085,20,2687.17609933371,32380,2311.9178279973576,1.5420879970069878
1085,15,2863.27514453045,24660,2311.9178279973576,1.5420879970069878
1085,10,2974.8483732918544,16948,2311.9178279973576,1.5420879970069878
1085,5,3565.180732621191,9228,2311.9178279973576,1.5420879970069878
1086,80,2146.4742318183626,125000,2146.4742318183626,1.633444118989808
1086,75,2156.6182787913385,117279,2146.4742318183626,1.633444118989808
1086,70,2180.574105549132,109567,2146.4742318183626,1.633444118989808
1086,65,2200.2009120749763,101847,2146.4742318183626,1.633444118989808
1086,60,2220.824732117668,94126,2146.4742318183626,1.633444118989808
1086,55,2249.341493576109,86406,2146.4742318183626,1.633444118989808
1086,50,2285.8656801214297,78694,2146.4742318183626,1.633444118989808
1086,45,2294.9958924180723,70974,2146.4742318183626,1.633444118989808
1086,40,2333.5509631306472,63253,2146.4742318183626,1.633444118989808
1086,35,2383.8110138198144,55533,2146.4742318183626,1.633444118989808
1086,30,2442.104236342251,47821,2146.4742318183626,1.633444118989808
1086,25,2498.332200568295,40101,2146.4742318183626,1.633444118989808
1086,20,2564.8274434736304,32380,2146.4742318183626,1.633444118989808
1086,15,2744.43311332308,24660,2146.4742318183626,1.633444118989808
1086,10,2849.894722512569,16948,2146.4742318183626,1.633444118989808
1086,5,3506.14571052687,9228,2146.4742318183626,1.633444118989808
1087,80,2079.640358591795,125000,2079.640358591795,1.629056396968391
1087,75,2092.5235522310145,117279,2079.640358591795,1.629056396968391
1087,70,2103.3861912918887,109567,2079.640358591795,1.629056396968391
1087,65,2124.844042273382,101847,2079.640358591795,1.629056396968391
1087,60,2127.1056704337343,94126,2079.640358591795,1.629056396968391
1087,55,2131.3382333804034,86406,2079.640358591795,1.629056396968391
1087,50,2188.6112334556638,78694,2079.640358591795,1.629056396968391
1087,45,2191.7416308931165,70974,2079.640358591795,1.629056396968391
1087,40,2197.943701900024,63253,2079.640358591795,1.629056396968391
1087,35,2251.335483869096,55533,2079.640358591795,1.629056396968391
1087,30,2333.939308205637,47821,2079.640358591795,1.629056396968391
1087,25,2366.032124843472,40101,2079.640358591795,1.629056396968391
1087,20,2413.465143678255,32380,2079.640358591795,1.629056396968391
1087,15,2524.687320170417,24660,2079.640358591795,1.629056396968391
1087,10,2682.4214028193983,16948,2079.640358591795,1.629056396968391
1087,5,3387.8514295576038,9228,2079.640358591795,1.629056396968391
1088,80,2170.5362790334143,125000,2170.5362790334143,1.5458655554896497
1088,75,2198.01476654893,117279,2170.5362790334143,1.5458655554896497
1088,70,2224.8892872796773,109567,2170.5362790334143,1.5458655554896497
1088,65,2240.6162864131525,101847,2170.5362790334143,1.5458655554896497
1088,60,2249.116954595382,94126,2170.5362790334143,1.5458655554896497
1088,55,2264.189640325322,86406,2170.5362790334143,1.5458655554896497
1088,50,2326.9620920160683,78694,2170.5362790334143,1.5458655554896497
1088,45,2357.8760843435603,70974,2170.5362790334143,1.5458655554896497
1088,40,2366.245647800054,63253,2170.5362790334143,1.5458655554896497
1088,35,2393.1318582093622,55533,2170.5362790334143,1.5458655554896497
1088,30,2452.81343076484,47821,2170.5362790334143,1.5458655554896497
1088,25,2477.628879723334,40101,2170.5362790334143,1.5458655554896497
1088,20,2519.6300415200008,32380,2170.5362790334143,1.5458655554896497
1088,15,2651.8025362547514,24660,2170.5362790334143,1.5458655554896497
1088,10,2767.287648832988,16948,2170.5362790334143,1.5458655554896497
1088,5,3355.3572706984264,9228,2170.5362790334143,1.5458655554896497
1089,80,2245.5800234786143,125000,2245.5800234786143,1.56144239196946
1089,75,2260.206087547584,117279,2245.5800234786143,1.56144239196946
1089,70,2275.7520322857263,109567,2245.5800234786143,1.56144239196946
1089,65,2302.5484460115576,101847,2245.5800234786143,1.56144239196946
1089,60,2314.746130536684,94126,2245.5800234786143,1.56144239196946
1089,55,2354.687888059003,86406,2245.5800234786143,1.56144239196946
1089,50,2377.117081027491,78694,2245.5800234786143,1.56144239196946
1089,45,2451.614539242411,70974,2245.5800234786143,1.56144239196946
1089,40,2511.6462534676334,63253,2245.5800234786143,1.56144239196946
1089,35,2555.363938384709,55533,2245.5800234786143,1.56144239196946
1089,30,2609.8477639701664,47821,2245.5800234786143,1.56144239196946
1089,25,2641.904385402509,40101,2245.5800234786143,1.56144239196946
1089,20,2707.429751159211,32380,2245.5800234786143,1.56144239196946
1089,15,2879.634193554725,24660,2245.5800234786143,1.56144239196946
1089,10,3006.531212534905,16948,2245.5800234786143,1.56144239196946
1089,5,3506.343843219284,9228,2245.5800234786143,1.56144239196946
1090,80,1848.802188617147,125000,1848.802188617147,2.03017092398344
1090,75,1871.3490545651675,117279,1848.802188617147,2.03017092398344
1090,70,1886.922854910082,109567,1848.802188617147,2.03017092398344
1090,65,1909.7492531978928,101847,1848.802188617147,2.03017092398344
1090,60,1933.1290852976656,94126,1848.802188617147,2.03017092398344
1090,55,1948.812987993736,86406,1848.802188617147,2.03017092398344
1090,50,1955.3011126383155,78694,1848.802188617147,2.03017092398344
1090,45,2085.918438225861,70974,1848.802188617147,2.03017092398344
1090,40,2091.770726519036,63253,1848.802188617147,2.03017092398344
1090,35,2213.537514779155,55533,1848.802188617147,2.03017092398344
1090,30,2327.237343147041,47821,1848.802188617147,2.03017092398344
1090,25,2339.702576952524,40101,1848.802188617147,2.03017092398344
1090,20,2419.498826985224,32380,1848.802188617147,2.03017092398344
1090,15,2637.4188402194445,24660,1848.802188617147,2.03017092398344
1090,10,3060.3730066436037,16948,1848.802188617147,2.03017092398344
1090,5,3753.38444752748,9228,1848.802188617147,2.03017092398344
1092,80,1646.3457586674938,125000,1646.3457586674938,2.134909368358336
1092,75,1660.5213161128308,117279,1646.3457586674938,2.134909368358336
1092,70,1692.8183127785535,109567,1646.3457586674938,2.134909368358336
1092,65,1726.910515853691,101847,1646.3457586674938,2.134909368358336
1092,60,1744.7684601116348,94126,1646.3457586674938,2.134909368358336
1092,55,1795.5922419024323,86406,1646.3457586674938,2.134909368358336
1092,50,1807.803795214515,78694,1646.3457586674938,2.134909368358336
1092,45,1882.8422619830185,70974,1646.3457586674938,2.134909368358336
1092,40,1913.3552770961671,63253,1646.3457586674938,2.134909368358336
1092,35,1966.4634140035207,55533,1646.3457586674938,2.134909368358336
1092,30,2045.5281427895236,47821,1646.3457586674938,2.134909368358336
1092,25,2082.3258996681443,40101,1646.3457586674938,2.134909368358336
1092,20,2163.862679885623,32380,1646.3457586674938,2.134909368358336
1092,15,2392.01636905182,24660,1646.3457586674938,2.134909368358336
1092,10,2768.9736340244986,16948,1646.3457586674938,2.134909368358336
1092,5,3514.7989837362443,9228,1646.3457586674938,2.134909368358336
1093,80,1616.908006835369,125000,1616.908006835369,2.111966170891555
1093,75,1623.432957241448,117279,1616.908006835369,2.111966170891555
1093,70,1662.9247117744117,109567,1616.908006835369,2.111966170891555
1093,65,1701.0760081135247,101847,1616.908006835369,2.111966170891555
1093,60,1717.2674970228304,94126,1616.908006835369,2.111966170891555
1093,55,1774.6328979192335,86406,1616.908006835369,2.111966170891555
1093,50,1785.8772234897674,78694,1616.908006835369,2.111966170891555
1093,45,1861.052617612195,70974,1616.908006835369,2.111966170891555
1093,40,1882.508634234668,63253,1616.908006835369,2.111966170891555
1093,35,1938.072709872505,55533,1616.908006835369,2.111966170891555
1093,30,2040.8728020535525,47821,1616.908006835369,2.111966170891555
1093,25,2083.709436969712,40101,1616.908006835369,2.111966170891555
1093,20,2145.477306553642,32380,1616.908006835369,2.111966170891555
1093,15,2356.6946350055177,24660,1616.908006835369,2.111966170891555
1093,10,2765.204718565529,16948,1616.908006835369,2.111966170891555
1093,5,3414.8550118799903,9228,1616.908006835369,2.111966170891555
1095,80,1406.8599634503453,125000,1406.8599634503453,2.3086803816391184
1095,75,1422.951733831861,117279,1406.8599634503453,2.3086803816391184
1095,70,1467.2116296560878,109567,1406.8599634503453,2.3086803816391184
1095,65,1502.226524912041,101847,1406.8599634503453,2.3086803816391184
1095,60,1520.53121697643,94126,1406.8599634503453,2.3086803816391184
1095,55,1592.405542267698,86406,1406.8599634503453,2.3086803816391184
1095,50,1618.820980041177,78694,1406.8599634503453,2.3086803816391184
1095,45,1689.6162585440154,70974,1406.8599634503453,2.3086803816391184
1095,40,1702.5242233603856,63253,1406.8599634503453,2.3086803816391184
1095,35,1810.3331805343173,55533,1406.8599634503453,2.3086803816391184
1095,30,1936.6822705087104,47821,1406.8599634503453,2.3086803816391184
1095,25,2060.729421566795,40101,1406.8599634503453,2.3086803816391184
1095,20,2122.464944069234,32380,1406.8599634503453,2.3086803816391184
1095,15,2366.055528124471,24660,1406.8599634503453,2.3086803816391184
1095,10,2763.1746080761864,16948,1406.8599634503453,2.3086803816391184
1095,5,3247.989997331339,9228,1406.8599634503453,2.3086803816391184
1096,80,1744.9445167323463,125000,1744.9445167323463,1.8764080920200323
1096,75,1766.134934881658,117279,1744.9445167323463,1.8764080920200323
1096,70,1772.7457918658924,109567,1744.9445167323463,1.8764080920200323
1096,65,1796.029090500081,101847,1744.9445167323463,1.8764080920200323
1096,60,1826.2050324030472,94126,1744.9445167323463,1.8764080920200323
1096,55,1882.1970643105635,86406,1744.9445167323463,1.8764080920200323
1096,50,1908.654967230764,78694,1744.9445167323463,1.8764080920200323
1096,45,1959.863744420464,70974,1744.9445167323463,1.8764080920200323
1096,40,1981.9549258768045,63253,1744.9445167323463,1.8764080920200323
1096,35,2054.724803257291,55533,1744.9445167323463,1.8764080920200323
1096,30,2166.8734735381386,47821,1744.9445167323463,1.8764080920200323
1096,25,2250.2402663955136,40101,1744.9445167323463,1.8764080920200323
1096,20,2303.0008287209057,32380,1744.9445167323463,1.8764080920200323
1096,15,2529.7710289859488,24660,1744.9445167323463,1.8764080920200323
1096,10,2872.644514072858,16948,1744.9445167323463,1.8764080920200323
1096,5,3274.22801132256,9228,1744.9445167323463,1.8764080920200323
1097,80,1975.4803257039423,125000,1975.4803257039423,1.6647850800198625
1097,75,1991.6833506577368,117279,1975.4803257039423,1.6647850800198625
1097,70,2001.9394935576008,109567,1975.4803257039423,1.6647850800198625
1097,65,2019.913229775571,101847,1975.4803257039423,1.6647850800198625
1097,60,2044.286234876539,94126,1975.4803257039423,1.6647850800198625
1097,55,2086.9688965821074,86406,1975.4803257039423,1.6647850800198625
1097,50,2129.348118967971,78694,1975.4803257039423,1.6647850800198625
1097,45,2157.1947626306137,70974,1975.4803257039423,1.6647850800198625
1097,40,2196.925713365995,63253,1975.4803257039423,1.6647850800198625
1097,35,2266.839705604103,55533,1975.4803257039423,1.6647850800198625
1097,30,2353.4803834784207,47821,1975.4803257039423,1.6647850800198625
1097,25,2438.11195339006,40101,1975.4803257039423,1.6647850800198625
1097,20,2494.4327457776344,32380,1975.4803257039423,1.6647850800198625
1097,15,2724.454028848079,24660,1975.4803257039423,1.6647850800198625
1097,10,2938.022791822376,16948,1975.4803257039423,1.6647850800198625
1097,5,3288.750172104701,9228,1975.4803257039423,1.6647850800198625
1098,80,2213.4016799027963,125000,2213.4016799027963,1.5824451714749093
1098,75,2222.628237310048,117279,2213.4016799027963,1.5824451714749093
1098,70,2240.076539051157,109567,2213.4016799027963,1.5824451714749093
1098,65,2246.686009281172,101847,2213.4016799027963,1.5824451714749093
1098,60,2261.3860283457125,94126,2213.4016799027963,1.5824451714749093
1098,55,2285.09572494866,86406,2213.4016799027963,1.5824451714749093
1098,50,2324.1512260184986,78694,2213.4016799027963,1.5824451714749093
1098,45,2375.1290986069025,70974,2213.4016799027963,1.5824451714749093
1098,40,2409.2658917719664,63253,2213.4016799027963,1.5824451714749093
1098,35,2452.805155064019,55533,2213.4016799027963,1.5824451714749093
1098,30,2549.1264713839078,47821,2213.4016799027963,1.5824451714749093
1098,25,2635.059695208772,40101,2213.4016799027963,1.5824451714749093
1098,20,2689.5840887587888,32380,2213.4016799027963,1.5824451714749093
1098,15,2909.6819670527584,24660,2213.4016799027963,1.5824451714749093
1098,10,3082.0004049936906,16948,2213.4016799027963,1.5824451714749093
1098,5,3502.5868008966327,9228,2213.4016799027963,1.5824451714749093
1099,80,2238.290995028995,125000,2238.290995028995,1.569351803740053
1099,75,2248.6569069476323,117279,2238.290995028995,1.569351803740053
1099,70,2271.647568186847,109567,2238.290995028995,1.569351803740053
1099,65,2275.501022707014,101847,2238.290995028995,1.569351803740053
1099,60,2291.3872202495404,94126,2238.290995028995,1.569351803740053
1099,55,2333.111766769838,86406,2238.290995028995,1.569351803740053
1099,50,2359.4995696538963,78694,2238.290995028995,1.569351803740053
1099,45,2367.9190204650663,70974,2238.290995028995,1.569351803740053
1099,40,2412.325544035752,63253,2238.290995028995,1.569351803740053
1099,35,2488.3562090291484,55533,2238.290995028995,1.569351803740053
1099,30,2543.247406808485,47821,2238.290995028995,1.569351803740053
1099,25,2580.643899372103,40101,2238.290995028995,1.569351803740053
1099,20,2660.405837811841,32380,2238.290995028995,1.569351803740053
1099,15,2867.0944756809326,24660,2238.290995028995,1.569351803740053
1099,10,3059.1085774715766,16948,2238.290995028995,1.569351803740053
1099,5,3512.6660103438703,9228,2238.290995028995,1.569351803740053
1100,80,2202.798036973358,125000,2202.798036973358,1.5542065838966033
1100,75,2221.0179431198485,117279,2202.798036973358,1.5542065838966033
1100,70,2242.581246184599,109567,2202.798036973358,1.5542065838966033
1100,65,2250.31824355984,101847,2202.798036973358,1.5542065838966033
1100,60,2264.287284303631,94126,2202.798036973358,1.5542065838966033
1100,55,2284.86774773909,86406,2202.798036973358,1.5542065838966033
1100,50,2319.66018502506,78694,2202.798036973358,1.5542065838966033
1100,45,2329.195123131611,70974,2202.798036973358,1.5542065838966033
1100,40,2385.091543951424,63253,2202.798036973358,1.5542065838966033
1100,35,2428.983295141988,55533,2202.798036973358,1.5542065838966033
1100,30,2488.791850011364,47821,2202.798036973358,1.5542065838966033
1100,25,2526.159626138044,40101,2202.798036973358,1.5542065838966033
1100,20,2598.663989055741,32380,2202.798036973358,1.5542065838966033
1100,15,2766.050202957878,24660,2202.798036973358,1.5542065838966033
1100,10,2962.3011214964604,16948,2202.798036973358,1.5542065838966033
1100,5,3423.603212058508,9228,2202.798036973358,1.5542065838966033
1101,80,2107.3120896771547,125000,2107.3120896771547,1.6230921411193768
1101,75,2122.169415198114,117279,2107.3120896771547,1.6230921411193768
1101,70,2148.5984301652657,109567,2107.3120896771547,1.6230921411193768
1101,65,2165.879087221766,101847,2107.3120896771547,1.6230921411193768
1101,60,2181.002924395806,94126,2107.3120896771547,1.6230921411193768
1101,55,2189.6627203369585,86406,2107.3120896771547,1.6230921411193768
1101,50,2241.504321538542,78694,2107.3120896771547,1.6230921411193768
1101,45,2255.057201995116,70974,2107.3120896771547,1.6230921411193768
1101,40,2319.7369347135696,63253,2107.3120896771547,1.6230921411193768
1101,35,2351.6725393950865,55533,2107.3120896771547,1.6230921411193768
1101,30,2422.3682498161693,47821,2107.3120896771547,1.6230921411193768
1101,25,2445.4564943810465,40101,2107.3120896771547,1.6230921411193768
1101,20,2519.525416550286,32380,2107.3120896771547,1.6230921411193768
1101,15,2682.0996084037,24660,2107.3120896771547,1.6230921411193768
1101,10,2927.182208347082,16948,2107.3120896771547,1.6230921411193768
1101,5,3420.3616916408414,9228,2107.3120896771547,1.6230921411193768
1102,80,1517.853424863171,125000,1517.853424863171,2.235847298973202
1102,75,1537.971343894774,117279,1517.853424863171,2.235847298973202
1102,70,1573.3501883938145,109567,1517.853424863171,2.235847298973202
1102,65,1637.5273522808156,101847,1517.853424863171,2.235847298973202
1102,60,1653.584446449875,94126,1517.853424863171,2.235847298973202
1102,55,1765.5697967315982,86406,1517.853424863171,2.235847298973202
1102,50,1864.4219277541208,78694,1517.853424863171,2.235847298973202
1102,45,1939.224001575672,70974,1517.853424863171,2.235847298973202
1102,40,2029.635162603104,63253,1517.853424863171,2.235847298973202
1102,35,2096.2494538773312,55533,1517.853424863171,2.235847298973202
1102,30,2168.005250068189,47821,1517.853424863171,2.235847298973202
1102,25,2193.1102791957524,40101,1517.853424863171,2.235847298973202
1102,20,2288.90122306499,32380,1517.853424863171,2.235847298973202
1102,15,2520.6653692149425,24660,1517.853424863171,2.235847298973202
1102,10,2878.424551685365,16948,1517.853424863171,2.235847298973202
1102,5,3393.688480217545,9228,1517.853424863171,2.235847298973202
1104,80,1547.9775651776315,125000,1547.9775651776315,2.219848361996444
1104,75,1581.112068089525,117279,1547.9775651776315,2.219848361996444
1104,70,1607.5935649535272,109567,1547.9775651776315,2.219848361996444
1104,65,1654.3035679018042,101847,1547.9775651776315,2.219848361996444
1104,60,1675.5090994416987,94126,1547.9775651776315,2.219848361996444
1104,55,1816.9502834323912,86406,1547.9775651776315,2.219848361996444
1104,50,1867.850761512323,78694,1547.9775651776315,2.219848361996444
1104,45,1976.016376178596,70974,1547.9775651776315,2.219848361996444
1104,40,2051.6026388419336,63253,1547.9775651776315,2.219848361996444
1104,35,2158.078894161588,55533,1547.9775651776315,2.219848361996444
1104,30,2183.6882333335684,47821,1547.9775651776315,2.219848361996444
1104,25,2229.415170922241,40101,1547.9775651776315,2.219848361996444
1104,20,2337.165251531256,32380,1547.9775651776315,2.219848361996444
1104,15,2564.649618004328,24660,1547.9775651776315,2.219848361996444
1104,10,2944.231781296451,16948,1547.9775651776315,2.219848361996444
1104,5,3436.2754624668096,9228,1547.9775651776315,2.219848361996444
1105,80,2048.7525637655517,125000,2048.7525637655517,1.6875746189666696
1105,75,2057.783482558478,117279,2048.7525637655517,1.6875746189666696
1105,70,2065.868652893838,109567,2048.7525637655517,1.6875746189666696
1105,65,2099.786396131413,101847,2048.7525637655517,1.6875746189666696
1105,60,2114.6414347346285,94126,2048.7525637655517,1.6875746189666696
1105,55,2147.1826233606007,86406,2048.7525637655517,1.6875746189666696
1105,50,2158.118196724364,78694,2048.7525637655517,1.6875746189666696
1105,45,2206.9813189107394,70974,2048.7525637655517,1.6875746189666696
1105,40,2252.6723457622384,63253,2048.7525637655517,1.6875746189666696
1105,35,2338.536980116147,55533,2048.7525637655517,1.6875746189666696
1105,30,2355.130742132678,47821,2048.7525637655517,1.6875746189666696
1105,25,2406.6575988151662,40101,2048.7525637655517,1.6875746189666696
1105,20,2510.800297107594,32380,2048.7525637655517,1.6875746189666696
1105,15,2677.3113416173164,24660,2048.7525637655517,1.6875746189666696
1105,10,2997.384407899028,16948,2048.7525637655517,1.6875746189666696
1105,5,3457.4228271536376,9228,2048.7525637655517,1.6875746189666696
1106,80,2259.126522787318,125000,2259.126522787318,1.5454922105153257
1106,75,2262.901871300186,117279,2259.126522787318,1.5454922105153257
1106,70,2274.3164274051555,109567,2259.126522787318,1.5454922105153257
1106,65,2305.232478269467,101847,2259.126522787318,1.5454922105153257
1106,60,2316.610232589995,94126,2259.126522787318,1.5454922105153257
1106,55,2322.15479078446,86406,2259.126522787318,1.5454922105153257
1106,50,2335.585282825356,78694,2259.126522787318,1.5454922105153257
1106,45,2353.524454324712,70974,2259.126522787318,1.5454922105153257
1106,40,2395.4847304586056,63253,2259.126522787318,1.5454922105153257
1106,35,2484.233863924373,55533,2259.126522787318,1.5454922105153257
1106,30,2502.320890385101,47821,2259.126522787318,1.5454922105153257
1106,25,2555.540990272244,40101,2259.126522787318,1.5454922105153257
1106,20,2661.599426675985,32380,2259.126522787318,1.5454922105153257
1106,15,2773.391401335679,24660,2259.126522787318,1.5454922105153257
1106,10,3056.401604261015,16948,2259.126522787318,1.5454922105153257
1106,5,3491.462443536374,9228,2259.126522787318,1.5454922105153257
1107,80,2324.626051071932,125000,2324.626051071932,1.522256474631969
1107,75,2333.7428902635597,117279,2324.626051071932,1.522256474631969
1107,70,2347.24239930772,109567,2324.626051071932,1.522256474631969
1107,65,2371.8704588348983,101847,2324.626051071932,1.522256474631969
1107,60,2381.2125279693328,94126,2324.626051071932,1.522256474631969
1107,55,2387.063146273291,86406,2324.626051071932,1.522256474631969
1107,50,2406.764311601201,78694,2324.626051071932,1.522256474631969
1107,45,2424.227780968969,70974,2324.626051071932,1.522256474631969
1107,40,2457.0959819332547,63253,2324.626051071932,1.522256474631969
1107,35,2562.938580155208,55533,2324.626051071932,1.522256474631969
1107,30,2577.982818283411,47821,2324.626051071932,1.522256474631969
1107,25,2625.5152176146157,40101,2324.626051071932,1.522256474631969
1107,20,2720.998152384858,32380,2324.626051071932,1.522256474631969
1107,15,2817.6890962795896,24660,2324.626051071932,1.522256474631969
1107,10,3097.7449400910737,16948,2324.626051071932,1.522256474631969
1107,5,3538.677057342394,9228,2324.626051071932,1.522256474631969
1108,80,2354.305420877416,125000,2354.305420877416,1.5199404102187923
1108,75,2372.493911731668,117279,2354.305420877416,1.5199404102187923
1108,70,2387.7549774044764,109567,2354.305420877416,1.5199404102187923
1108,65,2411.4980017557896,101847,2354.305420877416,1.5199404102187923
1108,60,2418.651274440372,94126,2354.305420877416,1.5199404102187923
1108,55,2423.6988623921634,86406,2354.305420877416,1.5199404102187923
1108,50,2446.415428901877,78694,2354.305420877416,1.5199404102187923
1108,45,2463.549690536173,70974,2354.305420877416,1.5199404102187923
1108,40,2487.763604527597,63253,2354.305420877416,1.5199404102187923
1108,35,2607.582190635455,55533,2354.305420877416,1.5199404102187923
1108,30,2622.954133834974,47821,2354.305420877416,1.5199404102187923
1108,25,2663.6334270823527,40101,2354.305420877416,1.5199404102187923
1108,20,2742.664846917453,32380,2354.305420877416,1.5199404102187923
1108,15,2828.811359051216,24660,2354.305420877416,1.5199404102187923
1108,10,3119.571874071851,16948,2354.305420877416,1.5199404102187923
1108,5,3578.4039471887463,9228,2354.305420877416,1.5199404102187923
1109,80,2384.5395552268265,125000,2384.5395552268265,1.515535787838505
1109,75,2400.8045683805226,117279,2384.5395552268265,1.515535787838505
1109,70,2422.807685085238,109567,2384.5395552268265,1.515535787838505
1109,65,2455.1564106899223,101847,2384.5395552268265,1.515535787838505
1109,60,2467.793496781684,94126,2384.5395552268265,1.515535787838505
1109,55,2478.6128240164508,86406,2384.5395552268265,1.515535787838505
1109,50,2507.282737156498,78694,2384.5395552268265,1.515535787838505
1109,45,2529.4148024412543,70974,2384.5395552268265,1.515535787838505
1109,40,2551.5411828962247,63253,2384.5395552268265,1.515535787838505
1109,35,2651.441665831293,55533,2384.5395552268265,1.515535787838505
1109,30,2684.686118807949,47821,2384.5395552268265,1.515535787838505
1109,25,2707.6556640873705,40101,2384.5395552268265,1.515535787838505
1109,20,2758.7156045332263,32380,2384.5395552268265,1.515535787838505
1109,15,2842.2986334414627,24660,2384.5395552268265,1.515535787838505
1109,10,3109.388452845845,16948,2384.5395552268265,1.515535787838505
1109,5,3613.855033462767,9228,2384.5395552268265,1.515535787838505
1110,80,2265.823177000367,125000,2265.823177000367,1.6553846963542658
1110,75,2314.576428528432,117279,2265.823177000367,1.6553846963542658
1110,70,2329.3443978072187,109567,2265.823177000367,1.6553846963542658
1110,65,2377.6766346883805,101847,2265.823177000367,1.6553846963542658
1110,60,2396.146441130879,94126,2265.823177000367,1.6553846963542658
1110,55,2409.265150042828,86406,2265.823177000367,1.6553846963542658
1110,50,2441.4375358444,78694,2265.823177000367,1.6553846963542658
1110,45,2447.4424434537464,70974,2265.823177000367,1.6553846963542658
1110,40,2462.6185101336764,63253,2265.823177000367,1.6553846963542658
1110,35,2594.267040761129,55533,2265.823177000367,1.6553846963542658
1110,30,2611.9720359535004,47821,2265.823177000367,1.6553846963542658
1110,25,2628.613786630945,40101,2265.823177000367,1.6553846963542658
1110,20,2694.975618083286,32380,2265.823177000367,1.6553846963542658
1110,15,2758.6066628774483,24660,2265.823177000367,1.6553846963542658
1110,10,3016.8858753185364,16948,2265.823177000367,1.6553846963542658
1110,5,3750.8090118512105,9228,2265.823177000367,1.6553846963542658
1111,80,2222.7632406398293,125000,2222.7632406398293,1.6505389993563804
1111,75,2288.955936711888,117279,2222.7632406398293,1.6505389993563804
1111,70,2316.333114636881,109567,2222.7632406398293,1.6505389993563804
1111,65,2365.832606458307,101847,2222.7632406398293,1.6505389993563804
1111,60,2390.329731211288,94126,2222.7632406398293,1.6505389993563804
1111,55,2413.062218266562,86406,2222.7632406398293,1.6505389993563804
1111,50,2438.844345093029,78694,2222.7632406398293,1.6505389993563804
1111,45,2462.6670806699813,70974,2222.7632406398293,1.6505389993563804
1111,40,2520.925007225331,63253,2222.7632406398293,1.6505389993563804
1111,35,2670.210434239908,55533,2222.7632406398293,1.6505389993563804
1111,30,2720.4028798104523,47821,2222.7632406398293,1.6505389993563804
1111,25,2798.3189640457445,40101,2222.7632406398293,1.6505389993563804
1111,20,2862.029028494041,32380,2222.7632406398293,1.6505389993563804
1111,15,2894.746200733221,24660,2222.7632406398293,1.6505389993563804
1111,10,3155.260307393776,16948,2222.7632406398293,1.6505389993563804
1111,5,3668.757415011809,9228,2222.7632406398293,1.6505389993563804
1112,80,2254.3329284836386,125000,2254.3329284836386,1.614790745641616
1112,75,2296.747958506681,117279,2254.3329284836386,1.614790745641616
1112,70,2318.0290862211514,109567,2254.3329284836386,1.614790745641616
1112,65,2336.9039301352755,101847,2254.3329284836386,1.614790745641616
1112,60,2352.903012279744,94126,2254.3329284836386,1.614790745641616
1112,55,2363.738409537033,86406,2254.3329284836386,1.614790745641616
1112,50,2392.0233729419406,78694,2254.3329284836386,1.614790745641616
1112,45,2399.1303939077434,70974,2254.3329284836386,1.614790745641616
1112,40,2421.438527490277,63253,2254.3329284836386,1.614790745641616
1112,35,2555.5618394740177,55533,2254.3329284836386,1.614790745641616
1112,30,2587.2140170142948,47821,2254.3329284836386,1.614790745641616
1112,25,2671.7279145929706,40101,2254.3329284836386,1.614790745641616
1112,20,2765.729135443826,32380,2254.3329284836386,1.614790745641616
1112,15,2775.341224813953,24660,2254.3329284836386,1.614790745641616
1112,10,2994.489900995616,16948,2254.3329284836386,1.614790745641616
1112,5,3640.2759505105423,9228,2254.3329284836386,1.614790745641616
1113,80,2282.9542839480937,125000,2282.9542839480937,1.5511965707670257
1113,75,2329.0505457128047,117279,2282.9542839480937,1.5511965707670257
1113,70,2333.1720352107395,109567,2282.9542839480937,1.5511965707670257
1113,65,2343.749829459907,101847,2282.9542839480937,1.5511965707670257
1113,60,2355.48426737054,94126,2282.9542839480937,1.5511965707670257
1113,55,2384.56213172994,86406,2282.9542839480937,1.5511965707670257
1113,50,2399.6561597617565,78694,2282.9542839480937,1.5511965707670257
1113,45,2413.636589025782,70974,2282.9542839480937,1.5511965707670257
1113,40,2448.162899053268,63253,2282.9542839480937,1.5511965707670257
1113,35,2515.3770787318176,55533,2282.9542839480937,1.5511965707670257
1113,30,2544.829986726301,47821,2282.9542839480937,1.5511965707670257
1113,25,2623.8514687596567,40101,2282.9542839480937,1.5511965707670257
1113,20,2714.759638716077,32380,2282.9542839480937,1.5511965707670257
1113,15,2739.066462151174,24660,2282.9542839480937,1.5511965707670257
1113,10,3009.4477770538906,16948,2282.9542839480937,1.5511965707670257
1113,5,3541.3108564781733,9228,2282.9542839480937,1.5511965707670257
1114,80,2266.175544643233,125000,2266.175544643233,1.475113467149731
1114,75,2279.9899970793226,117279,2266.175544643233,1.475113467149731
1114,70,2299.988435433046,109567,2266.175544643233,1.475113467149731
1114,65,2316.44787953661,101847,2266.175544643233,1.475113467149731
1114,60,2349.007700692199,94126,2266.175544643233,1.475113467149731
1114,55,2364.772099048483,86406,2266.175544643233,1.475113467149731
1114,50,2376.5746354214984,78694,2266.175544643233,1.475113467149731
1114,45,2382.810598131831,70974,2266.175544643233,1.475113467149731
1114,40,2407.170585449784,63253,2266.175544643233,1.475113467149731
1114,35,2449.6200907345374,55533,2266.175544643233,1.475113467149731
1114,30,2556.5150021511704,47821,2266.175544643233,1.475113467149731
1114,25,2615.141886867314,40101,2266.175544643233,1.475113467149731
1114,20,2661.5887536234445,32380,2266.175544643233,1.475113467149731
1114,15,2700.162039210383,24660,2266.175544643233,1.475113467149731
1114,10,2960.564706023509,16948,2266.175544643233,1.475113467149731
1114,5,3342.8660648286086,9228,2266.175544643233,1.475113467149731
1115,80,2177.661603187316,125000,2177.661603187316,1.4278747234455018
1115,75,2215.922799077407,117279,2177.661603187316,1.4278747234455018
1115,70,2225.329824836918,109567,2177.661603187316,1.4278747234455018
1115,65,2237.149121146821,101847,2177.661603187316,1.4278747234455018
1115,60,2247.1885992915863,94126,2177.661603187316,1.4278747234455018
1115,55,2257.577905292276,86406,2177.661603187316,1.4278747234455018
1115,50,2258.6964857476373,78694,2177.661603187316,1.4278747234455018
1115,45,2278.7446065145555,70974,2177.661603187316,1.4278747234455018
1115,40,2298.394642863333,63253,2177.661603187316,1.4278747234455018
1115,35,2321.6601864887884,55533,2177.661603187316,1.4278747234455018
1115,30,2419.731966001363,47821,2177.661603187316,1.4278747234455018
1115,25,2465.5328886424822,40101,2177.661603187316,1.4278747234455018
1115,20,2522.102654055395,32380,2177.661603187316,1.4278747234455018
1115,15,2602.9545669336053,24660,2177.661603187316,1.4278747234455018
1115,10,2645.29093325033,16948,2177.661603187316,1.4278747234455018
1115,5,3109.4279594089767,9228,2177.661603187316,1.4278747234455018
1116,80,2298.291925122873,125000,2298.291925122873,1.4877445936237683
1116,75,2321.013574114516,117279,2298.291925122873,1.4877445936237683
1116,70,2330.7802886214704,109567,2298.291925122873,1.4877445936237683
1116,65,2336.88609263867,101847,2298.291925122873,1.4877445936237683
1116,60,2369.4983759674305,94126,2298.291925122873,1.4877445936237683
1116,55,2384.099960643554,86406,2298.291925122873,1.4877445936237683
1116,50,2402.2396970860136,78694,2298.291925122873,1.4877445936237683
1116,45,2416.3060032270814,70974,2298.291925122873,1.4877445936237683
1116,40,2468.8991258793026,63253,2298.291925122873,1.4877445936237683
1116,35,2478.325427229467,55533,2298.291925122873,1.4877445936237683
1116,30,2576.5048767033727,47821,2298.291925122873,1.4877445936237683
1116,25,2597.091140854858,40101,2298.291925122873,1.4877445936237683
1116,20,2649.174166926776,32380,2298.291925122873,1.4877445936237683
1116,15,2720.9017351847915,24660,2298.291925122873,1.4877445936237683
1116,10,2821.8108088387166,16948,2298.291925122873,1.4877445936237683
1116,5,3419.271386170717,9228,2298.291925122873,1.4877445936237683
1117,80,2277.0490352296933,125000,2277.0490352296933,1.5428006516696575
1117,75,2304.5167599982688,117279,2277.0490352296933,1.5428006516696575
1117,70,2316.383727948476,109567,2277.0490352296933,1.5428006516696575
1117,65,2322.228526740388,101847,2277.0490352296933,1.5428006516696575
1117,60,2371.348850018737,94126,2277.0490352296933,1.5428006516696575
1117,55,2387.787242109484,86406,2277.0490352296933,1.5428006516696575
1117,50,2408.3081595673634,78694,2277.0490352296933,1.5428006516696575
1117,45,2416.121368631529,70974,2277.0490352296933,1.5428006516696575
1117,40,2487.071973796394,63253,2277.0490352296933,1.5428006516696575
1117,35,2494.603870468484,55533,2277.0490352296933,1.5428006516696575
1117,30,2593.5474285199266,47821,2277.0490352296933,1.5428006516696575
1117,25,2626.286731306011,40101,2277.0490352296933,1.5428006516696575
1117,20,2684.578403571422,32380,2277.0490352296933,1.5428006516696575
1117,15,2750.703788428367,24660,2277.0490352296933,1.5428006516696575
1117,10,2896.6088637194875,16948,2277.0490352296933,1.5428006516696575
1117,5,3513.032735436136,9228,2277.0490352296933,1.5428006516696575
1118,80,2313.241357563684,125000,2313.241357563684,1.5319218586308638
1118,75,2335.1622878516696,117279,2313.241357563684,1.5319218586308638
1118,70,2344.065475432444,109567,2313.241357563684,1.5319218586308638
1118,65,2357.6077704997606,101847,2313.241357563684,1.5319218586308638
1118,60,2418.066135997484,94126,2313.241357563684,1.5319218586308638
1118,55,2437.5758203437385,86406,2313.241357563684,1.5319218586308638
1118,50,2462.899818305027,78694,2313.241357563684,1.5319218586308638
1118,45,2472.558602816332,70974,2313.241357563684,1.5319218586308638
1118,40,2535.410190726903,63253,2313.241357563684,1.5319218586308638
1118,35,2544.976448790289,55533,2313.241357563684,1.5319218586308638
1118,30,2632.6528572452607,47821,2313.241357563684,1.5319218586308638
1118,25,2673.6440850037216,40101,2313.241357563684,1.5319218586308638
1118,20,2722.905154509996,32380,2313.241357563684,1.5319218586308638
1118,15,2792.3862808292524,24660,2313.241357563684,1.5319218586308638
1118,10,2946.68684788925,16948,2313.241357563684,1.5319218586308638
1118,5,3543.704999940742,9228,2313.241357563684,1.5319218586308638
1119,80,2353.796548988445,125000,2353.796548988445,1.524923174313898
1119,75,2364.7937226425743,117279,2353.796548988445,1.524923174313898
1119,70,2369.893908910206,109567,2353.796548988445,1.524923174313898
1119,65,2391.0329250120503,101847,2353.796548988445,1.524923174313898
1119,60,2452.4368468155253,94126,2353.796548988445,1.524923174313898
1119,55,2474.6944860408807,86406,2353.796548988445,1.524923174313898
1119,50,2501.484592472555,78694,2353.796548988445,1.524923174313898
1119,45,2515.991531912856,70974,2353.796548988445,1.524923174313898
1119,40,2561.62957179805,63253,2353.796548988445,1.524923174313898
1119,35,2569.8909983716626,55533,2353.796548988445,1.524923174313898
1119,30,2630.4525132849963,47821,2353.796548988445,1.524923174313898
1119,25,2667.3772353207974,40101,2353.796548988445,1.524923174313898
1119,20,2721.2695371479203,32380,2353.796548988445,1.524923174313898
1119,15,2803.268676598805,24660,2353.796548988445,1.524923174313898
1119,10,2992.3245960317045,16948,2353.796548988445,1.524923174313898
1119,5,3589.358905172559,9228,2353.796548988445,1.524923174313898
1120,80,2323.407493889299,125000,2323.407493889299,1.5516912877123683
1120,75,2334.318645030929,117279,2323.407493889299,1.5516912877123683
1120,70,2345.208347348543,109567,2323.407493889299,1.5516912877123683
1120,65,2371.488488080852,101847,2323.407493889299,1.5516912877123683
1120,60,2414.055413428356,94126,2323.407493889299,1.5516912877123683
1120,55,2441.57264704728,86406,2323.407493889299,1.5516912877123683
1120,50,2475.2003524709,78694,2323.407493889299,1.5516912877123683
1120,45,2490.432830598945,70974,2323.407493889299,1.5516912877123683
1120,40,2528.222371599977,63253,2323.407493889299,1.5516912877123683
1120,35,2539.1404355178333,55533,2323.407493889299,1.5516912877123683
1120,30,2597.662365569663,47821,2323.407493889299,1.5516912877123683
1120,25,2639.3373684110343,40101,2323.407493889299,1.5516912877123683
1120,20,2706.303270961987,32380,2323.407493889299,1.5516912877123683
1120,15,2797.4504102880087,24660,2323.407493889299,1.5516912877123683
1120,10,3034.6189533706056,16948,2323.407493889299,1.5516912877123683
1120,5,3605.2111660736537,9228,2323.407493889299,1.5516912877123683
1121,80,2290.3169924770687,125000,2290.3169924770687,1.5885372913641107
1121,75,2311.5021930078137,117279,2290.3169924770687,1.5885372913641107
1121,70,2331.2104119521573,109567,2290.3169924770687,1.5885372913641107
1121,65,2353.343921291202,101847,2290.3169924770687,1.5885372913641107
1121,60,2381.5050584610804,94126,2290.3169924770687,1.5885372913641107
1121,55,2399.8896441075826,86406,2290.3169924770687,1.5885372913641107
1121,50,2440.4558182293144,78694,2290.3169924770687,1.5885372913641107
1121,45,2450.573453112411,70974,2290.3169924770687,1.5885372913641107
1121,40,2481.6434948381334,63253,2290.3169924770687,1.5885372913641107
1121,35,2494.81944091121,55533,2290.3169924770687,1.5885372913641107
1121,30,2570.337833964896,47821,2290.3169924770687,1.5885372913641107
1121,25,2620.2785794181264,40101,2290.3169924770687,1.5885372913641107
1121,20,2701.8755382703166,32380,2290.3169924770687,1.5885372913641107
1121,15,2826.450000548243,24660,2290.3169924770687,1.5885372913641107
1121,10,3095.2341821353034,16948,2290.3169924770687,1.5885372913641107
1121,5,3638.253951594719,9228,2290.3169924770687,1.5885372913641107
1122,80,2284.42850280382,125000,2284.42850280382,1.5914554594597037
1122,75,2307.8573792494262,117279,2284.42850280382,1.5914554594597037
1122,70,2327.344924211716,109567,2284.42850280382,1.5914554594597037
1122,65,2348.936737709737,101847,2284.42850280382,1.5914554594597037
1122,60,2383.6740754539696,94126,2284.42850280382,1.5914554594597037
1122,55,2395.8003338904923,86406,2284.42850280382,1.5914554594597037
1122,50,2438.4211897654163,78694,2284.42850280382,1.5914554594597037
1122,45,2450.100353874681,70974,2284.42850280382,1.5914554594597037
1122,40,2478.469692629574,63253,2284.42850280382,1.5914554594597037
1122,35,2488.966105830703,55533,2284.42850280382,1.5914554594597037
1122,30,2561.848059427217,47821,2284.42850280382,1.5914554594597037
1122,25,2602.891105753717,40101,2284.42850280382,1.5914554594597037
1122,20,2688.187049920911,32380,2284.42850280382,1.5914554594597037
1122,15,2838.036543054318,24660,2284.42850280382,1.5914554594597037
1122,10,3107.0638484641786,16948,2284.42850280382,1.5914554594597037
1122,5,3635.566212532496,9228,2284.42850280382,1.5914554594597037
1123,80,2269.184199083179,125000,2269.184199083179,1.5989142996748826
1123,75,2289.0025085577654,117279,2269.184199083179,1.5989142996748826
1123,70,2313.1990857856704,109567,2269.184199083179,1.5989142996748826
1123,65,2328.9556505341043,101847,2269.184199083179,1.5989142996748826
1123,60,2375.818845715566,94126,2269.184199083179,1.5989142996748826
1123,55,2391.042811404755,86406,2269.184199083179,1.5989142996748826
1123,50,2440.269732387128,78694,2269.184199083179,1.5989142996748826
1123,45,2454.834786020951,70974,2269.184199083179,1.5989142996748826
1123,40,2485.9845803266103,63253,2269.184199083179,1.5989142996748826
1123,35,2495.4391250242456,55533,2269.184199083179,1.5989142996748826
1123,30,2567.16263774066,47821,2269.184199083179,1.5989142996748826
1123,25,2598.964322120481,40101,2269.184199083179,1.5989142996748826
1123,20,2683.2396515220184,32380,2269.184199083179,1.5989142996748826
1123,15,2831.2199382213093,24660,2269.184199083179,1.5989142996748826
1123,10,3087.902740779656,16948,2269.184199083179,1.5989142996748826
1123,5,3628.231064510391,9228,2269.184199083179,1.5989142996748826
